20230703,100000,524,529,521.5,522.5,179833,0
20230703,110000,522.5,525,522,523.1,92281,0
20230703,120000,523.2,527.4,523.1,526.1,67150,0
20230703,130000,526,526.3,524.8,525.9,33872,0
20230703,140000,525.9,527.9,525.8,526.7,45484,0
20230703,150000,527,528.9,526.9,528.5,56207,0
20230703,160000,528.4,536,527.9,533.3,211443,0
20230703,170000,533.3,534.5,530.1,532.7,116918,0
20230703,180000,532.6,534.6,531.8,533.8,54312,0
20230703,190000,534.8,534.8,532,533,45613,0
20230703,200000,533,534,533,533.4,25139,0
20230703,210000,533.4,534.7,533.4,534.6,34038,0
20230703,220000,534.5,551.4,534.5,547.4,1096690,0
20230703,230000,547.5,554.5,545.2,552.6,556256,0
20230704,100000,552.4,552.6,542.2,546.3,639617,0
20230704,110000,546,546.7,541,543.6,185875,0
20230704,120000,543.4,544.7,542,543,86888,0
20230704,130000,543,545.7,542,543.7,82667,0
20230704,140000,543.6,549.5,543.5,547.1,116390,0
20230704,150000,547.1,553.7,545.5,548.9,242613,0
20230704,160000,548.9,549.4,545.9,547.5,48082,0
20230704,170000,547.4,547.7,541.4,545.9,167739,0
20230704,180000,545.9,548.9,545,548.5,72582,0
20230704,190000,548.3,548.3,544.2,545.4,42483,0
20230704,200000,545.4,546.2,542.8,542.8,62123,0
20230704,210000,543,543.6,539,540.5,182677,0
20230704,220000,540.6,546.6,540.1,541.4,104357,0
20230704,230000,541.4,544,540,542,126661,0
20230705,100000,542,548.5,540.3,541.5,263663,0
20230705,110000,541.5,546,541.4,544.9,74979,0
20230705,120000,544.8,547.7,544.6,546.1,100860,0
20230705,130000,545.8,550,545,545.1,113179,0
20230705,140000,545.1,547.9,545,546.5,49887,0
20230705,150000,546.5,547.7,545.5,547.4,58150,0
20230705,160000,547.4,549.2,545.2,546.7,97905,0
20230705,170000,546.6,546.8,545.2,546,27922,0
20230705,180000,546.3,546.6,542.4,543.8,72964,0
20230705,190000,542.2,546.1,542.2,545.4,40171,0
20230705,200000,545.4,545.4,543.3,544.5,13290,0
20230705,210000,544.5,545.4,544.3,545.2,11209,0
20230705,220000,545.1,546.7,544.8,546,24686,0
20230705,230000,545.7,546.4,543.9,544.2,35815,0
20230706,100000,547.5,551.5,545.6,547.2,217821,0
20230706,110000,547.3,554.8,546,552.5,313012,0
20230706,120000,552.5,552.8,548.5,549.6,132684,0
20230706,130000,549.5,551,545.2,547.5,163524,0
20230706,140000,547.2,548.7,546.1,546.9,72461,0
20230706,150000,546.9,548.5,544,544.2,148596,0
20230706,160000,544.2,547.6,541.1,544,131612,0
20230706,170000,544,545.9,542.7,544.4,59066,0
20230706,180000,544.4,545.9,544.4,544.9,18696,0
20230706,190000,544.9,548,544,545.8,28796,0
20230706,200000,545.9,545.9,544.6,545.2,18428,0
20230706,210000,545.2,547.1,544.9,546.1,20900,0
20230706,220000,546.1,547.4,545.1,547,24989,0
20230706,230000,546.6,547.2,546,547.2,20956,0
20230707,100000,546.9,549.5,544.5,548.7,111991,0
20230707,110000,548.8,549,546.7,548.4,47721,0
20230707,120000,548.5,550,547.5,549.4,60068,0
20230707,130000,549.5,552.9,549.2,549.2,185534,0
20230707,140000,549.7,551.5,549.2,550.2,50959,0
20230707,150000,550.2,550.9,549.2,550.6,47381,0
20230707,160000,550.6,551.9,550.5,551,78285,0
20230707,170000,551,551.6,549.7,551.1,40571,0
20230707,180000,551.1,551.5,550.1,550.2,25929,0
20230707,190000,551.5,551.5,549.8,550.6,14875,0
20230707,200000,550.7,559,549.5,558.8,439982,0
20230707,210000,558.4,559.2,555,558,240674,0
20230707,220000,557.4,559.3,556.5,557.7,199550,0
20230707,230000,557.9,558.8,556.7,558.1,118504,0
20230710,100000,566.1,577.4,564.3,571.5,1063012,0
20230710,110000,571.7,574,568.9,571,283727,0
20230710,120000,570.9,577.9,569,572.4,500858,0
20230710,130000,572.4,579.9,572.3,577.4,501327,0
20230710,140000,577.4,579,574,576.6,204913,0
20230710,150000,576.8,577.4,572.1,575.1,141079,0
20230710,160000,574.8,576.8,574.1,575.4,107046,0
20230710,170000,575.4,576.4,574.6,576.1,84422,0
20230710,180000,576,576.6,573.7,574.8,81835,0
20230710,190000,573.3,575.4,564.1,571.1,472810,0
20230710,200000,571.1,573.9,570.2,571.5,105512,0
20230710,210000,571.5,578,571,577.4,133494,0
20230710,220000,577.2,578.3,575.4,577,108086,0
20230710,230000,577,578,575.2,576.5,67938,0
20230711,100000,580,586.2,577.1,583.5,829502,0
20230711,110000,583.3,583.9,577.2,582.5,269016,0
20230711,120000,582.3,584,580.1,581.9,134931,0
20230711,130000,581.9,584.7,581.9,582.9,104299,0
20230711,140000,582.8,583,579.1,580.4,139939,0
20230711,150000,580.3,581.1,579.5,580.9,44584,0
20230711,160000,580.9,581,576,578.8,189485,0
20230711,170000,578.9,578.9,573.2,578.1,162433,0
20230711,180000,578.1,578.3,576.7,578.2,40834,0
20230711,190000,578,581.1,576.1,579.5,71965,0
20230711,200000,579.9,581,579.5,580.4,38132,0
20230711,210000,580.3,580.6,580,580.5,22655,0
20230711,220000,580.5,581.3,580,581,79796,0
20230711,230000,581,583.5,580.8,581.2,98367,0
20230712,100000,583.5,583.5,576.9,581.5,220125,0
20230712,110000,581.7,582,578.6,580.3,90181,0
20230712,120000,580.4,580.8,579.1,580,34390,0
20230712,130000,580,580.2,579.1,579.9,37074,0
20230712,140000,579.9,581.2,579.7,580.7,59477,0
20230712,150000,580.5,583,580.5,582.4,84918,0
20230712,160000,582.3,583.3,581.5,582,69439,0
20230712,170000,581.9,583,581.1,582.8,72806,0
20230712,180000,582.5,584,581.4,582.3,62085,0
20230712,190000,583.2,584.9,581.1,581.5,75323,0
20230712,200000,581.6,582,571.3,580.8,267392,0
20230712,210000,580.7,583.5,580,580.8,49448,0
20230712,220000,580.8,582.6,580,581.9,66379,0
20230712,230000,581.9,582.8,580.5,580.8,45049,0
20230713,100000,583.4,583.9,575.4,579.2,246629,0
20230713,110000,578.9,579.4,574,578.7,181575,0
20230713,120000,579,579,573,575.4,178416,0
20230713,130000,575.6,575.8,570.4,574.6,173258,0
20230713,140000,574.8,576,572,573.9,74422,0
20230713,150000,574.1,575.9,572.8,574.9,60238,0
20230713,160000,574.9,576.6,574,575.8,69718,0
20230713,170000,576,577.5,575.4,575.7,28582,0
20230713,180000,575.8,576.2,574.3,574.5,31753,0
20230713,190000,575,576,574,575.2,16559,0
20230713,200000,575.2,577,574.6,576.8,29527,0
20230713,210000,576.8,576.9,573.3,575.1,30559,0
20230713,220000,575,576.3,574.5,575.7,17642,0
20230713,230000,575.7,576.1,574.6,575.9,28106,0
20230714,100000,575.9,576.3,565,569.2,443967,0
20230714,110000,569.1,572.7,568.7,571,116021,0
20230714,120000,571,571.4,569.1,570.5,118186,0
20230714,130000,570.5,573.9,570.4,572.7,81980,0
20230714,140000,572.8,574,572.7,573,29382,0
20230714,150000,573,573.3,571.4,572.4,45721,0
20230714,160000,572.3,573.5,571,573.3,81807,0
20230714,170000,573.4,573.4,572.5,573.3,42269,0
20230714,180000,573.1,574,572.2,573.4,62422,0
20230714,190000,573,576.5,573,575.3,74603,0
20230714,200000,575.2,575.2,573.4,573.9,13864,0
20230714,210000,573.9,575.6,573.2,575.6,33320,0
20230714,220000,575.6,575.6,574.2,574.5,43281,0
20230714,230000,574.9,575.2,572.8,573.1,71836,0
20230717,100000,569.4,583,568,578.6,418339,0
20230717,110000,578.7,581,577.8,580.3,146394,0
20230717,120000,580.3,580.9,578.6,579.5,90800,0
20230717,130000,579.5,580.2,574.1,576.8,241870,0
20230717,140000,576.8,579.7,576.8,578.8,60506,0
20230717,150000,578.8,581,577.2,579,98726,0
20230717,160000,579,579.5,574.6,577.1,140030,0
20230717,170000,577,577.9,576,577.6,40275,0
20230717,180000,577.6,578.4,577.2,578.4,25660,0
20230717,190000,578.4,579.9,577.5,579.7,27016,0
20230717,200000,579.7,580,578,579.9,46168,0
20230717,210000,579.9,580.7,578.2,579.1,33881,0
20230717,220000,579,580,578,580,36341,0
20230717,230000,580,580.2,578.2,579.1,30399,0
20230718,100000,579.5,592.5,579.5,591.9,864382,0
20230718,110000,591.8,603,591.2,598.5,1490438,0
20230718,120000,599,602,595.4,599.4,455002,0
20230718,130000,599.4,601.6,598.5,599.6,262400,0
20230718,140000,599.8,601.3,597.7,600.2,206719,0
20230718,150000,600,606.5,600,605.2,551837,0
20230718,160000,605.3,608.7,604,605.1,555890,0
20230718,170000,604.9,608.3,602.6,606.9,271129,0
20230718,180000,606.6,610,606.5,609.2,240099,0
20230718,190000,609.2,609.9,606.1,607.8,137836,0
20230718,200000,607.5,607.9,605.5,607.3,83313,0
20230718,210000,607.3,609.5,607.1,609.5,126716,0
20230718,220000,609.5,609.6,607.8,608.9,109140,0
20230718,230000,608.6,609.1,606.1,608.3,129703,0
20230719,100000,611,623,610,617.2,1370036,0
20230719,110000,617.2,617.2,600.2,609,1105477,0
20230719,120000,609,610.3,598.2,601.2,565308,0
20230719,130000,601.2,604.9,600.7,602.6,198597,0
20230719,140000,602.6,609,601.7,608.4,246407,0
20230719,150000,608.2,609.9,606.2,608.4,166236,0
20230719,160000,608.5,611.5,607.6,611.3,174669,0
20230719,170000,611.3,615,610,611.6,438388,0
20230719,180000,611.8,612.9,608.6,610,176999,0
20230719,190000,610.1,612.5,600.6,608.7,486141,0
20230719,200000,608.7,610,603.6,605,169715,0
20230719,210000,605,607.4,601,603.1,211305,0
20230719,220000,603.2,607.1,602.2,602.6,182066,0
20230719,230000,602.6,604,601.1,603.3,172908,0
20230720,100000,600.4,601.8,587.3,589.5,962362,0
20230720,110000,589.4,589.5,566.2,568.3,1660131,0
20230720,120000,568.4,580.7,559.5,576.6,1832794,0
20230720,130000,576.6,582,572,581,388123,0
20230720,140000,581,587,576.1,582.4,550214,0
20230720,150000,582.3,584.9,578.5,579.2,372517,0
20230720,160000,579.5,585.9,578,580.6,353153,0
20230720,170000,580.7,580.7,566,569,816943,0
20230720,180000,569.1,579.4,559,571.5,1425474,0
20230720,190000,571.8,575.9,562.3,566,415484,0
20230720,200000,565.8,569.6,564.1,566.8,235182,0
20230720,210000,566.8,568.9,565.8,567.1,147319,0
20230720,220000,567,571,566.8,567.2,176535,0
20230720,230000,567.2,575,565.8,566.8,242397,0
20230721,100000,563.6,576,559.7,564.4,449436,0
20230721,110000,564.4,565.9,561.8,562.1,227094,0
20230721,120000,562,566.5,561.8,564.9,132767,0
20230721,130000,564.7,565.2,561.2,563.1,137827,0
20230721,140000,563.1,563.1,548.9,550.4,825053,0
20230721,150000,550.5,553.3,543.3,551.8,496156,0
20230721,160000,552,558.9,549.5,555,203956,0
20230721,170000,555,563.2,554,562.1,204151,0
20230721,180000,562.2,566.3,560.5,561.5,209245,0
20230721,190000,561,565.7,561,564.7,57732,0
20230721,200000,564.2,565.5,559.2,562.9,81467,0
20230721,210000,562.8,565,562,562.6,39858,0
20230721,220000,562.6,568,562.3,567.9,184251,0
20230721,230000,567.9,571,563,563.4,311076,0
20230724,100000,556.8,558.5,541,550.5,588525,0
20230724,110000,550.1,553.5,549.1,552,149765,0
20230724,120000,552,553,550,552.3,141942,0
20230724,130000,552.7,555.9,550.5,553.4,141771,0
20230724,140000,553.5,557.5,545.5,550,495225,0
20230724,150000,550,550.2,546.1,547.9,146682,0
20230724,160000,547.9,549,540.6,540.8,468822,0
20230724,170000,540.9,544.4,537.4,543.5,350321,0
20230724,180000,543.6,547,543.5,545.5,113144,0
20230724,190000,544.2,544.2,540.6,542.9,111410,0
20230724,200000,542.7,543.8,542.2,543.8,61323,0
20230724,210000,543.8,545,540.8,542.3,154265,0
20230724,220000,542,543.2,540,541.3,70394,0
20230724,230000,541.3,542.7,540,541.3,71451,0
20230725,100000,542.3,549.4,541.3,547.9,210022,0
20230725,110000,547.9,549,546,547.9,70258,0
20230725,120000,547.6,548.8,547,548.7,47982,0
20230725,130000,548.7,556.1,548.6,554.9,179245,0
20230725,140000,554.5,555.9,550,555.7,102597,0
20230725,150000,555.7,562.5,555,559.5,193872,0
20230725,160000,559.6,595,559.4,567.6,1211795,0
20230725,170000,567.8,574,560,566.7,325613,0
20230725,180000,566.7,566.7,558.8,558.8,145478,0
20230725,190000,558,563.5,551.3,562.6,182955,0
20230725,200000,562.6,563.8,558.5,560.3,95549,0
20230725,210000,560.3,560.8,558.5,559.5,57545,0
20230725,220000,559.8,560.8,559.5,560,46315,0
20230725,230000,559.9,561.7,556.1,556.4,118703,0
20230919,100000,637.7,637.7,573.1,575.5,2964156,0
20230919,110000,575.2,575.5,563.2,573,859682,0
20230919,120000,573,573.6,553.1,555.6,457454,0
20230919,130000,555.6,568.4,547.2,564.7,601873,0
20230919,140000,565.2,567.9,558,559.6,192819,0
20230919,150000,560,560,545.1,548.4,386426,0
20230919,160000,547.9,553.5,544.2,546.8,286954,0
20230919,170000,546.8,551.2,539.1,540,279302,0
20230919,180000,540,547.4,539.1,544.7,125131,0
20230919,190000,545,546.8,540.6,544.5,55817,0
20230919,200000,544.5,550.9,544.3,546.1,59892,0
20230919,210000,546.2,547.5,540,542,62651,0
20230919,220000,542,542.5,532.8,537.2,91508,0
20230919,230000,537.1,540,533.7,534.1,74374,0
20230920,100000,529,542,504.2,510.8,714694,0
20230920,110000,510.7,514,499.1,513.5,480581,0
20230920,120000,513.4,525.8,511.5,525.1,286979,0
20230920,130000,525.8,530.7,520.1,526.4,202555,0
20230920,140000,526.9,530.6,524.3,528.4,83520,0
20230920,150000,528.8,533.2,525.2,526.8,92342,0
20230920,160000,526.9,531.9,526.8,529,54910,0
20230920,170000,528.5,530.8,524.3,524.8,88653,0
20230920,180000,524.8,525,517.1,521.8,106809,0
20230920,190000,520,523.7,512,519,46345,0
20230920,200000,519.8,523.8,518.1,522.3,21530,0
20230920,210000,522.3,523.7,520,522.9,10196,0
20230920,220000,522.9,523.1,521.2,522,7346,0
20230920,230000,522,527.8,521.5,527.4,24314,0
20230921,100000,521.2,533.8,515,518.1,185129,0
20230921,110000,518.1,520.8,508,514,199216,0
20230921,120000,513.9,517,511,512.9,72989,0
20230921,130000,513,513.1,510.2,511,62796,0
20230921,140000,511,516,510.3,511.9,57041,0
20230921,150000,512.2,514.2,505.5,506.2,182267,0
20230921,160000,506.6,508.8,502,504.2,120086,0
20230921,170000,504.5,505,496.8,498.8,175604,0
20230921,180000,499,499.4,489,492,278044,0
20230921,190000,493,497.1,491,497.1,113964,0
20230921,200000,497.1,498.3,493.6,494.7,53567,0
20230921,210000,494.2,494.9,489.4,490.9,55021,0
20230921,220000,490.7,491.9,486.3,490,58906,0
20230921,230000,490,490.8,482,482.2,70523,0
20230922,100000,482.6,497.8,475.6,488.2,476382,0
20230922,110000,488.2,493,485.2,486.8,151795,0
20230922,120000,486.8,489.2,485.2,489,66988,0
20230922,130000,489.2,491.6,487.9,491.1,60524,0
20230922,140000,491.2,497,491,494.5,92572,0
20230922,150000,494.5,513.3,494.1,505.4,266932,0
20230922,160000,505.3,513.8,503.1,511.4,158681,0
20230922,170000,511.4,523.9,508,522.8,382137,0
20230922,180000,522.8,523.2,514.7,520.6,143218,0
20230922,190000,520,539.5,520,527.6,396743,0
20230922,200000,527.7,532,523.6,531.5,168516,0
20230922,210000,531.4,531.5,525,527.8,66628,0
20230922,220000,528,530,525.5,525.9,65178,0
20230922,230000,526,527.8,524,524.3,43055,0
20230925,100000,535,555.5,526.3,541.1,1182059,0
20230925,110000,541,545.6,536.5,537.5,381594,0
20230925,120000,537.5,543,534.3,535.2,234961,0
20230925,130000,535.1,535.2,526.5,533,183192,0
20230925,140000,533.5,540,531.3,537.5,154591,0
20230925,150000,538.1,550,534.1,542,350213,0
20230925,160000,542.1,551.8,542,547.8,233288,0
20230925,170000,547.8,554.7,546.2,554.7,315644,0
20230925,180000,554.7,554.9,548.1,550.2,149451,0
20230925,190000,551.1,557.8,551.1,553.1,128362,0
20230925,200000,553.1,554,545.1,550.8,109366,0
20230925,210000,550.8,551,545.1,546.2,48841,0
20230925,220000,546.2,549,545.3,548,31479,0
20230925,230000,548,549.8,547.9,548.3,24672,0
20230926,100000,544.8,551.9,531,536.5,412753,0
20230926,110000,536.7,537.9,522.2,522.9,303940,0
20230926,120000,523.1,529.2,522.6,527.9,116081,0
20230926,130000,528.2,533.8,527.1,531.1,74103,0
20230926,140000,531.2,531.9,525.7,526.5,62977,0
20230926,150000,526.7,530,524.1,525.4,64261,0
20230926,160000,525.1,527.5,524.5,526.2,57875,0
20230926,170000,526.2,530.5,525.4,529.4,96733,0
20230926,180000,529.6,533,528.1,529,45629,0
20230926,190000,528,532,528,529.1,28942,0
20230926,200000,529.2,529.9,527.5,529.9,28345,0
20230926,210000,529.9,530.8,529.5,530.8,16074,0
20230926,220000,530.5,530.8,528.1,528.6,14461,0
20230926,230000,528.5,529.7,528,528.4,15011,0
20230927,100000,529.3,531.8,525.1,528.9,87635,0
20230927,110000,528.6,531.5,527.8,530.3,66189,0
20230927,120000,530.3,530.4,529.2,529.5,76272,0
20230927,130000,529.5,530.4,523.8,524.7,97924,0
20230927,140000,524.8,527.6,524,527.1,60287,0
20230927,150000,527.1,527.6,525.3,526.3,31616,0
20230927,160000,526.3,528.2,525.3,526.1,36982,0
20230927,170000,526.8,526.9,522.2,524,77258,0
20230927,180000,523.5,524.7,522.6,523.6,25562,0
20230927,190000,523.6,524.6,516.4,518.1,126486,0
20230927,200000,518.1,521.3,517.8,520.6,38602,0
20230927,210000,520.6,521.2,520,521.1,15755,0
20230927,220000,521.1,521.3,520.2,520.9,13400,0
20230927,230000,520.9,521,519.4,519.8,29924,0
20230928,100000,520,523.4,517,520.3,123443,0
20230928,110000,520,521.2,518,519.2,47069,0
20230928,120000,519.3,519.3,516.6,518.1,54979,0
20230928,130000,518.1,518.9,517,517.3,27721,0
20230928,140000,517.6,520,517.1,517.5,50005,0
20230928,150000,517.2,519.5,517.1,517.3,38586,0
20230928,160000,517.3,519.2,517.2,518.1,25792,0
20230928,170000,518.1,519.4,517.5,519,29928,0
20230928,180000,519.2,519.3,517.8,518,13295,0
20230928,190000,518.2,521.4,517,520.7,35152,0
20230928,200000,520.9,521.4,519.5,520.4,23602,0
20230928,210000,520.8,521.1,519.5,519.6,14997,0
20230928,220000,519.6,520.3,519,520.1,10194,0
20230928,230000,520.2,520.9,519.5,519.5,17532,0
20230929,100000,520.9,524.4,520,521,120986,0
20230929,110000,521,521.6,519.8,520.6,37125,0
20230929,120000,520.8,529,520.6,527.4,114748,0
20230929,130000,527.5,528.9,525,526,78029,0
20230929,140000,526,527.5,522,522.9,76393,0
20230929,150000,522.9,523,520.2,520.8,51506,0
20230929,160000,520.8,526,520.5,523,86625,0
20230929,170000,523,524.4,520.6,521.9,30427,0
20230929,180000,521.6,522.7,520,520,49094,0
20230929,190000,520.3,521.7,517,520.9,27110,0
20230929,200000,520.8,520.9,517.7,517.7,31979,0
20230929,210000,517.8,520,517.4,519.8,13499,0
20230929,220000,519.8,520,517.9,518.7,19388,0
20230929,230000,519.2,519.8,510.5,515.1,58537,0
20231002,100000,516.8,518.7,513.5,516.7,121980,0
20231002,110000,517,524.9,516.7,520.3,102497,0
20231002,120000,520.3,521,518.2,520.8,27282,0
20231002,130000,520.9,522.7,519.3,519.6,112718,0
20231002,140000,519.9,520,517.3,517.8,25844,0
20231002,150000,517.7,519.5,514.1,514.9,193675,0
20231002,160000,514.9,515.5,507.4,509.3,132574,0
20231002,170000,509.1,510.6,507.9,508.6,77102,0
20231002,180000,508.5,508.6,503,503,98359,0
20231002,190000,510.8,513.9,502.8,506.9,56849,0
20231002,200000,506.9,510.9,506.8,509.2,21023,0
20231002,210000,509.2,510.9,509.1,510.4,15636,0
20231002,220000,510.4,511.5,501.2,505.2,74713,0
20231002,230000,505.1,508.3,503.7,503.9,26825,0
20231003,100000,505.9,505.9,496,497.5,280150,0
20231003,110000,497.4,502.4,496.3,500.4,115601,0
20231003,120000,500.5,501.1,498,500.3,59709,0
20231003,130000,500.5,500.8,493.2,495,101251,0
20231003,140000,495.4,497.7,492.4,494.6,102957,0
20231003,150000,494.5,499.6,494.2,499.5,67091,0
20231003,160000,499.5,502.2,498.2,501.4,79391,0
20231003,170000,501.4,502,497.5,500.2,37669,0
20231003,180000,500.2,501,497,498.4,22243,0
20231003,190000,498,499.5,497.7,499.3,10084,0
20231003,200000,499.3,504.4,499,504.1,26634,0
20231003,210000,504,505,502.1,502.4,13620,0
20231003,220000,502.4,504,501.6,502.4,14421,0
20231003,230000,502.3,504.2,500.8,502,11299,0
20231004,100000,501.8,503,497.3,502.3,68076,0
20231004,110000,502.3,502.7,497.5,498.6,67421,0
20231004,120000,499,502,498.7,500.6,28572,0
20231004,130000,501.1,502.5,499.7,501.8,30526,0
20231004,140000,502,502.3,499,500,21359,0
20231004,150000,499.8,500,497.5,498.4,31089,0
20231004,160000,498.5,499.3,495,495,58244,0
20231004,170000,495.1,497.7,495,495.6,26196,0
20231004,180000,495.6,499,495.6,498.6,15512,0
20231004,190000,500,500,498,498.8,8035,0
20231004,200000,498.7,499.4,498.2,499,6366,0
20231004,210000,499,499.3,498.5,499.2,10090,0
20231004,220000,499.2,499.7,498.5,498.9,5043,0
20231004,230000,499,500.3,498.6,500.3,11751,0
20231005,100000,500.8,504.4,496.8,500,69174,0
20231005,110000,500,501.8,497.8,499,36563,0
20231005,120000,499,500,497.6,497.8,40843,0
20231005,130000,497.8,500,497,498.5,49378,0
20231005,140000,498.5,499.1,496.9,497.7,25583,0
20231005,150000,497.9,501.4,497.2,498.1,47043,0
20231005,160000,498.5,498.5,496.5,497.9,32225,0
20231005,170000,497.9,498.7,496,497.2,48560,0
20231005,180000,497.2,498,496.1,497,11198,0
20231005,190000,498.1,499.7,496.4,498.3,13685,0
20231005,200000,498,499.1,497.5,499,11854,0
20231005,210000,499,499.8,497.5,499.8,14475,0
20231005,220000,499.5,499.9,498.1,499.4,7335,0
20231005,230000,499.8,500,498.9,499.9,8259,0
20231006,100000,500.3,501.4,495.5,497.6,82719,0
20231006,110000,497.6,498.2,495.9,496.3,28229,0
20231006,120000,496.3,496.8,495.4,495.8,29081,0
20231006,130000,495.7,498,495.4,497,19504,0
20231006,140000,497.1,501,497,497.9,50830,0
20231006,150000,498.4,498.9,497.3,498.3,13865,0
20231006,160000,498.3,499.6,497.9,498,21793,0
20231006,170000,498.3,499,497.2,499,33204,0
20231006,180000,498.9,499.9,498.2,499.2,21394,0
20231006,190000,497.8,501.8,497.8,500.4,38488,0
20231006,200000,500.7,500.8,498.6,500.6,33020,0
20231006,210000,500.6,502,499,500.6,37622,0
20231006,220000,500.7,501.5,499.3,500.7,12858,0
20231006,230000,500.7,502.4,499,501.5,49262,0
20231009,100000,503.7,519.7,502.8,517.8,574716,0
20231009,110000,517.8,522.4,512.6,520.9,254937,0
20231009,120000,520.9,529,516.7,526.1,320077,0
20231009,130000,526.3,526.4,521.1,523.5,95249,0
20231009,140000,523.4,525.4,521.4,522,91515,0
20231009,150000,522,523.4,521,522.5,40038,0
20231009,160000,522.6,526,522.1,525.1,70016,0
20231009,170000,525.1,526.2,521.4,521.4,66148,0
20231009,180000,521.5,523.2,516.5,520.1,91970,0
20231009,190000,520.1,523.3,519,522,28513,0
20231009,200000,522,524.8,521.8,523.5,16153,0
20231009,210000,523.5,524.7,521.9,524.7,15917,0
20231009,220000,524.7,527.3,522.6,526.6,57372,0
20231009,230000,526.6,527.3,522.8,525.7,36064,0
20231010,100000,525.2,525.2,516.3,520.8,221759,0
20231010,110000,520.8,521.4,515.2,517.5,95608,0
20231010,120000,517.1,520.2,516.6,520.2,44013,0
20231010,130000,520.3,520.3,517.3,517.3,56627,0
20231010,140000,517.3,518.8,515,517.5,78180,0
20231010,150000,517.5,522.5,516.1,522,48434,0
20231010,160000,521.8,523.7,517.3,517.8,59508,0
20231010,170000,518.1,523.8,517.2,520.9,69161,0
20231010,180000,520.9,521.8,519.6,520.2,42374,0
20231010,190000,518.6,523,518.5,523,17939,0
20231010,200000,523,523.6,520.9,520.9,22234,0
20231010,210000,520.9,522,520,520.6,13400,0
20231010,220000,520.6,522.5,520.6,522.3,13842,0
20231010,230000,522.1,522.3,520.7,520.9,11116,0
20231011,100000,522.5,527.8,517.2,526.5,205925,0
20231011,110000,526.4,539,525.2,534.6,492971,0
20231011,120000,534.6,540,534,538.1,251602,0
20231011,130000,538.6,540,532.4,539.3,217242,0
20231011,140000,539.7,545,539.5,540.5,246143,0
20231011,150000,540.5,543,536.1,541.2,137832,0
20231011,160000,541.1,544,538.7,540.6,101240,0
20231011,170000,540.4,544,537,543.7,85617,0
20231011,180000,543.6,544.9,541.5,544.9,72278,0
20231011,190000,544.9,549.7,541.3,543.7,144810,0
20231011,200000,543.7,544.9,536.8,541.2,101320,0
20231011,210000,541.2,541.4,538.5,539.5,36326,0
20231011,220000,539.5,540,522.4,529.7,291798,0
20231011,230000,529.7,533,523.7,525.8,113472,0
20231012,100000,524.2,541.5,520,541.5,460798,0
20231012,110000,541.4,541.6,537.1,537.5,66009,0
20231012,120000,537.2,541.6,537.2,539.2,72553,0
20231012,130000,539.2,539.2,531.6,536.3,142476,0
20231012,140000,536.4,539.4,536.2,537.7,32707,0
20231012,150000,537.7,539,533.3,533.4,42531,0
20231012,160000,533.3,535.4,532,532.5,60643,0
20231012,170000,532.5,538,532.1,536.2,69579,0
20231012,180000,536.4,537,535.8,536.8,24101,0
20231012,190000,537.5,539.5,536.2,536.8,28509,0
20231012,200000,536.8,537.2,534.6,536,17069,0
20231012,210000,535.6,537.1,535.5,536.2,8928,0
20231012,220000,536.2,536.9,535.3,536.7,8659,0
20231012,230000,536.6,537.5,533.5,537.5,37862,0
20231013,100000,537.6,547.8,537.6,540.7,274894,0
20231013,110000,540.8,542.8,538.1,542.2,102942,0
20231013,120000,542.2,542.8,538.2,538.8,47694,0
20231013,130000,539,541.2,538.2,539.5,79227,0
20231013,140000,539.6,542.8,539,542,40081,0
20231013,150000,542,545.4,541.5,545,126378,0
20231013,160000,544.9,546.5,543,546.4,147514,0
20231013,170000,546.4,548.7,543.6,545,128695,0
20231013,180000,545,546.6,543.4,546,36492,0
20231013,190000,544.3,545.9,543.4,544,32155,0
20231013,200000,544.2,545.4,540.1,543.9,78095,0
20231013,210000,543.9,547,543.6,546.7,41788,0
20231013,220000,546.4,548.5,546,548.5,35684,0
20231013,230000,548.5,548.5,545,545.5,55473,0
20231016,100000,549,563.6,546,559.7,547578,0
20231016,110000,559.5,564.8,557.4,563,230692,0
20231016,120000,563.5,563.8,559.1,560.4,140847,0
20231016,130000,560.4,562.9,558.8,559.9,77500,0
20231016,140000,559.8,560.8,549.2,551.2,261255,0
20231016,150000,551.2,556,550.9,555.2,131938,0
20231016,160000,555.2,559.3,554.3,556.8,83180,0
20231016,170000,556.7,557.9,554.3,557.5,37180,0
20231016,180000,557.2,560.6,557,560.5,57083,0
20231016,190000,560.3,561.9,555.7,560.7,49846,0
20231016,200000,560.5,560.8,559,560.2,23963,0
20231016,210000,560.2,561.6,559.1,560.5,25590,0
20231016,220000,560.6,561.8,560.2,560.2,16242,0
20231016,230000,560.4,561,560.1,561,13243,0
20231017,100000,562,563,553.1,558,200678,0
20231017,110000,558,561.7,553.7,560.6,83538,0
20231017,120000,560.3,560.7,556,559.4,51103,0
20231017,130000,559.7,561,558.5,559.4,25881,0
20231017,140000,559.5,560,555.6,557.2,43494,0
20231017,150000,556.9,559,550,557.8,149812,0
20231017,160000,557.7,559,555.8,558.6,36090,0
20231017,170000,558.6,560.9,556,556,74010,0
20231017,180000,556,558.3,554.6,557.6,34992,0
20231017,190000,558.2,559,552.1,557.3,12766,0
20231017,200000,557.3,557.9,556.8,557.4,11921,0
20231017,210000,557.4,557.7,555,555.8,14585,0
20231017,220000,555.8,556.4,555,556.2,13372,0
20231017,230000,556.2,559.3,555.9,557.9,30689,0
20231018,100000,560.8,562,558.1,559,100699,0
20231018,110000,559,560.5,556.2,559.1,63850,0
20231018,120000,559.2,560,557,558.8,59200,0
20231018,130000,558.5,559.9,557.3,558.9,40616,0
20231018,140000,558.9,559.5,556.3,557,28150,0
20231018,150000,557,558,556,556.2,46057,0
20231018,160000,556.1,557.9,550.6,555,127663,0
20231018,170000,554.9,564,553.2,560.2,297236,0
20231018,180000,560.1,562.5,556,559.3,105148,0
20231018,190000,558.7,563,557.6,562,61751,0
20231018,200000,562,562,560.2,560.9,27682,0
20231018,210000,560.8,561.3,558,558.5,41580,0
20231018,220000,558.5,561.4,558,559.8,30674,0
20231018,230000,560,561.6,558.8,560.2,25803,0
20231019,100000,561.8,574.3,560,568.8,620149,0
20231019,110000,568.9,569.9,565.6,567.4,124018,0
20231019,120000,567.4,569,565.7,567.3,74288,0
20231019,130000,567.3,568.7,566.8,567.6,53905,0
20231019,140000,567.6,568,563.6,566.7,96310,0
20231019,150000,566.4,568.8,566,568.7,35848,0
20231019,160000,568.8,569,567,567.2,35216,0
20231019,170000,567.2,567.7,556,562.8,259528,0
20231019,180000,562.5,564.5,561.4,564,39638,0
20231019,190000,563.4,565.3,562.3,564.2,25909,0
20231019,200000,563.8,565,562.1,565,19482,0
20231019,210000,565.1,568,565,567.3,55027,0
20231019,220000,567.3,569.9,567.1,569.1,43649,0
20231019,230000,569.2,572.4,569.2,571.8,121749,0
20231020,100000,572,574,562.2,565.2,283853,0
20231020,110000,565.6,566.3,560.1,564.7,135808,0
20231020,120000,564.6,564.7,560.1,562.4,45439,0
20231020,130000,562.2,562.7,560.1,561.6,51543,0
20231020,140000,560.9,562.6,559.6,559.7,47969,0
20231020,150000,559.7,561.8,557.1,561.7,72464,0
20231020,160000,561.7,563.3,560.1,563.2,30573,0
20231020,170000,563.1,565.4,563,563.9,53209,0
20231020,180000,564,567.1,563.9,565.1,50854,0
20231020,190000,563.4,566.8,561,564.3,37467,0
20231020,200000,564.2,564.5,561.6,562.5,16317,0
20231020,210000,562.5,563.2,561,562.6,15733,0
20231020,220000,562.6,563,561.2,562.1,23610,0
20231020,230000,562.1,562.3,560,560.3,30252,0
20231023,100000,562,563.6,557.5,558.4,121892,0
20231023,110000,558.4,558.5,545.4,549.6,308126,0
20231023,120000,549.5,553.2,548.9,550,95682,0
20231023,130000,550.2,550.9,547.2,550.8,93700,0
20231023,140000,550.8,551,549,549.8,35557,0
20231023,150000,549.9,549.9,546,547.2,70442,0
20231023,160000,547.1,547.4,543,544.4,96474,0
20231023,170000,544.5,550,543.1,548.8,87097,0
20231023,180000,548.9,553.8,548.5,550.9,59822,0
20231023,190000,550.9,551.8,549.1,550.3,17142,0
20231023,200000,550.6,550.6,549.1,550.5,12566,0
20231023,210000,550.6,551.9,549.4,550.6,16201,0
20231023,220000,550.8,551,549.8,550.4,8797,0
20231023,230000,550.4,550.5,548,548.6,20597,0
20231024,100000,547,549.8,538.3,542,259468,0
20231024,110000,542,543,539,542.5,102768,0
20231024,120000,542.5,546.7,542,543.7,66528,0
20231024,130000,543.6,545.9,542.3,542.4,32139,0
20231024,140000,542.3,544,542,543.5,45388,0
20231024,150000,543.5,544.2,542.7,543.1,24459,0
20231024,160000,543.1,543.5,541.1,541.6,27101,0
20231024,170000,541.8,544.2,541,544,33042,0
20231024,180000,544,544,541.5,542.4,24680,0
20231024,190000,542.4,547.5,542,545.8,53919,0
20231024,200000,545.8,546.6,544.7,545.7,22827,0
20231024,210000,545.7,546,544.4,545.2,5994,0
20231024,220000,545.5,546.3,545.3,546.1,5734,0
20231024,230000,546.2,547.4,545.7,545.7,17777,0
20231025,100000,546.2,546.5,541.1,542.3,66107,0
20231025,110000,542.3,544.8,542.2,543.7,21407,0
20231025,120000,543.7,545.2,542.6,543.5,32810,0
20231025,130000,543.4,544.8,542.5,542.8,22553,0
20231025,140000,542.8,553.9,542.3,552.4,200825,0
20231025,150000,552,552.5,548.3,548.7,58062,0
20231025,160000,548.8,552.4,547.5,550.4,43022,0
20231025,170000,550.4,552,548.4,551.9,39132,0
20231025,180000,551.9,553.2,550,553,31793,0
20231025,190000,553,557.6,552.2,555.9,91208,0
20231025,200000,555.9,557,552.5,553.2,43507,0
20231025,210000,553.2,554.3,552.5,553.6,17273,0
20231025,220000,553.6,554,552.8,552.9,13187,0
20231025,230000,552.9,553,549.3,549.5,34078,0
20231026,100000,552.4,558.5,551.3,556.4,155951,0
20231026,110000,556.4,556.5,554,555,64065,0
20231026,120000,555.1,557.2,555,557.2,38133,0
20231026,130000,557,558.5,550.2,551.8,85792,0
20231026,140000,551.4,553.3,547.5,548.8,108689,0
20231026,150000,548.7,549.1,545,545.1,63710,0
20231026,160000,545.5,551.5,545.4,551.2,40379,0
20231026,170000,551.1,551.3,545.8,546.4,43149,0
20231026,180000,546.4,546.7,545,545,25248,0
20231026,190000,545,549,545,545.1,35276,0
20231026,200000,545.7,548.8,545.3,546.5,22731,0
20231026,210000,546.5,546.8,545.4,545.5,4958,0
20231026,220000,545.8,546,545.4,545.7,5740,0
20231026,230000,545.6,545.6,541.1,543,33828,0
20231027,100000,545.2,545.9,541.3,545,52880,0
20231027,110000,545,548.8,543.3,546.9,23534,0
20231027,120000,547,547.3,545.4,545.8,16621,0
20231027,130000,545.6,546,530.8,533.3,267269,0
20231027,140000,533.2,537.5,530.6,536.7,116723,0
20231027,150000,536.2,538.5,535.8,537.5,28594,0
20231027,160000,537.6,544,536.2,543.8,49287,0
20231027,170000,543.8,543.9,541.2,541.7,25726,0
20231027,180000,541.7,541.8,539.5,540.3,15018,0
20231027,190000,543,543,536.8,537.2,27925,0
20231027,200000,537.2,541,537,540.8,17119,0
20231027,210000,540.6,547.1,540.2,546,67951,0
20231027,220000,546.2,550.3,545.9,548.6,68266,0
20231027,230000,548.1,549.5,546.5,547.3,23219,0
20231030,100000,550,557.2,545.1,550.1,170593,0
20231030,110000,550,555,549,553.6,64312,0
20231030,120000,553.5,556,552.3,555.2,44106,0
20231030,130000,555.2,557.7,555.1,556,92936,0
20231030,140000,556,556,552,553.3,74190,0
20231030,150000,553.6,555.9,551.8,555.4,45083,0
20231030,160000,555.2,556.5,550.2,550.2,54980,0
20231030,170000,550.2,553,547.2,547.5,67258,0
20231030,180000,547.5,548.1,546.3,547.4,36181,0
20231030,190000,546.5,550.1,545.6,549.5,17327,0
20231030,200000,549.5,549.7,546.7,548.8,17351,0
20231030,210000,548.3,550.9,548.3,549.3,8826,0
20231030,220000,549.3,549.7,548.3,549,5751,0
20231030,230000,549,549,547.4,547.7,9563,0
20231031,100000,550.9,560.8,550.2,552.4,314327,0
20231031,110000,552.4,554.7,547.7,548.2,139577,0
20231031,120000,548.4,548.6,545,545.4,97605,0
20231031,130000,545.4,545.4,526,534.1,850505,0
20231031,140000,534.1,534.1,524.2,532.9,198394,0
20231031,150000,533,534.3,530.5,533.3,79377,0
20231031,160000,533.4,538.2,530.1,532,90144,0
20231031,170000,531.9,539,530.5,538.9,86892,0
20231031,180000,538.7,542.8,534.6,540,125517,0
20231031,190000,540,540.5,535.6,538.6,29423,0
20231031,200000,538.5,538.9,535.1,537.4,22767,0
20231031,210000,537.5,541.1,535.2,540.7,32626,0
20231031,220000,540.7,544,537.7,539,31639,0
20231031,230000,539.3,540.7,538.2,538.3,21121,0
20231101,100000,538.4,542.4,535.2,535.8,70135,0
20231101,110000,535.8,541.7,535.5,540,45817,0
20231101,120000,539.8,543.8,539.6,542.5,33448,0
20231101,130000,542.6,542.6,539,540.8,40746,0
20231101,140000,540.8,541.2,538.5,539.7,35859,0
20231101,150000,539.7,542.8,539.5,541.6,47843,0
20231101,160000,541.6,542.7,540.9,541.6,24593,0
20231101,170000,541.6,542.7,540.6,542.1,32760,0
20231101,180000,542.1,542.3,540.7,541.2,26134,0
20231101,190000,540.2,545,539.7,542.8,43965,0
20231101,200000,542.6,542.7,541,541.6,18669,0
20231101,210000,541.6,543,541.4,542.1,14565,0
20231101,220000,542.4,544.7,542.2,544.5,13428,0
20231101,230000,544.3,544.3,542.2,543.5,13933,0
20231102,100000,545.1,549.5,544.5,549.2,84952,0
20231102,110000,549.1,549.3,546.9,547.3,30210,0
20231102,120000,547.3,547.8,544.9,545,37213,0
20231102,130000,545,546.9,544,546.7,28297,0
20231102,140000,546.8,546.9,545.4,546.3,9584,0
20231102,150000,546.2,548.7,546,547.2,48386,0
20231102,160000,547.5,547.5,546.1,546.5,19059,0
20231102,170000,546.8,547.4,541.7,541.8,74603,0
20231102,180000,542,544.3,539,539.7,70448,0
20231102,190000,542,542.4,539,542.4,27537,0
20231102,200000,542.4,543.7,540.5,542,16269,0
20231102,210000,542.3,543.8,540.2,540.3,10104,0
20231102,220000,540.7,541.2,539.4,539.8,9518,0
20231102,230000,539.8,540.3,537,537.6,38875,0
20231103,100000,538.8,541.7,536.8,537.3,101291,0
20231103,110000,537.3,537.3,529,532.1,123840,0
20231103,120000,531.8,537.7,531.2,536.6,68564,0
20231103,130000,536.6,538,534.7,534.8,47409,0
20231103,140000,535,538.9,533.1,538.8,39906,0
20231103,150000,538.7,543.6,537.2,542.9,105384,0
20231103,160000,542.9,543.7,537.9,541.5,68443,0
20231103,170000,541.3,543.6,540,542.7,42173,0
20231103,180000,542.7,543.3,540.4,542.6,29955,0
20231103,190000,538.5,542.5,538.2,540.4,11386,0
20231103,200000,540.4,540.8,539.5,540.3,9348,0
20231103,210000,540.3,541.5,539.9,541.5,15711,0
20231103,220000,541.5,541.5,540.2,540.8,7238,0
20231103,230000,540.4,540.9,535.3,539.1,45093,0
20231106,100000,539,548,538.8,547.4,121957,0
20231106,110000,547.4,549.5,546.5,547.3,56087,0
20231106,120000,547.3,548.3,545.4,546.9,32327,0
20231106,130000,547.4,547.7,546.2,547.4,15397,0
20231106,140000,547,548,546.6,547.7,17885,0
20231106,150000,547.7,547.7,545.5,546,14954,0
20231106,160000,545.9,546.4,543,543.2,48340,0
20231106,170000,543.2,544.4,542.9,543.5,18093,0
20231106,180000,543.6,547,543.6,547,16213,0
20231106,190000,547,547.5,545,545.2,15578,0
20231106,200000,545.2,548,545.2,547.5,8638,0
20231106,210000,547.3,547.4,543.5,546.2,9378,0
20231106,220000,546.2,546.2,541.3,543.5,19462,0
20231106,230000,543.5,547,543,544.3,17924,0
20231107,100000,544.5,545.5,541.6,543,31479,0
20231107,110000,542.9,543.8,542.2,542.7,17626,0
20231107,120000,542.9,545.8,542.3,545.1,29890,0
20231107,130000,545.2,546,544.1,546,18472,0
20231107,140000,545.9,546.5,544,544.4,23815,0
20231107,150000,544.8,544.8,542,543.2,33336,0
20231107,160000,543.3,546.2,542.5,545.9,36351,0
20231107,170000,546,547,544,544.8,43836,0
20231107,180000,544.9,545.1,543.1,543.3,20088,0
20231107,190000,543.6,544.1,541,542.9,24552,0
20231107,200000,542.7,547,542.5,544.1,36163,0
20231107,210000,544.2,545.4,544,545.3,7862,0
20231107,220000,545.3,545.3,541,543.2,31324,0
20231107,230000,543.2,544.5,541.7,541.9,10350,0
20231108,100000,542,544.2,541.9,542,43936,0
20231108,110000,542,543.9,541.9,543.1,17925,0
20231108,120000,543.1,543.4,541.6,542.7,30944,0
20231108,130000,542.7,544.6,541.6,542,31916,0
20231108,140000,542.1,542.2,540.2,541.7,35217,0
20231108,150000,541.8,542.5,540,540.5,35975,0
20231108,160000,540.5,542.1,539.3,539.7,30757,0
20231108,170000,539.8,540.3,537,539.8,37349,0
20231108,180000,540,541,539,540.4,20142,0
20231108,190000,540.2,542.4,540,541.5,16836,0
20231108,200000,541.5,542.8,540.4,542.7,15581,0
20231108,210000,542.5,542.6,541.1,542.2,13612,0
20231108,220000,542,542.5,540.4,541.4,19309,0
20231108,230000,540.8,542.5,540.6,542,12463,0
20231109,100000,543.7,545,538.2,540.3,86744,0
20231109,110000,540.3,542,539.7,540.3,31204,0
20231109,120000,540.4,541.3,539,540.3,15869,0
20231109,130000,540.3,543.5,539.1,542.2,21654,0
20231109,140000,542,544,541.6,543,21230,0
20231109,150000,543,543.4,542.3,542.3,14067,0
20231109,160000,542.7,543.4,542,543.4,19185,0
20231109,170000,543.4,544.3,542,544,37174,0
20231109,180000,544.1,544.3,543.3,543.8,23212,0
20231109,190000,542.1,544.8,542.1,543.4,52219,0
20231109,200000,543.3,543.5,540.1,541.2,26061,0
20231109,210000,541.1,541.2,540,541,8310,0
20231109,220000,541.2,541.9,540.6,541.2,4335,0
20231109,230000,541.2,541.6,540,540,14928,0
20231110,100000,540.1,542,539,540.6,51157,0
20231110,110000,540.1,541,540,540.6,18196,0
20231110,120000,540.6,541,540,540.3,19623,0
20231110,130000,540,540.5,539,539.2,26433,0
20231110,140000,539.2,541.5,539,539.3,32236,0
20231110,150000,539.2,539.8,535,537.7,68943,0
20231110,160000,537.7,538.1,537,538.1,30796,0
20231110,170000,538.1,538.8,537,538.3,27991,0
20231110,180000,537.8,538.2,537.4,537.5,10559,0
20231110,190000,537.5,538.7,537,537.5,10868,0
20231110,200000,537.5,538,537.1,538,7086,0
20231110,210000,538,539,537.3,538.9,13629,0
20231110,220000,538.6,538.6,537.1,537.7,6851,0
20231110,230000,537.4,537.7,535.1,535.6,23010,0
20231113,100000,535.7,538.8,530.3,535.5,119293,0
20231113,110000,535.5,535.5,532,534.1,47069,0
20231113,120000,534.5,534.9,532.6,534.2,26876,0
20231113,130000,534.6,534.6,533,533,10258,0
20231113,140000,533,536,532.2,533.3,47560,0
20231113,150000,533.5,536,533.3,535,29398,0
20231113,160000,535,535.4,533.2,534.7,38000,0
20231113,170000,534.7,535.5,534.7,535,15014,0
20231113,180000,535.2,535.4,533.5,534.2,21870,0
20231113,190000,532.4,535.4,532.4,534.3,28284,0
20231113,200000,534.2,536.5,532.1,533.6,52162,0
20231113,210000,533.6,533.6,532.2,532.8,18964,0
20231113,220000,532.8,534.9,532.1,534.5,9205,0
20231113,230000,534.5,534.5,532.8,533.3,4914,0
20231114,100000,532.4,533.2,515,526.3,232901,0
20231114,110000,526.2,526.3,518.4,524.2,166367,0
20231114,120000,524,524,521,523.6,35548,0
20231114,130000,523.6,525.4,520.9,520.9,26411,0
20231114,140000,520.9,523.7,515,520.5,126371,0
20231114,150000,520.5,525.4,518.3,523.2,46986,0
20231114,160000,523.2,525.7,522.5,524.5,38663,0
20231114,170000,524.7,533,524.4,528.2,88795,0
20231114,180000,528.2,534.6,528.2,530.7,38205,0
20231114,190000,528.9,532.6,528.9,531.1,17951,0
20231114,200000,531,531.1,524.5,526.2,16606,0
20231114,210000,526.2,528.5,524.8,528.5,12993,0
20231114,220000,528.3,529,526.3,529,12924,0
20231114,230000,529,529.4,525,527.5,7179,0
20231115,100000,527.8,528.8,521,522.6,47894,0
20231115,110000,522.7,523.9,521.1,522.3,27989,0
20231115,120000,522.8,529.5,522,527.6,45676,0
20231115,130000,527.8,529.4,525.9,527.4,20617,0
20231115,140000,527.5,529,525.1,528.2,33110,0
20231115,150000,528,528.6,527,527.6,12813,0
20231115,160000,527.2,528.9,525,528.5,57603,0
20231115,170000,528.5,532,528.1,531.4,43915,0
20231115,180000,531,531.5,528.5,530,18787,0
20231115,190000,532,532,528.5,528.8,11659,0
20231115,200000,529,530,529,529.4,12620,0
20231115,210000,529.4,529.7,528.9,529.7,10089,0
20231115,220000,529.7,530.4,529.6,530.3,13799,0
20231115,230000,530.3,530.4,527.9,528.5,16743,0
20231116,100000,529.3,536.6,528.6,534,114889,0
20231116,110000,534,536,534,535.1,80455,0
20231116,120000,535,535.3,534,534.2,35174,0
20231116,130000,534.2,535,534,534.1,40336,0
20231116,140000,534.3,534.8,534,534.5,28717,0
20231116,150000,534.4,536.5,534,535.6,58941,0
20231116,160000,535.9,536,535,535.8,21995,0
20231116,170000,535.8,536.5,532.3,533,39144,0
20231116,180000,533.3,536,532.6,535.5,44919,0
20231116,190000,535.5,538,530,533.1,53050,0
20231116,200000,533.3,533.8,530.5,530.8,9785,0
20231116,210000,531,532,529.6,529.9,9258,0
20231116,220000,529.7,529.7,522.7,524.5,34430,0
20231116,230000,524.6,528.3,523.4,526.7,15289,0
20231117,100000,526.2,530.5,523.9,530.4,62988,0
20231117,110000,530.4,536,529.1,535.2,91917,0
20231117,120000,535.4,537.1,529.3,529.9,94328,0
20231117,130000,529.9,530.4,527,527.4,30359,0
20231117,140000,527.5,532.2,527.1,531.1,26107,0
20231117,150000,531.4,533.5,530,533.5,23502,0
20231117,160000,533.3,535,530.5,530.9,24827,0
20231117,170000,531.4,533,530.7,532.1,12076,0
20231117,180000,532.1,532.4,531.6,531.6,28056,0
20231117,190000,532,534.1,530.7,533.5,13102,0
20231117,200000,533.7,534,532.2,532.4,2361,0
20231117,210000,532.3,532.7,526.4,529,24118,0
20231117,220000,528.9,531,528.2,530.2,7434,0
20231117,230000,530.2,531.4,529,529.1,14288,0
20231120,100000,530.4,536.7,530,536.1,98660,0
20231120,110000,536,544.1,535.6,543,200460,0
20231120,120000,543,543.8,540.2,541.3,62605,0
20231120,130000,541.3,541.3,537.1,539.4,36458,0
20231120,140000,539.4,539.9,536.3,537.5,31105,0
20231120,150000,537.8,541.3,537.1,539.5,28076,0
20231120,160000,539.5,539.9,537.8,538.8,23217,0
20231120,170000,538.5,539.9,537.2,539.2,23582,0
20231120,180000,539,540,538.1,539.7,8410,0
20231120,190000,538,542.5,537.6,539,33584,0
20231120,200000,539,540.1,538.2,540,17513,0
20231120,210000,540,540.8,538.9,539.5,14150,0
20231120,220000,539.1,541,538.8,540.5,26355,0
20231120,230000,540.7,541.9,537.8,540,25808,0
20231121,100000,541.7,549.6,539.3,548.7,197951,0
20231121,110000,548.5,552.9,548.2,550.6,203484,0
20231121,120000,550.6,552.2,545.2,546.8,82557,0
20231121,130000,547,550.9,546.5,550.8,47181,0
20231121,140000,550.6,550.8,546.5,547.7,45003,0
20231121,150000,547.7,551,547,550.9,42748,0
20231121,160000,550.7,558.9,550.6,558.5,196543,0
20231121,170000,558.5,563,557,561.9,492921,0
20231121,180000,561.9,567,561.1,564.8,170642,0
20231121,190000,564.2,566.7,559,565.7,156946,0
20231121,200000,566,566.1,560.5,563.8,100940,0
20231121,210000,563.8,564.2,562,562.9,40130,0
20231121,220000,562.8,563.6,561.6,563.6,34566,0
20231121,230000,563.6,565,563.4,564.3,41983,0
20231122,100000,565.8,573.8,565.3,569.5,411243,0
20231122,110000,569.5,569.5,557,560,301389,0
20231122,120000,559.8,563.4,557.2,561.6,127965,0
20231122,130000,561.7,563.4,557.4,563.3,72550,0
20231122,140000,563.3,564.6,561.5,564,55538,0
20231122,150000,564,564.5,559.3,561.2,48830,0
20231122,160000,561.1,562.3,557.2,558,75433,0
20231122,170000,558,562,557.4,561.2,82666,0
20231122,180000,561.2,562,558,558.4,41612,0
20231122,190000,558,560.7,558,559.8,10599,0
20231122,200000,560.1,560.6,558.2,559.5,10195,0
20231122,210000,559.5,560,559.2,559.7,15828,0
20231122,220000,559.7,561,559.3,560.2,17512,0
20231122,230000,560,560.4,559.4,559.4,5786,0
20231123,100000,564.5,565.6,547.4,550.5,516379,0
20231123,110000,550.4,553.5,544.6,548,207246,0
20231123,120000,548,548.8,534.4,536.8,521674,0
20231123,130000,536.8,536.8,527.4,529,745709,0
20231123,140000,529,529.1,497.2,502.9,1673325,0
20231123,150000,502.9,511.9,474,507.8,3240898,0
20231123,160000,507.8,521.5,505.2,511.4,1507190,0
20231123,170000,511.5,511.5,501.4,501.5,636369,0
20231123,180000,501.7,505.4,488.1,492,748493,0
20231123,190000,490,497,483.7,488,714374,0
20231123,200000,487.9,493.9,484,487,321128,0
20231123,210000,487,491,486.4,490,173417,0
20231123,220000,490,490,486.1,486.7,121188,0
20231123,230000,486.9,487.2,482.1,482.2,160529,0
20231124,100000,480.7,480.8,443.2,457.6,2772992,0
20231124,110000,457.5,462.5,446,447,842354,0
20231124,120000,447,449.3,436,443.8,1418717,0
20231124,130000,443.6,446,430.2,432.3,1034696,0
20231124,140000,432.3,434.4,422.2,424.3,1367790,0
20231124,150000,423.9,430.6,420,423.3,869874,0
20231124,160000,423.2,432.4,421.7,423.8,678953,0
20231124,170000,423.8,425.6,400.5,409,1559566,0
20231124,180000,409.1,411.8,405,405.2,539937,0
20231124,190000,405.3,408,396.7,402.7,626438,0
20231124,200000,402.7,403.8,401,402.2,183751,0
20231124,210000,402.2,403.4,399.2,401.2,255206,0
20231124,220000,401.3,401.6,392.4,395,503209,0
20231124,230000,395,402.4,391.2,395.5,344065,0
20231127,100000,395.5,418.5,395.5,415.2,2056583,0
20231127,110000,415.2,429.9,410.3,423.3,1326515,0
20231127,120000,423.2,453.6,423.2,450.8,2641888,0
20231127,130000,450.6,490,446.6,463,6229912,0
20231127,140000,462.2,479.2,458.8,469.9,2585257,0
20231127,150000,470,471.9,462,465.6,823695,0
20231127,160000,466.2,469.2,448,466.9,1253787,0
20231127,170000,466.9,476,461,466.4,1045262,0
20231127,180000,466.8,468.9,462.2,464,319338,0
20231127,190000,467,467,460.7,465.5,165695,0
20231127,200000,465.5,467,464.2,465.6,62143,0
20231127,210000,465.5,473,464.9,468.4,178291,0
20231127,220000,468.2,477.4,467.4,474.4,231894,0
20231127,230000,474.4,484.8,472.3,477,468365,0
20231128,100000,484,509,461.1,462.7,3903256,0
20231128,110000,462.9,505,458.1,497.8,3287152,0
20231128,120000,497.8,507.4,496.8,502.6,1123794,0
20231128,130000,502.6,509.6,500.7,509.1,780382,0
20231128,140000,509,526,507.8,521,3123848,0
20231128,150000,521,540,519,522.3,3061980,0
20231128,160000,522.7,524,507.8,513.4,1176645,0
20231128,170000,513.4,515.9,506.1,512,780745,0
20231128,180000,512,515,508.3,514.6,296838,0
20231128,190000,513.9,521.5,512.1,514.7,399559,0
20231128,200000,514.7,516.5,513.1,514.6,103555,0
20231128,210000,514.6,515.7,510,511.8,144828,0
20231128,220000,511.8,514.7,510.2,511.2,102446,0
20231128,230000,511.1,518,510.8,514.4,153038,0
20231129,100000,518,529,496.4,499.5,1628972,0
20231129,110000,499.5,505,489,491,857235,0
20231129,120000,490.9,492.9,478.1,484.4,783070,0
20231129,130000,484.4,492.7,481.2,491.1,374844,0
20231129,140000,491.3,492,487.2,489.3,116446,0
20231129,150000,489.4,490.5,483,489.3,139974,0
20231129,160000,489.3,489.3,483.2,485.9,99571,0
20231129,170000,485.9,488,480.2,485,231076,0
20231129,180000,485,491,484.7,487,113159,0
20231129,190000,487,488.9,482,485,55010,0
20231129,200000,485,485,482.9,483.7,26345,0
20231129,210000,483.7,484.2,476.1,478.4,126154,0
20231129,220000,478.5,479.3,473,476.9,148066,0
20231129,230000,477,482.6,475.5,480.8,108295,0
20231130,100000,480.1,487.2,463.3,463.7,641500,0
20231130,110000,463.8,468.8,461.4,466.8,236671,0
20231130,120000,466.9,467,461.4,465.8,187108,0
20231130,130000,465.8,469.8,463.7,469.1,126128,0
20231130,140000,469.1,478.6,466.9,478.2,204266,0
20231130,150000,478.1,497,478.1,491.5,753577,0
20231130,160000,491.5,493.6,475.5,479,553583,0
20231130,170000,479,488.9,477.1,481.2,199134,0
20231130,180000,481,483.8,480.1,480.1,57467,0
20231130,190000,480,484.8,472.9,475.3,120313,0
20231130,200000,475.2,482.4,474,480.3,67197,0
20231130,210000,480,482.4,479.2,480.7,38365,0
20231130,220000,480.7,481,477,478.4,29944,0
20231130,230000,478.4,479,473.8,475.8,48794,0
20231201,100000,476.2,484,468.1,470.3,337598,0
20231201,110000,470.3,482,468,481,123068,0
20231201,120000,481,491.8,480,480.6,358210,0
20231201,130000,480.6,485,478,482,137708,0
20231201,140000,482,486,480,481.3,118879,0
20231201,150000,481,488.9,481,486.4,242421,0
20231201,160000,486.4,487.9,482.6,483.8,119242,0
20231201,170000,483.6,486.3,482.8,485.3,84428,0
20231201,180000,485,488.3,484.4,487.6,163986,0
20231201,190000,485.1,490,485,485.3,99067,0
20231201,200000,485.8,490,481.7,485.3,64402,0
20231201,210000,484.8,486.3,482,486.3,43047,0
20231201,220000,485.6,486.3,484,484.9,26338,0
20231201,230000,485,486.5,484,484.2,56900,0
20231204,100000,487,506.6,484.8,501.9,991051,0
20231204,110000,502.1,502.5,495.5,501.4,305137,0
20231204,120000,501.4,501.6,497.7,498.4,65225,0
20231204,130000,498.4,501.7,495.3,496.6,143197,0
20231204,140000,496.8,501,496,498.1,128558,0
20231204,150000,497.4,499.9,497.3,499.6,69664,0
20231204,160000,499.7,501.2,498,500.9,106861,0
20231204,170000,501,502.4,500.1,500.8,121773,0
20231204,180000,500.9,502,499.7,502,102264,0
20231204,190000,501.9,502,490.1,496.4,141624,0
20231204,200000,496.4,496.7,490.5,493.3,49919,0
20231204,210000,493.4,497,492.5,496,30866,0
20231204,220000,496,496.1,494.5,495.1,6654,0
20231204,230000,495.3,495.4,490.3,492.3,38703,0
20231205,100000,495.4,502,493.3,500.6,252232,0
20231205,110000,500.1,501.8,495,500.1,260784,0
20231205,120000,500,505.6,499.1,504,201628,0
20231205,130000,504.1,510,504,508.4,308459,0
20231205,140000,508.4,511,508,508.7,194300,0
20231205,150000,508.5,509.4,500.4,501.7,187800,0
20231205,160000,501.8,504,500,501.2,75070,0
20231205,170000,501,503.1,500,502.1,38848,0
20231205,180000,502,505.8,502,505.8,74696,0
20231205,190000,502,506.8,501.3,501.9,54799,0
20231205,200000,501.9,503.7,501.3,502.5,28800,0
20231205,210000,502.3,502.4,500.2,501.8,25667,0
20231205,220000,501.9,503.5,500.9,502.8,12266,0
20231205,230000,502.7,504.9,502.7,504.9,15932,0
20231206,100000,505.9,509.6,495,499.5,370193,0
20231206,110000,499.2,501.2,495,500.2,96324,0
20231206,120000,500.6,502.8,498.2,499.3,90552,0
20231206,130000,499.1,502.9,498.3,502.7,98212,0
20231206,140000,502.6,504.9,500.5,502.9,79392,0
20231206,150000,503,505.8,500,504.5,112395,0
20231206,160000,504.1,506.7,503.7,505.4,93007,0
20231206,170000,505.4,505.8,501.5,505,83780,0
20231206,180000,505.2,506,503.9,505,51758,0
20231206,190000,502.3,505.9,501.7,503.5,35062,0
20231206,200000,503.4,503.6,500,500.5,45111,0
20231206,210000,500.7,501,498,499.9,50315,0
20231206,220000,500,501.3,499.9,500.2,7410,0
20231206,230000,500.2,502.9,500,502,14271,0
20231207,100000,502,505.6,500,501,71124,0
20231207,110000,500.9,503,500,501,77396,0
20231207,120000,500.8,502.9,500,501.4,98670,0
20231207,130000,501.3,504.4,500.8,502.5,47809,0
20231207,140000,502.5,504,500.1,503.4,59334,0
20231207,150000,503.3,511,501.3,508.2,309427,0
20231207,160000,508,510.3,505.6,508.5,130820,0
20231207,170000,508.2,508.7,506.1,508.3,46082,0
20231207,180000,508.3,510.9,507.4,509.8,84893,0
20231207,190000,508.4,510.7,502.2,509.8,67985,0
20231207,200000,509.8,512,508.8,511.2,42250,0
20231207,210000,511.2,511.8,510.8,511,17161,0
20231207,220000,511,511.8,509.9,510.5,28689,0
20231207,230000,510.4,511.1,509,510.1,37578,0
20231208,100000,514.4,515,500,505.7,384904,0
20231208,110000,505.7,507.5,505,505.3,63800,0
20231208,120000,505.3,510,503,505.2,133487,0
20231208,130000,505.2,505.8,503,505,169704,0
20231208,140000,504.6,505.1,503,504.1,64617,0
20231208,150000,504.1,505.3,503,504,52445,0
20231208,160000,503.3,507,503,506.9,59039,0
20231208,170000,506.9,507,504.6,505.5,28503,0
20231208,180000,505.5,505.7,500.7,505.4,89139,0
20231208,190000,503.8,505.3,495.1,497.9,136366,0
20231208,200000,497.8,498.7,496.1,497.3,37333,0
20231208,210000,497.3,504,496.8,500.9,62281,0
20231208,220000,500.9,501.3,498.3,498.9,13748,0
20231208,230000,498.8,500,497.6,500,14202,0
20231211,100000,490,493.1,481.7,487.8,413602,0
20231211,110000,487.8,492.3,485.8,487.7,153942,0
20231211,120000,487.7,491.2,486.6,488.9,71683,0
20231211,130000,488.4,501.3,487.9,499,181114,0
20231211,140000,498.8,499.8,493,494.4,89236,0
20231211,150000,494.6,500,494,499.5,137546,0
20231211,160000,499.2,507,497.3,506.7,179408,0
20231211,170000,506.6,510,502.6,504.6,175989,0
20231211,180000,504.6,506.4,500.3,500.3,52885,0
20231211,190000,500.3,503.6,495.1,498.8,57133,0
20231211,200000,498.6,502,497,500.1,65719,0
20231211,210000,499.6,500.8,497.1,497.4,25287,0
20231211,220000,497.1,498.9,497.1,497.8,13718,0
20231211,230000,497.9,498.2,497.1,497.6,5997,0
20231212,100000,499.7,503,498,501.6,83180,0
20231212,110000,501.6,501.7,495.7,495.8,78197,0
20231212,120000,495.8,501.4,495.2,498,47045,0
20231212,130000,497.8,499.3,495.7,497,49304,0
20231212,140000,497,500,495.8,497.6,84502,0
20231212,150000,497.8,499.2,494.1,497.4,71044,0
20231212,160000,497.4,497.4,494.3,495.7,29107,0
20231212,170000,495.3,501.2,495.2,500,89057,0
20231212,180000,500,500.5,497.1,500,30347,0
20231212,190000,498.8,500,497.5,498.9,6542,0
20231212,200000,498.7,499.5,497.2,497.9,8800,0
20231212,210000,497.9,498.2,495.2,495.7,18874,0
20231212,220000,495.5,496.8,493.3,495.2,37507,0
20231212,230000,495.1,495.5,494.1,495.5,12219,0
20231213,100000,492.1,495.3,485,494.1,135355,0
20231213,110000,493.7,500.6,490.7,498.9,75946,0
20231213,120000,498.9,501.4,497.7,500.2,52604,0
20231213,130000,500.2,500.5,496.8,498.6,36599,0
20231213,140000,498.6,500.9,497.8,499,39698,0
20231213,150000,499,500.1,497.2,498.1,95514,0
20231213,160000,498.1,498.1,495.7,495.9,28227,0
20231213,170000,495.9,500.6,495.5,500,64253,0
20231213,180000,500,501.5,498.5,501.5,50009,0
20231213,190000,501.5,501.5,497.8,499.5,6316,0
20231213,200000,499.8,500.2,497.6,499.1,10787,0
20231213,210000,499.1,500.2,498.3,498.5,13621,0
20231213,220000,498.5,501,498.4,500.9,40033,0
20231213,230000,501,503.8,500.7,502.6,34183,0
20231214,100000,503.2,506.6,499.2,500,78230,0
20231214,110000,500.4,502.3,500,501.3,25575,0
20231214,120000,501.4,503,500,501.4,63146,0
20231214,130000,501.6,503.6,500.6,501.6,55609,0
20231214,140000,501.1,506,500,503.8,85904,0
20231214,150000,503.7,506.5,503,505.2,52389,0
20231214,160000,505.1,508,502.1,507.5,61983,0
20231214,170000,507.8,508,504.3,506.8,65193,0
20231214,180000,506.5,507,504.3,507,37435,0
20231214,190000,505.4,506.9,502.7,505,28691,0
20231214,200000,504.9,505.3,495,496.8,78267,0
20231214,210000,496.9,498.9,495.1,497.2,33116,0
20231214,220000,497.3,499.8,497.1,498,11677,0
20231214,230000,498,499.5,497.1,498.6,9412,0
20231215,100000,498.5,503,488.3,501.5,169963,0
20231215,110000,501.5,505,498.6,502.9,50443,0
20231215,120000,502.4,506,500.7,503,61942,0
20231215,130000,503,504,500.7,502,48163,0
20231215,140000,501.9,503,500.2,502.3,39488,0
20231215,150000,502.6,503,497.5,500.8,78161,0
20231215,160000,500.4,500.6,496.1,497.5,59779,0
20231215,170000,497.5,501.5,495.4,499.5,72389,0
20231215,180000,499.2,503,498.5,499.4,67411,0
20231215,190000,499.4,500.7,496,497.3,39691,0
20231215,200000,497.3,499.7,497.1,498.9,15044,0
20231215,210000,499,499,495.1,498,27056,0
20231215,220000,497.9,498.6,497.8,497.8,5889,0
20231215,230000,497.9,498.7,497.3,498.6,14475,0
20231218,100000,498.7,510.4,497.4,504.6,246712,0
20231218,110000,504.6,505.5,502,503.9,87787,0
20231218,120000,504,505.2,502.2,505.2,66665,0
20231218,130000,505.1,505.3,502.8,504.2,42737,0
20231218,140000,504.6,506,503.4,505.5,39062,0
20231218,150000,505.4,506,504.5,504.9,30956,0
20231218,160000,504.6,507.9,504.5,505.7,84434,0
20231218,170000,506,507,504.5,505.9,27994,0
20231218,180000,506.3,506.5,502.5,505.8,34810,0
20231218,190000,503,505.3,503,504.6,6261,0
20231218,200000,504.6,505.4,503.7,505.1,13373,0
20231218,210000,505,505.2,503.8,503.8,6931,0
20231218,220000,504,504.5,503.4,504,3988,0
20231218,230000,504,505,503.6,504.6,10598,0
20231219,100000,504.1,506.8,496.1,506,180815,0
20231219,110000,505.8,506.9,505,506,51741,0
20231219,120000,505.7,506,504,504.5,11469,0
20231219,130000,504.3,505.7,503.2,505.7,35755,0
20231219,140000,505.6,506,503.5,504.3,35377,0
20231219,150000,504.2,506.4,503.9,505.7,50668,0
20231219,160000,505.7,507.8,505.4,506.9,51601,0
20231219,170000,506.7,507.3,505.2,507.1,22414,0
20231219,180000,506.6,508.2,505.8,508,39126,0
20231219,190000,507.2,511.5,507.2,508.6,86425,0
20231219,200000,508.6,509.2,507,508.8,18457,0
20231219,210000,508.8,508.8,507.4,507.6,1589,0
20231219,220000,507.8,508,506.5,506.7,5667,0
20231219,230000,506.7,507.4,506.3,506.9,4475,0
20231220,100000,508.4,508.8,505.8,507.5,37610,0
20231220,110000,507.7,509.7,506,507.2,51304,0
20231220,120000,507.2,507.8,505,505.6,30560,0
20231220,130000,505.6,506.7,505,506.2,33420,0
20231220,140000,506.6,506.8,503.2,504.5,63463,0
20231220,150000,504.5,507.1,503.3,505.3,44181,0
20231220,160000,505.2,507.1,504,506.8,78599,0
20231220,170000,506.8,508,505.7,507.4,36678,0
20231220,180000,507.3,508,505.3,508,30259,0
20231220,190000,506.4,508,504.6,505.4,20708,0
20231220,200000,505.9,506.3,504.8,505.2,14506,0
20231220,210000,505.2,505.6,504,505.6,10113,0
20231220,220000,505.6,506.2,503.3,504,18141,0
20231220,230000,503.9,505,503.5,504.8,3951,0
20231221,100000,504.7,506.3,502.6,504.1,44524,0
20231221,110000,504.1,516.6,503.3,515,476951,0
20231221,120000,514.9,537,512.3,533.3,1180071,0
20231221,130000,533.3,539,527.3,532,631045,0
20231221,140000,531.7,541.3,531.5,536.9,681741,0
20231221,150000,536.9,537,527.2,532.9,315436,0
20231221,160000,533,538,533,533.7,155962,0
20231221,170000,533.7,537.9,533.7,535.7,102116,0
20231221,180000,535.7,537.9,534.8,537,128954,0
20231221,190000,537.1,538.5,530.8,533.9,52171,0
20231221,200000,533.9,535.6,531.9,532.3,24596,0
20231221,210000,532.3,533.7,529.1,531.4,29783,0
20231221,220000,530.8,533.5,530.7,532.5,24442,0
20231221,230000,532,532.5,529.1,530.4,17375,0
20231222,100000,534.2,542.8,530,533,434914,0
20231222,110000,533.6,535,533,533.9,55868,0
20231222,120000,533.9,536.3,533.5,535.9,49298,0
20231222,130000,535.9,546,535.4,545.4,353281,0
20231222,140000,544.9,545.7,535.5,537.7,210102,0
20231222,150000,537.2,540.7,536.8,538,65049,0
20231222,160000,538.1,539.6,537.8,538,25157,0
20231222,170000,538,538.5,538,538.5,16625,0
20231222,180000,538.3,539.1,537.1,539,38518,0
20231222,190000,537.3,539.5,536.9,538,13153,0
20231222,200000,538,538.5,536.7,537,6197,0
20231222,210000,537.2,540,537,539.6,15222,0
20231222,220000,539.6,539.9,537.2,537.4,6346,0
20231222,230000,537.5,538,537.1,537.8,5339,0
20231225,100000,537,544.8,537,543.2,168618,0
20231225,110000,543.2,543.3,541,541.1,42933,0
20231225,120000,541.3,547.8,541.1,546.5,141490,0
20231225,130000,546.6,548.4,546,546.9,55545,0
20231225,140000,546.8,547,543,545.3,82843,0
20231225,150000,545.6,546,541,541.1,40462,0
20231225,160000,541.5,542.7,541,541.7,18113,0
20231225,170000,541.9,543,541,543,17021,0
20231225,180000,543,544.3,542.2,544.3,11156,0
20231225,190000,542.8,543.6,541.5,542.5,2941,0
20231225,200000,542.5,542.9,541.5,542.2,5055,0
20231225,210000,541.9,542.1,541,541.2,8492,0
20231225,220000,541.2,541.9,540.1,540.8,7853,0
20231225,230000,540.8,541.2,537.4,540,26934,0
20231226,100000,542.4,546.8,540.9,542.3,36562,0
20231226,110000,542.3,542.4,531.5,533.1,109375,0
20231226,120000,533.2,533.3,526.9,529.1,97025,0
20231226,130000,529.2,529.2,520.1,520.2,102609,0
20231226,140000,520.3,535,520.2,525.5,128511,0
20231226,150000,525.6,528.6,523,528,44960,0
20231226,160000,528,535,526,530,78603,0
20231226,170000,530,531.4,528.5,530.9,22479,0
20231226,180000,530.9,531.4,528.1,528.7,16246,0
20231226,190000,528,530.3,526.4,529.6,16834,0
20231226,200000,529.8,530.3,529,529.9,5741,0
20231226,210000,529.9,530.9,529.3,530.1,11783,0
20231226,220000,530.2,530.2,529,529,6603,0
20231226,230000,529.7,529.7,528,529,7601,0
20231227,100000,529.1,530.2,520.8,522.3,86703,0
20231227,110000,522.3,522.9,520.1,521.1,76492,0
20231227,120000,521.3,523.1,521.1,521.1,48640,0
20231227,130000,521.2,521.7,520.1,520.5,36857,0
20231227,140000,520.5,520.5,513.2,516.9,167155,0
20231227,150000,517,517.7,511.8,512.9,80449,0
20231227,160000,512.6,513.1,511.1,511.1,60047,0
20231227,170000,511.1,511.5,508.5,510.9,111107,0
20231227,180000,510.8,511.8,508,511.8,51516,0
20231227,190000,511.7,511.7,510.1,510.9,12359,0
20231227,200000,510.9,515,510.5,514.9,32720,0
20231227,210000,514.6,517.2,514,516,38689,0
20231227,220000,515.8,524.2,515.8,519.9,67950,0
20231227,230000,519.8,519.9,512.5,512.6,26223,0
20231228,100000,514.3,519.4,512,515.4,45363,0
20231228,110000,515.4,516,513.8,514.1,23727,0
20231228,120000,514.5,514.6,512.5,514.2,25472,0
20231228,130000,514.2,514.8,510.6,512.1,60809,0
20231228,140000,512.1,512.5,505.9,507.4,42414,0
20231228,150000,507.6,509.2,505.1,505.9,137547,0
20231228,160000,506,507.5,505.4,505.8,45701,0
20231228,170000,505.6,506.8,505.1,506.5,25069,0
20231228,180000,506.5,507.6,505.6,505.6,29264,0
20231228,190000,507.2,507.6,506,507.6,6265,0
20231228,200000,507.6,509.8,506.6,508.8,15765,0
20231228,210000,508.8,508.9,506.5,506.9,11820,0
20231228,220000,506.5,507.3,505.5,506,15458,0
20231228,230000,505.8,506.4,505.1,505.1,10493,0
