20230103,100000,375,378.7,374.5,377.8,227829,0
20230103,110000,377.8,379,375.7,376.4,138748,0
20230103,120000,376.4,378.1,375.9,376.9,55992,0
20230103,130000,376.8,377.5,375.5,375.9,39731,0
20230103,140000,376.1,376.9,375.9,376.6,14903,0
20230103,150000,376.6,376.8,375.7,375.9,56622,0
20230103,160000,375.9,376.5,375.8,376.5,34983,0
20230103,170000,376.5,377.8,376,376.8,64042,0
20230103,180000,376.8,377.1,375.5,375.7,35469,0
20230103,190000,376.4,378,375.7,376.9,16592,0
20230103,200000,376.9,377.4,376.9,377.1,7955,0
20230103,210000,377.1,377.2,375.9,376.7,17907,0
20230103,220000,376.6,377.9,376.3,377.4,24139,0
20230103,230000,377.4,378.5,377.4,378,42866,0
20230104,100000,378.5,381.3,376,378.8,261150,0
20230104,110000,379,380.5,378.8,379.7,70685,0
20230104,120000,379.5,380.3,379.2,379.7,51488,0
20230104,130000,379.7,380.9,379.7,380.6,62003,0
20230104,140000,380.7,381.5,380.3,381.3,45649,0
20230104,150000,381.3,383.7,381.2,382.5,122234,0
20230104,160000,382.3,383.5,381.9,383,57176,0
20230104,170000,383,383.4,381.5,381.7,58015,0
20230104,180000,381.7,381.9,380.3,381.2,73170,0
20230104,190000,381.2,383,381,382.2,16656,0
20230104,200000,382.3,382.5,380.6,380.6,17418,0
20230104,210000,380.6,381.8,380.3,381.3,12756,0
20230104,220000,381.2,383.5,380.6,383.5,53195,0
20230104,230000,383.4,383.7,382.4,382.8,27808,0
20230105,100000,385.2,385.5,380.2,381.2,86561,0
20230105,110000,381.3,381.3,378,380,116093,0
20230105,120000,380.1,380.3,378.3,379.3,35991,0
20230105,130000,379.2,379.5,377.4,379.2,41533,0
20230105,140000,379.1,379.4,377.7,377.9,32079,0
20230105,150000,377.8,378.5,375.2,376.7,109232,0
20230105,160000,376.6,376.7,373.4,374.3,103464,0
20230105,170000,374.3,376.1,374,375.4,48371,0
20230105,180000,375.4,376.4,375.1,375.3,41371,0
20230105,190000,375.3,376.2,374.6,376,20023,0
20230105,200000,376,376.3,375,375.7,10392,0
20230105,210000,375.7,375.8,374.9,375.8,24180,0
20230105,220000,375.8,376.1,375.4,376,9829,0
20230105,230000,376.1,376.3,375.7,375.9,10883,0
20230106,100000,375.8,376.6,373.7,375,48755,0
20230106,110000,375,375,374,374.2,16499,0
20230106,120000,374.4,374.4,373.1,373.2,25630,0
20230106,130000,373.1,374,372.4,373.7,42462,0
20230106,140000,373.8,374.4,373,373.9,20257,0
20230106,150000,373.9,374.6,373.6,374.2,7988,0
20230106,160000,374.3,376.5,373.6,375.7,33043,0
20230106,170000,375.6,375.8,374.4,375.1,14276,0
20230106,180000,375.2,378,375.2,377,46553,0
20230106,190000,377,378,376.8,377.4,34511,0
20230106,200000,377.5,378.5,377.4,378.4,23282,0
20230106,210000,378.4,378.5,377.5,378.5,13741,0
20230106,220000,378.5,378.5,377.5,377.8,9691,0
20230106,230000,377.7,378.5,377.4,378.4,17321,0
20230109,100000,380.2,383,379.9,381.1,133285,0
20230109,110000,381.1,381.9,380,380,49727,0
20230109,120000,380,380.9,378.4,379.5,70875,0
20230109,130000,379.4,380.8,378.7,380.7,23168,0
20230109,140000,380.7,381.1,379.5,380.6,46022,0
20230109,150000,380.6,381,379.4,379.9,26820,0
20230109,160000,379.8,380.8,379.5,380.3,28100,0
20230109,170000,380.3,381,378.8,379.8,54315,0
20230109,180000,379.8,379.8,378.5,379.4,36228,0
20230109,190000,379.4,379.8,379,379.6,15811,0
20230109,200000,379.7,379.8,378.8,379.1,8096,0
20230109,210000,379.1,379.4,378.7,379.2,11920,0
20230109,220000,379.4,379.4,378.7,378.9,12181,0
20230109,230000,378.9,379,378.2,378.3,14404,0
20230110,100000,378.1,378.3,375.3,376.2,116991,0
20230110,110000,376.1,376.4,374.7,376.3,62590,0
20230110,120000,376.3,378.8,376.1,377.8,66270,0
20230110,130000,377.7,378,375.9,377.9,30883,0
20230110,140000,377.8,378.3,377.4,378,21191,0
20230110,150000,377.9,378.1,376.5,377.2,32665,0
20230110,160000,377,377.5,376.5,377,13467,0
20230110,170000,377,379,377,378.4,60506,0
20230110,180000,378.4,379.2,378.2,378.4,14201,0
20230110,190000,378.9,378.9,377.9,378.1,9931,0
20230110,200000,378.1,378.4,377.8,378.4,4538,0
20230110,210000,378.4,378.8,377.8,378.4,6601,0
20230110,220000,378.4,378.4,377.6,377.9,7042,0
20230110,230000,377.8,378,377.4,377.9,10220,0
20230111,100000,379.7,380.8,377.7,379.5,98236,0
20230111,110000,379.4,380.2,378.3,379.4,102891,0
20230111,120000,379.4,379.8,378.5,379.6,37640,0
20230111,130000,379.6,379.9,377.5,378.5,73853,0
20230111,140000,378.5,378.9,377,378,61349,0
20230111,150000,378,378.3,376.8,377.8,26451,0
20230111,160000,377.7,378.3,377,378,32586,0
20230111,170000,377.8,378,376.2,376.3,50040,0
20230111,180000,376.6,377.4,375.4,375.6,68768,0
20230111,190000,377.3,377.3,375.9,376.9,19124,0
20230111,200000,376.9,377.2,376.4,376.6,21464,0
20230111,210000,376.6,377.3,376.6,377,13569,0
20230111,220000,377,378.1,377,377.9,22208,0
20230111,230000,377.9,378.1,377.5,377.9,20493,0
20230112,100000,377.9,378.5,375.2,375.7,94956,0
20230112,110000,375.6,377.9,375.6,377,52389,0
20230112,120000,377,377.8,377,377.4,40585,0
20230112,130000,377.4,379.9,377.3,379.6,105048,0
20230112,140000,379.6,382.3,379.1,382.1,137151,0
20230112,150000,382.1,384.2,380.3,384.2,249567,0
20230112,160000,384.2,384.6,381,384,378572,0
20230112,170000,384.1,389.8,383.2,384.7,491913,0
20230112,180000,384.7,385.9,384,384.8,65983,0
20230112,190000,384.8,386.8,384,385.9,62628,0
20230112,200000,385.8,387.4,385.3,386.8,51458,0
20230112,210000,386.8,388.9,386.7,388.1,83090,0
20230112,220000,388,388.3,386.2,387.2,35751,0
20230112,230000,387.3,387.6,386.6,387.3,26818,0
20230113,100000,388.3,388.3,385,387,81371,0
20230113,110000,387,395.9,386.8,395.3,406267,0
20230113,120000,395.2,403.5,393,403,694378,0
20230113,130000,402.6,403.5,398.2,401.3,366966,0
20230113,140000,401.3,401.6,397.5,397.5,175422,0
20230113,150000,397.6,399,395.8,397.5,149148,0
20230113,160000,397.6,399.8,396.5,399,97476,0
20230113,170000,399.3,403.2,398.3,402.8,144531,0
20230113,180000,402.6,403,399.5,400.6,100813,0
20230113,190000,400.6,401,398.4,399.8,56681,0
20230113,200000,399.9,402.5,399.9,401.8,38443,0
20230113,210000,401.8,403.5,401.5,403.2,52082,0
20230113,220000,403.3,404.6,402,403.1,86664,0
20230113,230000,403.2,404,402,403,58181,0
20230116,100000,405.4,410,405.1,407.9,444860,0
20230116,110000,408.1,408.1,405.4,406,114070,0
20230116,120000,406,407.8,405.4,406.1,94950,0
20230116,130000,406.1,407.2,405.3,406.9,69485,0
20230116,140000,406.9,407.9,405.8,406,73417,0
20230116,150000,405.9,407,405.6,406.2,59427,0
20230116,160000,406.1,407.2,406,406.7,44595,0
20230116,170000,406.7,407.5,405.6,406.1,93791,0
20230116,180000,406.1,406.8,405.7,406.6,28288,0
20230116,190000,407,409.5,406.6,407.5,104087,0
20230116,200000,407.3,408,407,407.3,26809,0
20230116,210000,407.5,407.7,407.1,407.2,17461,0
20230116,220000,407.2,407.3,406.2,406.9,41369,0
20230116,230000,406.9,407.4,406,407.3,33525,0
20230117,100000,405.8,405.8,390.2,402.5,439562,0
20230117,110000,402.4,403,395,398,309010,0
20230117,120000,398.1,402.5,397.3,401.7,79330,0
20230117,130000,401.6,403,400,403,61779,0
20230117,140000,402.8,403,400.8,402,33151,0
20230117,150000,402,404.8,401.9,403.4,109605,0
20230117,160000,403.4,404.2,402.4,403.2,60924,0
20230117,170000,402.8,403.6,401.5,402.3,34030,0
20230117,180000,402.2,403,400.2,400.3,43705,0
20230117,190000,400,405.5,397.7,400.6,108605,0
20230117,200000,400.7,403.9,400.1,402.4,39464,0
20230117,210000,402.3,404,400.8,401.7,33665,0
20230117,220000,401.5,402.2,399.7,399.8,57275,0
20230117,230000,399.8,402,399,400.3,45776,0
20230118,100000,398.8,406,397.1,404.4,212282,0
20230118,110000,404.4,406.7,404,405.4,118854,0
20230118,120000,405.4,406.8,403.2,404,66896,0
20230118,130000,404,405.2,403.2,404,30589,0
20230118,140000,403.9,408.4,403.9,408.1,186227,0
20230118,150000,408,413.3,407,411.5,631280,0
20230118,160000,411.6,414.3,411.5,413,201548,0
20230118,170000,413,413.8,411.6,413.2,159232,0
20230118,180000,413.3,413.8,412,412.9,80223,0
20230118,190000,411.7,412.8,408.6,411.3,150899,0
20230118,200000,411.2,411.4,409.3,409.8,36487,0
20230118,210000,409.7,411,409.1,410.7,38189,0
20230118,220000,410.7,411,409,409.4,58370,0
20230118,230000,409.4,411.2,409,410.7,31827,0
20230119,100000,410.5,414.2,405.8,407.8,380679,0
20230119,110000,407.8,410,404.2,406.4,231417,0
20230119,120000,406,407.9,400.5,402.6,480757,0
20230119,130000,402.9,404.9,400.9,404.9,148287,0
20230119,140000,404.9,406.6,404,404.8,106222,0
20230119,150000,404.8,405,402.5,402.9,71538,0
20230119,160000,402.8,404.1,402,403,69811,0
20230119,170000,403,404,402.8,403.9,46340,0
20230119,180000,403.9,406.1,403.4,404.6,55609,0
20230119,190000,404,406.4,402.8,406.3,40911,0
20230119,200000,406.4,406.4,405,405.1,27646,0
20230119,210000,405,405.6,404,405.2,34023,0
20230119,220000,405.2,406.8,404.2,406.2,48573,0
20230119,230000,406.6,408.5,406,406.5,90746,0
20230120,100000,407.5,410.4,405,409,265742,0
20230120,110000,409,413.3,408.1,411.5,194264,0
20230120,120000,411.3,411.6,409,409.9,91921,0
20230120,130000,409.9,410.1,408.1,409.3,64736,0
20230120,140000,409.2,409.9,407.5,409.3,68610,0
20230120,150000,409.3,410.8,409.1,410.5,56077,0
20230120,160000,410.5,410.5,409.1,409.7,37342,0
20230120,170000,409.6,410.2,409.3,409.3,53533,0
20230120,180000,409.5,409.5,408.1,408.8,45396,0
20230120,190000,409,409.7,408.4,409,13622,0
20230120,200000,409,410.3,403.8,409.2,177595,0
20230120,210000,409,409.4,408.3,409,11752,0
20230120,220000,409,409.5,408.5,409.2,24904,0
20230120,230000,409.1,409.7,408,409.4,25303,0
20230123,100000,411.9,420,410.7,418,643117,0
20230123,110000,418,418.6,416.2,417.2,189368,0
20230123,120000,417.2,418,416.2,416.9,82780,0
20230123,130000,417,418.5,416.9,418,69512,0
20230123,140000,418,418.3,417.2,418.1,56666,0
20230123,150000,418,418.7,417.5,418,64798,0
20230123,160000,417.9,418.9,417.8,418.5,47631,0
20230123,170000,418.6,418.6,416,416.6,135565,0
20230123,180000,416.8,416.8,414.3,415.8,118341,0
20230123,190000,415.5,416.8,415.3,416.8,42638,0
20230123,200000,416.8,417,416,416.9,32754,0
20230123,210000,416.9,417.8,416,416.6,61467,0
20230123,220000,416.6,417.9,416.5,417.3,33323,0
20230123,230000,417.3,418.9,416.9,418.7,44283,0
20230124,100000,422.4,428.7,420.7,424.6,710953,0
20230124,110000,424.9,427.8,423.9,424.7,304450,0
20230124,120000,424.8,425.3,422.2,423.3,184074,0
20230124,130000,423.4,424.7,421.6,423,103417,0
20230124,140000,423,423.8,418,422.6,308126,0
20230124,150000,422.5,425.4,422.4,424.9,116581,0
20230124,160000,424.7,425,421.8,423.3,85944,0
20230124,170000,423.3,423.9,422,422.4,64774,0
20230124,180000,422.4,424.2,421,424,131265,0
20230124,190000,423.9,425.5,423.6,424.1,46836,0
20230124,200000,424.1,426,424,425.6,76631,0
20230124,210000,425.5,426.4,424.1,425,51029,0
20230124,220000,424.8,425.9,424.5,425,34648,0
20230124,230000,424.8,426,424.4,425.4,53573,0
20230125,100000,427,440.4,425.8,437.9,2030499,0
20230125,110000,437.9,440,435,435.4,693194,0
20230125,120000,435.7,438.4,435.7,438.2,265418,0
20230125,130000,438.3,438.7,436,437.5,180530,0
20230125,140000,437.5,438.9,436.5,438.3,144811,0
20230125,150000,438.2,449.3,437,444.5,1668963,0
20230125,160000,444.5,447.3,442,443.3,433303,0
20230125,170000,443.5,446,439.6,444.5,571048,0
20230125,180000,444.5,444.6,440.8,442.7,184023,0
20230125,190000,442,444.4,440,444.3,196130,0
20230125,200000,444.2,446,443.7,445.5,160287,0
20230125,210000,445.5,445.8,444.2,445.5,71368,0
20230125,220000,445.5,449.9,445.4,448.6,275212,0
20230125,230000,448.9,452.6,448.6,451.9,373734,0
20230126,100000,456.4,476.5,454.2,475,2938114,0
20230126,110000,475.2,476,468,468.4,1159336,0
20230126,120000,468.5,469.7,461.8,461.8,731362,0
20230126,130000,461.9,468,461.5,467.4,399657,0
20230126,140000,467.4,471,463.8,469,288633,0
20230126,150000,469,471.7,467.7,469.8,199343,0
20230126,160000,469.7,471.3,465,467.8,258370,0
20230126,170000,467.6,471.6,467.1,469.5,249857,0
20230126,180000,469.5,469.8,466,467.4,154194,0
20230126,190000,467,469.9,466,468.5,83506,0
20230126,200000,468.5,469.9,468.1,468.4,75111,0
20230126,210000,468.4,470.7,468.4,470.6,108019,0
20230126,220000,470.6,476,470.2,473.8,347496,0
20230126,230000,474,484,473.6,483.5,552555,0
20230127,100000,484.2,488.3,464.7,471.4,2261771,0
20230127,110000,471.4,472,463.2,464.2,728457,0
20230127,120000,464.2,468.9,463.5,468.3,372267,0
20230127,130000,468.3,468.5,463.3,464.6,301777,0
20230127,140000,464.6,467.6,464,467.2,182177,0
20230127,150000,467.2,472,464.5,467,421526,0
20230127,160000,466.7,468.4,465.1,466.5,96650,0
20230127,170000,466.5,467.9,465.5,466.6,94953,0
20230127,180000,466.6,470,464.6,466.4,199126,0
20230127,190000,466,471,466,469,151390,0
20230127,200000,469,470.1,467.3,467.9,79365,0
20230127,210000,467.8,469.3,467.4,468.4,57640,0
20230127,220000,468.4,469.2,467.9,468.8,51847,0
20230127,230000,468.9,469,466.9,467.1,91155,0
20230130,100000,469.2,470.9,460.5,466.6,548446,0
20230130,110000,466.6,467.9,462.6,465.5,232230,0
20230130,120000,465.6,467.9,464.9,466.4,160257,0
20230130,130000,466.3,472.9,466.1,470.7,447841,0
20230130,140000,470.6,472.6,467.3,470.2,283088,0
20230130,150000,470.3,470.8,468.5,470.1,161690,0
20230130,160000,470.1,475,469.2,475,258824,0
20230130,170000,474.9,475,472.5,473,255934,0
20230130,180000,473.2,476.6,472.5,476.4,196357,0
20230130,190000,477,481.3,475.3,479.7,283847,0
20230130,200000,479.7,479.9,477.4,478.6,107900,0
20230130,210000,478.6,480.1,478,479.1,81139,0
20230130,220000,479.2,479.9,478.1,479.1,65203,0
20230130,230000,479,480,473.7,475.9,236948,0
20230131,100000,475,477.7,470,473.9,582874,0
20230131,110000,473.9,475.6,468.1,468.3,422969,0
20230131,120000,468.4,473.9,468.1,470.6,190173,0
20230131,130000,470.6,472.3,470.4,471.6,50056,0
20230131,140000,471.7,472.9,470.6,471,66101,0
20230131,150000,471.5,472.8,470.5,472.1,45178,0
20230131,160000,472.1,476.7,471.9,475.9,158034,0
20230131,170000,475.8,476.5,474,476.4,86537,0
20230131,180000,476.3,480.3,476.3,478.2,403969,0
20230131,190000,479.6,481.9,478,479,190338,0
20230131,200000,478.6,479.1,475.3,477.4,104841,0
20230131,210000,477.4,479,477.2,478.1,54323,0
20230131,220000,478.1,478.1,476,477.2,63198,0
20230131,230000,477.2,477.5,475.5,476,68193,0
20230201,100000,479.4,490,478,485.1,953688,0
20230201,110000,485.1,489,483.9,486.3,269188,0
20230201,120000,486.3,486.9,484.2,486.7,207036,0
20230201,130000,486.7,487.5,485.2,486.8,76266,0
20230201,140000,486.8,491.2,486,487.4,353693,0
20230201,150000,487,488.9,486.5,487.7,81397,0
20230201,160000,487.8,489,484.6,486,143693,0
20230201,170000,486,486,478,480.6,390920,0
20230201,180000,480.6,483.8,478.6,481.1,121438,0
20230201,190000,481.2,484.1,479.8,482.6,56307,0
20230201,200000,482.3,483.1,481.8,482.4,22531,0
20230201,210000,482.3,483.3,481.6,482,22816,0
20230201,220000,481.9,489.5,481.1,487.9,495659,0
20230201,230000,488.3,494.8,487.7,493.8,444272,0
20230202,100000,495,504,493.7,496.2,1327123,0
20230202,110000,496.2,502,496,499.2,354317,0
20230202,120000,499.4,500,496.7,499.3,148338,0
20230202,130000,499.3,502,498.1,501.2,205320,0
20230202,140000,501.2,504.7,500.2,503,293750,0
20230202,150000,503,509.7,502.9,509.4,576510,0
20230202,160000,509.5,520.2,508,515.4,1211749,0
20230202,170000,515.5,524.4,515.4,515.9,1046390,0
20230202,180000,515.9,518.9,513.5,517.7,584071,0
20230202,190000,518,522.9,510,512.2,494670,0
20230202,200000,512.2,514.4,506.2,507.7,443927,0
20230202,210000,507.7,515,506.6,512.4,409547,0
20230202,220000,512.5,514.4,509.8,510.2,178676,0
20230202,230000,510.2,514.1,510,513.3,145586,0
20230203,100000,514.1,515,502.5,504.4,966505,0
20230203,110000,504.4,506.7,503.5,503.9,222194,0
20230203,120000,503.8,503.9,494,498.4,991209,0
20230203,130000,498.5,508.4,498.4,507,522717,0
20230203,140000,507,514.7,505.5,513,443719,0
20230203,150000,513,520.9,509.4,518,664745,0
20230203,160000,517.9,518.3,501,505.5,914487,0
20230203,170000,505.5,509.9,500.6,505.6,466966,0
20230203,180000,505.4,508,502,505.3,195745,0
20230203,190000,505.5,507.5,501.3,505.1,133162,0
20230203,200000,505,505.3,503.1,504.8,76650,0
20230203,210000,504.7,507.4,504.2,506.4,57811,0
20230203,220000,506.6,508,505.9,507.6,94555,0
20230203,230000,507.6,509,506.9,507.5,96346,0
20230206,100000,508.6,515,505,513.5,480471,0
20230206,110000,513.4,518,512.7,516.3,387522,0
20230206,120000,516.1,516.9,513.2,515.2,135675,0
20230206,130000,515.2,515.8,514,514.7,77167,0
20230206,140000,514.7,516,514,514.7,104565,0
20230206,150000,515,519.1,514.7,516.6,283249,0
20230206,160000,516.6,516.7,514.7,515.5,93865,0
20230206,170000,515.4,517,515.2,516,63331,0
20230206,180000,515.9,516.2,511.8,513,171289,0
20230206,190000,514,515.8,514,515,56658,0
20230206,200000,514.8,515,513.5,514.5,58920,0
20230206,210000,514.5,514.9,514,514.7,38091,0
20230206,220000,514.8,516.4,514,515.3,62828,0
20230206,230000,515.2,516.5,515,515.5,51791,0
20230207,100000,518.2,519.8,513.3,513.9,436452,0
20230207,110000,514,515.7,510,514.4,277675,0
20230207,120000,514.3,515.7,513.1,513.4,90370,0
20230207,130000,513.4,514.3,511.3,513.1,111821,0
20230207,140000,513.2,514.1,510.4,512.2,166773,0
20230207,150000,512.2,512.9,508.4,511.8,299847,0
20230207,160000,512,515.4,511.3,514.4,145699,0
20230207,170000,514.4,514.4,511.8,513.7,65042,0
20230207,180000,513.7,513.8,510.2,512,77031,0
20230207,190000,513,513.7,512,513.6,44759,0
20230207,200000,513.5,517,512.6,515.6,108605,0
20230207,210000,515.5,515.5,512,512.8,86652,0
20230207,220000,513,515.5,512.9,514.6,34045,0
20230207,230000,514.7,515,513.8,514.4,31786,0
20230208,100000,515.7,517.9,512.6,517.6,253998,0
20230208,110000,517.7,521.4,517.2,520.7,546146,0
20230208,120000,520.6,526.4,520,523.1,711231,0
20230208,130000,523.4,524.9,518,519.5,321905,0
20230208,140000,519.2,522.6,516.6,520.5,327737,0
20230208,150000,520.5,521.7,518.1,521.3,135023,0
20230208,160000,521.3,521.6,517.3,519.4,103724,0
20230208,170000,519.5,520.5,517.8,518.8,85232,0
20230208,180000,518.9,519.5,518,518,44719,0
20230208,190000,518.9,521,518.3,519.6,63897,0
20230208,200000,519.6,520.6,519.2,520.3,23615,0
20230208,210000,520.3,523,520.3,520.5,68832,0
20230208,220000,520.3,520.7,519.5,520.7,31213,0
20230208,230000,520.8,521.3,520,520.6,55559,0
20230209,100000,521.3,526,520.9,522.5,354263,0
20230209,110000,522.5,523.8,518,520.1,306005,0
20230209,120000,519.9,521.7,518.6,519.6,96081,0
20230209,130000,519.6,522.3,519,521.6,122827,0
20230209,140000,521.5,522.5,520.1,521.1,61304,0
20230209,150000,521.2,521.5,519.2,520,70108,0
20230209,160000,519.9,522.2,519.8,521.1,76446,0
20230209,170000,521.2,523,520.4,521.5,102055,0
20230209,180000,521.4,522,519.8,521.5,96153,0
20230209,190000,520.1,521.5,518.2,520.9,81445,0
20230209,200000,521,521.1,519.5,519.8,54513,0
20230209,210000,519.8,520,518.8,519.1,42958,0
20230209,220000,519.2,519.3,515.1,515.5,135050,0
20230209,230000,515.6,517.5,513.2,515.9,176342,0
20230210,100000,512,515.8,504.4,512,540422,0
20230210,110000,511.9,513,510,512.4,111286,0
20230210,120000,512.4,515.3,512.1,512.5,105549,0
20230210,130000,512.6,513,510.4,511.7,61591,0
20230210,140000,512,512.9,511.5,511.9,34797,0
20230210,150000,511.9,512,509,509.9,112696,0
20230210,160000,510.1,512.9,509.6,511.8,50761,0
20230210,170000,511.8,512.5,511,511.8,42488,0
20230210,180000,511.7,512.5,511,512.5,34128,0
20230210,190000,512,512.6,511.2,511.7,30333,0
20230210,200000,511.7,513.8,510.8,512.8,60426,0
20230210,210000,512.9,514,512.8,514,28143,0
20230210,220000,514,514.5,513.3,513.5,31672,0
20230210,230000,513.5,514,512.6,513.7,33390,0
20230213,100000,513.8,522,512.3,519.2,379308,0
20230213,110000,519.3,519.9,515,517.7,139513,0
20230213,120000,517.7,517.7,515.1,517,65353,0
20230213,130000,517,517.6,515.8,516.5,37132,0
20230213,140000,516.5,519,516.1,518.2,69016,0
20230213,150000,517.9,518.1,516.4,516.6,33122,0
20230213,160000,516.7,517,515.4,515.7,38198,0
20230213,170000,515.7,516.5,515,516.2,77294,0
20230213,180000,516.2,516.2,515.3,515.8,15166,0
20230213,190000,515.8,515.8,513.8,514.5,40734,0
20230213,200000,514.5,515.6,514.2,514.9,18417,0
20230213,210000,514.9,515.6,514.5,515.6,10838,0
20230213,220000,515.5,516.9,515.1,515.1,38467,0
20230213,230000,515.2,515.8,514.5,514.9,26715,0
20230214,100000,515.6,518,506.5,506.6,546319,0
20230214,110000,506.8,511.4,506.5,508.7,266212,0
20230214,120000,508.7,509.3,507.5,509.1,101659,0
20230214,130000,509.1,509.5,507,508.6,101730,0
20230214,140000,508.6,509.5,507.9,508.6,50853,0
20230214,150000,508.9,509,503.3,505,272662,0
20230214,160000,505,509,503.5,507.4,183481,0
20230214,170000,507,507.7,502.1,505.5,136152,0
20230214,180000,505.5,508,505,505,88292,0
20230214,190000,505.1,506.4,502.3,502.3,85752,0
20230214,200000,502.3,503.9,496.6,499.8,227505,0
20230214,210000,499.8,501.3,497.6,498.5,106301,0
20230214,220000,498.4,500.5,498,500.1,52313,0
20230214,230000,500,501,499.3,500.5,61631,0
20230215,100000,494,494.6,480,481.7,1199775,0
20230215,110000,481.6,482.6,473.3,478,801311,0
20230215,120000,478.1,482.9,476.2,479.2,355035,0
20230215,130000,479.1,482,477.2,479.5,138269,0
20230215,140000,479.3,482,475.3,481.7,141545,0
20230215,150000,481.7,484.9,478.8,479.3,341262,0
20230215,160000,479.3,480.6,477.7,479.3,113853,0
20230215,170000,479.4,480.3,471,474.1,296800,0
20230215,180000,474,474.9,463.9,468.9,597793,0
20230215,190000,468.9,473,462.5,465.6,294611,0
20230215,200000,465.5,465.6,448.1,453.8,942636,0
20230215,210000,453.8,466.5,453,463.7,828492,0
20230215,220000,463.7,476,463.7,470.7,1094661,0
20230215,230000,470.9,472.3,460,465.8,488464,0
20230216,100000,471.7,478.3,464.9,474.6,766254,0
20230216,110000,474.6,482,474.2,477,653418,0
20230216,120000,477.1,478.3,470.6,474.5,315992,0
20230216,130000,474.4,477.9,473.3,476.9,153796,0
20230216,140000,476.9,479.7,475.2,478.7,137690,0
20230216,150000,478.7,478.8,473.7,474.5,152393,0
20230216,160000,474.6,477.8,465,466,401988,0
20230216,170000,466,471.6,465,466,322452,0
20230216,180000,465.9,468.2,462.3,467.6,155131,0
20230216,190000,467.4,474.8,463.8,471.6,153404,0
20230216,200000,471.5,474.4,471,471.2,115527,0
20230216,210000,471.7,472.9,471.3,472,33669,0
20230216,220000,472.3,474.8,471.8,474.5,70832,0
20230216,230000,474.7,476,472.2,475,98422,0
20230217,100000,467,471.9,462,469.4,557435,0
20230217,110000,469.3,472,466.3,471,164486,0
20230217,120000,471.1,473,468.4,470.9,231428,0
20230217,130000,470.9,471.2,467.1,468,117906,0
20230217,140000,467.9,471.7,467,469,137323,0
20230217,150000,468.9,469.9,465.3,467.8,134955,0
20230217,160000,467.7,469,465,466.9,109874,0
20230217,170000,467.1,468.9,466.2,468.4,70336,0
20230217,180000,468.5,471.7,468,469.8,201931,0
20230217,190000,472.9,474.2,470,473,178493,0
20230217,200000,473,473.5,471,472.3,106096,0
20230217,210000,472.3,472.8,470.7,472.1,60213,0
20230217,220000,472,476.9,471.2,475.9,152383,0
20230217,230000,476,478.5,472.1,473.2,174270,0
20230220,100000,472.7,472.7,465,467.1,355804,0
20230220,110000,467.1,467.4,457.8,459.9,475620,0
20230220,120000,459.8,463.7,459.1,460.2,170694,0
20230220,130000,460.2,462.5,458,459.2,179286,0
20230220,140000,459.1,461.4,458.4,460,112583,0
20230220,150000,460,465.8,459.7,463.3,258133,0
20230220,160000,463.3,469.6,462.1,469.1,251325,0
20230220,170000,469,471.9,465,470.9,310721,0
20230220,180000,471,474.6,469.3,474,236155,0
20230220,190000,474,474,470,470.1,108425,0
20230220,200000,470,471.2,468.1,470.7,63075,0
20230220,210000,470.6,473,470.5,472.8,50898,0
20230220,220000,472.9,473.9,470.8,472,70285,0
20230220,230000,472,472.2,469.1,470,71672,0
20230221,100000,469.5,474,469.4,473.5,275667,0
20230221,110000,473.4,478.5,471.1,475.3,367137,0
20230221,120000,475.3,496.4,475,492.9,1197079,0
20230221,130000,492.9,493.2,481.3,484.7,904225,0
20230221,140000,484.7,489.7,484.7,488.6,160802,0
20230221,150000,488.4,493,487.3,490.3,294819,0
20230221,160000,490.3,493.2,488.6,492.6,180114,0
20230221,170000,492.6,492.6,490,491.2,182914,0
20230221,180000,491.2,492.3,489.1,491.9,105903,0
20230221,190000,491.8,492.2,488,489.7,131549,0
20230221,200000,489.5,492.6,489.3,492.2,73248,0
20230221,210000,492.2,492.3,489.5,491.1,110038,0
20230221,220000,491.1,491.1,488.3,489.1,64901,0
20230221,230000,489.2,489.6,485,487.8,134677,0
20230222,100000,490.9,491.5,478.6,481.7,547649,0
20230222,110000,481.6,484.7,479.1,481.3,237943,0
20230222,120000,481.1,483.7,480.8,481.7,67867,0
20230222,130000,481.7,483,481.4,481.7,38253,0
20230222,140000,481.7,482,480.1,480.6,63285,0
20230222,150000,480.7,485,480.2,485,160326,0
20230222,160000,484.8,484.9,481.6,483.8,126654,0
20230222,170000,483.8,484.9,482.6,484.2,73340,0
20230222,180000,484.1,485.4,483,484.3,69603,0
20230222,190000,483,485,481.8,483,50768,0
20230222,200000,483,483.3,481.8,482.9,47541,0
20230222,210000,482.7,482.7,481.1,482.5,32206,0
20230222,220000,482.5,482.5,476.7,478.5,154388,0
20230222,230000,478.1,481.2,477.5,480.5,102091,0
20230224,100000,480.5,484.5,477.8,481.6,276419,0
20230224,110000,481.6,483.5,480.6,482.9,142224,0
20230224,120000,482.9,484.7,482.5,484.1,65461,0
20230224,130000,484.2,484.5,481.6,482.6,63024,0
20230224,140000,482.6,482.6,480.6,481.4,49122,0
20230224,150000,481.4,481.4,479.1,480.7,76264,0
20230224,160000,480.8,480.8,478.4,479.3,37048,0
20230224,170000,479.3,480.9,478.1,479.4,39312,0
20230224,180000,479.5,481.2,479.5,479.8,27356,0
20230224,190000,479.5,480.5,478,478.4,60874,0
20230224,200000,478.2,479.7,478.2,479.1,9715,0
20230224,210000,479.3,479.7,479,479.7,14299,0
20230224,220000,479.7,481.5,478.9,481,36443,0
20230224,230000,481.4,481.4,480.2,480.8,28461,0
20230227,100000,470.2,481,469.9,479.8,463658,0
20230227,110000,479.8,479.8,476.1,476.7,131118,0
20230227,120000,476.8,478.9,476.2,478.1,56836,0
20230227,130000,478.2,479.5,477.8,478.2,53351,0
20230227,140000,478.2,479.3,477.6,478.4,44422,0
20230227,150000,478.3,487.5,478.3,485.4,255814,0
20230227,160000,485.4,489,484.5,487.7,195293,0
20230227,170000,487.7,492.3,487.5,490.8,265585,0
20230227,180000,491,491.4,486.7,487.9,88901,0
20230227,190000,487.9,491,485.1,489.9,108265,0
20230227,200000,490,490.5,488.8,489.5,21586,0
20230227,210000,489.5,490.5,488.4,489.4,39151,0
20230227,220000,489.3,490.7,488.6,489.3,38653,0
20230227,230000,489.5,490,488.4,489,30231,0
20230228,100000,492,497.6,490.1,491,655281,0
20230228,110000,491,495.9,490.5,494,214117,0
20230228,120000,493.9,494.4,491.7,493.9,102165,0
20230228,130000,494,495,492,492.9,99788,0
20230228,140000,493,493.8,489.2,492.4,175835,0
20230228,150000,492.4,492.6,490.8,492.5,70121,0
20230228,160000,492.4,494.2,492,494,117511,0
20230228,170000,494,494,493.1,493.8,29698,0
20230228,180000,493.7,495.5,493,495.4,140702,0
20230228,190000,495.3,495.3,493,494.1,21218,0
20230228,200000,494.1,495.5,494,495.5,35351,0
20230228,210000,495.5,495.7,494.6,495.1,28117,0
20230228,220000,495,497,494.8,496.7,69042,0
20230228,230000,496.7,502,496.3,499.4,199629,0
20230301,100000,503.4,511.9,502,508.1,869305,0
20230301,110000,508,510.5,507.4,509.4,225554,0
20230301,120000,509.8,511,507.5,508.1,176344,0
20230301,130000,508.1,510.4,508,509.9,86721,0
20230301,140000,509.9,509.9,507.6,509.1,88062,0
20230301,150000,509.1,509.2,503,506.5,233428,0
20230301,160000,506.5,508,505.3,505.4,103453,0
20230301,170000,505.3,507.9,503.1,507,144941,0
20230301,180000,507.1,507.5,505.4,507.5,53822,0
20230301,190000,507.5,509,506.5,508.8,42505,0
20230301,200000,508.9,509.1,507.8,508.5,41631,0
20230301,210000,508.5,511.4,508.3,510.8,114523,0
20230301,220000,510.9,511.5,509.3,510.1,60081,0
20230301,230000,510.1,510.6,509.3,510.1,46169,0
20230302,100000,508.1,509.9,505.1,508.6,269770,0
20230302,110000,508.5,508.7,506.5,507.4,67546,0
20230302,120000,507.4,507.8,502,503.2,294790,0
20230302,130000,503,503.2,492.9,499,1069467,0
20230302,140000,499,505.7,495.1,505.3,356097,0
20230302,150000,505.2,505.7,500.1,500.4,191803,0
20230302,160000,500.4,501.5,496.8,496.9,120413,0
20230302,170000,496.9,500,496.8,499.3,62678,0
20230302,180000,499.3,501.6,498.8,501.2,49620,0
20230302,190000,502.9,503.1,500.1,502.6,38104,0
20230302,200000,502.6,502.6,500,500.5,34745,0
20230302,210000,500.7,501.6,499.4,500.6,34238,0
20230302,220000,500.8,502.6,500.3,500.6,42500,0
20230302,230000,500.6,502.3,497.2,498,63995,0
20230303,100000,500,504.8,500,501.9,281944,0
20230303,110000,502,504.9,501.6,504,205872,0
20230303,120000,503.8,504.4,503.1,503.4,59118,0
20230303,130000,503.3,506.9,503,505.9,159406,0
20230303,140000,506,506,503.1,504,79748,0
20230303,150000,504,504.8,503,503.9,37296,0
20230303,160000,503.9,505.2,503.7,504.9,63193,0
20230303,170000,505,505.9,503.7,505,84194,0
20230303,180000,504.8,505.9,504.4,504.5,31824,0
20230303,190000,505.9,508.2,505,507.9,75698,0
20230303,200000,507.9,507.9,506.8,506.8,27801,0
20230303,210000,507,507.2,506.7,506.9,28586,0
20230303,220000,506.9,507.7,506.8,507.3,50529,0
20230303,230000,507.3,507.7,506.2,506.8,44690,0
20230306,100000,510.8,515.3,508.6,512,336708,0
20230306,110000,511.9,513.6,511.8,512.7,129407,0
20230306,120000,512.7,513.1,511.6,512.7,63071,0
20230306,130000,512.7,512.9,511.6,512.3,27024,0
20230306,140000,512.2,512.6,510.7,512.2,53069,0
20230306,150000,512.3,514.4,512.2,513,95549,0
20230306,160000,513.1,513.5,510.9,512,77689,0
20230306,170000,512,513,510.9,512.9,40278,0
20230306,180000,512.9,513,511.9,512,24158,0
20230306,190000,512.4,512.4,511,511.4,24296,0
20230306,200000,511.4,511.7,510.6,511.5,22537,0
20230306,210000,511.6,511.9,510.4,511,38559,0
20230306,220000,511,511,510,510.5,49728,0
20230306,230000,510.5,510.8,509.5,510.3,20204,0
20230307,100000,511,511,505.4,508,267071,0
20230307,110000,508,510.5,506.6,509.3,103889,0
20230307,120000,509.2,510.2,508.4,509.5,46740,0
20230307,130000,509.3,509.9,507.9,508.4,31582,0
20230307,140000,508.4,508.7,508,508.3,13932,0
20230307,150000,508.3,508.7,507.5,507.9,26452,0
20230307,160000,507.8,508.1,506.3,506.6,66554,0
20230307,170000,506.7,508.1,505.5,507.4,74088,0
20230307,180000,507.3,507.3,503,503.6,209402,0
20230307,190000,503.6,505.1,500.3,505,233834,0
20230307,200000,505.1,507.1,503.6,504.8,135514,0
20230307,210000,504.9,504.9,503.5,504.1,41853,0
20230307,220000,504.2,506.4,504,505,59510,0
20230307,230000,505,506.8,504.9,506.8,46691,0
20230309,100000,505.9,509.7,503.4,506.5,267558,0
20230309,110000,506.4,507.5,505.3,506.6,66635,0
20230309,120000,506.5,506.6,503.7,505.9,109898,0
20230309,130000,505.7,507.4,505.5,506.5,31324,0
20230309,140000,506.5,509,506.3,508.8,78862,0
20230309,150000,508.8,509.5,506,507.6,116238,0
20230309,160000,507.6,509.6,506.5,509,79202,0
20230309,170000,509,510.5,508.8,509.7,146387,0
20230309,180000,509.7,510.3,508.8,509.9,59858,0
20230309,190000,509.8,509.8,508.2,508.7,41875,0
20230309,200000,508.8,510,508.3,509,19612,0
20230309,210000,509.1,509.8,509,509.6,16444,0
20230309,220000,509.6,510,508.2,509,34265,0
20230309,230000,509.2,509.3,507.3,507.9,28963,0
20230310,100000,506.8,507,504,507,219931,0
20230310,110000,507,507.4,505.6,507.2,40442,0
20230310,120000,507.2,509,506.8,508.4,60387,0
20230310,130000,508.4,508.6,506.4,507.2,37285,0
20230310,140000,507.2,507.9,506.5,506.9,28655,0
20230310,150000,506.8,507.1,505.6,506,45021,0
20230310,160000,506,508.8,506,508.2,72876,0
20230310,170000,508.5,509.9,507.4,509.9,96086,0
20230310,180000,509.9,510.7,509.2,510,153267,0
20230310,190000,510.5,510.5,508.3,508.7,51608,0
20230310,200000,508.7,509.9,508.2,509.6,45332,0
20230310,210000,509.8,509.9,506.6,508.4,73133,0
20230310,220000,508.4,508.6,506.8,508.3,56988,0
20230310,230000,508.3,508.6,507.7,508.2,23009,0
20230313,100000,512.9,517.9,511.7,516.6,529531,0
20230313,110000,516.9,519.5,515.4,518.8,230521,0
20230313,120000,518.7,524.6,517.2,522.9,659198,0
20230313,130000,522.9,523.4,520.6,522.2,296730,0
20230313,140000,522.2,523.2,521,522.4,212028,0
20230313,150000,522.2,522.6,516.2,518.7,546086,0
20230313,160000,518.7,524,518.4,522.8,243913,0
20230313,170000,522.8,535,522.5,534.9,805854,0
20230313,180000,535,538.4,531.5,535.1,552657,0
20230313,190000,535.1,543.8,534.5,537,795968,0
20230313,200000,537.1,541.7,536.2,539.5,384405,0
20230313,210000,539.5,542.5,538.5,540.9,197546,0
20230313,220000,540.9,541.6,539.2,541.3,166825,0
20230313,230000,541.3,545,541,544.6,259295,0
20230314,100000,544.8,561.3,538.5,558.6,2521174,0
20230314,110000,558.6,563.6,551.3,553.4,1353703,0
20230314,120000,553.5,556.3,548.7,549.6,696581,0
20230314,130000,549.6,553.5,548,551.3,331489,0
20230314,140000,551.3,553.5,549.5,551.8,192524,0
20230314,150000,551.7,558.6,551.6,556.7,487937,0
20230314,160000,556.9,557.6,546.1,549.9,629153,0
20230314,170000,549.9,552.8,548.2,551.8,278685,0
20230314,180000,551.7,552.2,550,550,83923,0
20230314,190000,552,552,546.8,549.1,156807,0
20230314,200000,549,552.2,548.3,550.1,86363,0
20230314,210000,550,550.5,546.9,547.9,87491,0
20230314,220000,548.1,549.9,547.5,549.3,48765,0
20230314,230000,549.4,551.4,549.3,550,62412,0
20230315,100000,549.8,550.7,532.8,542.3,1279796,0
20230315,110000,542.3,542.4,534,535.8,577085,0
20230315,120000,536.1,546.2,535,544.7,376144,0
20230315,130000,544.5,547.7,542.3,545,444456,0
20230315,140000,545,556.9,543.2,553.9,671854,0
20230315,150000,553.8,559.6,553,556.3,565043,0
20230315,160000,556.3,556.8,548,551.6,380989,0
20230315,170000,551.6,552.3,548,550.4,220556,0
20230315,180000,550.4,554.1,550.1,550.5,119954,0
20230315,190000,550.5,558,550.5,553.9,198500,0
20230315,200000,553.9,554,549.8,551,143333,0
20230315,210000,551,552,547.5,548.5,150436,0
20230315,220000,548.9,550.5,548.2,550.3,63908,0
20230315,230000,550.2,550.9,547.1,549.4,85542,0
20230316,100000,550.5,551,536.2,543.6,1112825,0
20230316,110000,543.7,545.5,540.3,540.9,253433,0
20230316,120000,541,542.9,536.7,538,350664,0
20230316,130000,538,542.3,537.8,540.6,159824,0
20230316,140000,540.8,540.9,536.1,536.5,255702,0
20230316,150000,536.6,536.7,527.4,531.4,778280,0
20230316,160000,531.4,533.7,529.1,531.6,320582,0
20230316,170000,531.6,538.8,531,536.1,382515,0
20230316,180000,536.1,537.4,530.8,531.7,186332,0
20230316,190000,531.7,535.9,531.1,534,67509,0
20230316,200000,534,534.1,531,531.4,87405,0
20230316,210000,531.7,533,531,531.6,30331,0
20230316,220000,531.6,533.8,531.6,533.6,41604,0
20230316,230000,533.5,535.8,533.4,534.8,64169,0
20230317,100000,538.2,542.3,536.2,541,505769,0
20230317,110000,541,545.6,540.7,542.3,430724,0
20230317,120000,542.2,542.5,540.1,541.1,106890,0
20230317,130000,541.1,541.1,536.6,537,136046,0
20230317,140000,537,540.6,535.7,539.2,243486,0
20230317,150000,539.2,543.5,539.2,542.2,206101,0
20230317,160000,542.1,544.5,541.1,541.8,156501,0
20230317,170000,541.8,545.9,540,543.6,282429,0
20230317,180000,543.9,545.3,540.9,542.4,120987,0
20230317,190000,544.5,544.5,540.9,541.3,49126,0
20230317,200000,541.4,544.4,541.3,543.7,68188,0
20230317,210000,543.8,553.3,543.7,550.5,320286,0
20230317,220000,550.5,550.6,545.3,546.6,207375,0
20230317,230000,546.6,548,545.4,546.5,104610,0
20230320,100000,555.8,561,553.1,556.2,775896,0
20230320,110000,556.2,558.6,555.5,555.9,170134,0
20230320,120000,555.9,556.7,551,551.3,343580,0
20230320,130000,551.3,553,548.7,551.9,194460,0
20230320,140000,551.9,556,551.7,554.6,184541,0
20230320,150000,554.6,555.5,551.3,553,102513,0
20230320,160000,553,555.2,551.3,553.7,83795,0
20230320,170000,553.8,554.5,550.1,551.2,172864,0
20230320,180000,551.1,553.2,551,552.9,58481,0
20230320,190000,550.1,554.4,550.1,552.4,45694,0
20230320,200000,552.4,553.4,551.5,552,62749,0
20230320,210000,552,553.6,551.5,552.5,57303,0
20230320,220000,552.4,553,550.2,550.8,118373,0
20230320,230000,551.1,551.8,550.8,551.5,41527,0
20230321,100000,549,552.1,543.3,544.8,385909,0
20230321,110000,544.8,546.8,542.3,546.5,201465,0
20230321,120000,546.6,546.8,543.3,544.2,76251,0
20230321,130000,544.2,545.2,543.5,545.1,43266,0
20230321,140000,545.1,547.7,544.6,547,54498,0
20230321,150000,547,547.4,545.5,546,51569,0
20230321,160000,546.2,546.3,544,544.1,59857,0
20230321,170000,544.1,545.7,543,544.1,108415,0
20230321,180000,544.2,544.3,542.3,542.3,69625,0
20230321,190000,543.8,543.8,537.6,541.3,125167,0
20230321,200000,541.2,543,541.2,542.4,33377,0
20230321,210000,542.2,542.4,539.3,540.9,55189,0
20230321,220000,540.9,542,540.1,541,29390,0
20230321,230000,541,541.9,540.3,540.7,33223,0
20230322,100000,540.3,542.5,536,537.4,294900,0
20230322,110000,537.5,547.9,537.4,545.5,334866,0
20230322,120000,545.6,549.8,545.4,548.3,200330,0
20230322,130000,548.3,548.7,544.7,547.7,101914,0
20230322,140000,547.6,547.9,544.2,545.1,55336,0
20230322,150000,545.1,546.5,544,545.7,36135,0
20230322,160000,545.7,546.4,544.6,546.3,30089,0
20230322,170000,546.1,550.5,546.1,550.2,149935,0
20230322,180000,550.2,551.9,549.3,550.5,119569,0
20230322,190000,550.5,551.5,548,550.6,62914,0
20230322,200000,550.6,550.8,548,549.7,22272,0
20230322,210000,549.7,558.9,549.7,554.8,600094,0
20230322,220000,555,556.8,551.7,554.9,259707,0
20230322,230000,554.9,557.5,554.3,557.5,141157,0
20230323,100000,563,566.6,559,561.4,777958,0
20230323,110000,561.3,562,556,556.5,322934,0
20230323,120000,556.9,560.5,555,558,207294,0
20230323,130000,558,559.7,557.8,559.3,30220,0
20230323,140000,559.3,559.3,555,556.3,74795,0
20230323,150000,556.2,556.5,551.5,553.6,145922,0
20230323,160000,553.9,558.7,553.4,558.5,132965,0
20230323,170000,558.6,559.1,556.7,557.5,61353,0
20230323,180000,557.5,559,557.2,558.6,28678,0
20230323,190000,560,562.7,558,561.7,126925,0
20230323,200000,561.6,561.9,559.7,561.2,97453,0
20230323,210000,561,562.2,559.7,559.9,81028,0
20230323,220000,559.9,560.7,558,558.9,114364,0
20230323,230000,558.9,559.7,554.2,555.5,96313,0
20230324,100000,554.8,557.4,544.4,555.7,337719,0
20230324,110000,555.8,557,553.4,554.3,165310,0
20230324,120000,554.3,558.5,554.2,557.1,127259,0
20230324,130000,557.1,559.5,556.6,557.5,106763,0
20230324,140000,557.4,557.9,556,556.8,55267,0
20230324,150000,556.8,560,556.4,559.4,185287,0
20230324,160000,559.4,561.4,555.4,555.9,205730,0
20230324,170000,555.9,562.6,555.7,559.7,310294,0
20230324,180000,559.5,560.4,557.8,558,146208,0
20230324,190000,556.3,559.7,556.2,559.1,30915,0
20230324,200000,559.2,559.4,556.8,557.5,56498,0
20230324,210000,557.4,558.9,556.4,558.9,50460,0
20230324,220000,558.8,558.8,556,557.3,72543,0
20230324,230000,557.3,557.9,555.8,556.6,64870,0
20230327,100000,555,558.9,554.1,558,173161,0
20230327,110000,557.9,557.9,555.7,556,55370,0
20230327,120000,556,556.5,552.1,553.4,175948,0
20230327,130000,553.5,555.5,552.3,555,160083,0
20230327,140000,554.9,557.5,554.5,557,132271,0
20230327,150000,556.9,558.5,555.8,556.3,89646,0
20230327,160000,556.4,556.9,554.6,555.3,65210,0
20230327,170000,555.5,557.4,555.1,556.4,33632,0
20230327,180000,556.4,557.9,556.3,557.9,47202,0
20230327,190000,557.9,558,555.1,556.4,49426,0
20230327,200000,556,557.3,555.3,556.9,35877,0
20230327,210000,556.9,556.9,556.2,556.7,14419,0
20230327,220000,556.7,557.6,556.2,556.7,33562,0
20230327,230000,556.7,557.1,556.3,557,10185,0
20230328,100000,557.4,557.9,555,555.1,95398,0
20230328,110000,555.2,555.8,553.4,553.7,98035,0
20230328,120000,553.7,556.4,553.3,555.5,66165,0
20230328,130000,555.4,556.5,554.3,556.2,52521,0
20230328,140000,556.2,557,555.5,556.7,30857,0
20230328,150000,556.7,560,556.7,559.2,228070,0
20230328,160000,559.3,559.9,558.5,559.5,155204,0
20230328,170000,559.4,566,558.3,565.5,509906,0
20230328,180000,565.6,567.5,562.2,563.4,228055,0
20230328,190000,562.9,564.3,561.1,563.3,64205,0
20230328,200000,563.3,565,562.6,564.8,71438,0
20230328,210000,564.8,564.9,562.2,562.7,40100,0
20230328,220000,562.9,564.4,562.7,564,45229,0
20230328,230000,564,564.3,561.5,564.2,102872,0
20230329,100000,561.6,562.2,555,561.4,322186,0
20230329,110000,561.4,561.8,559.8,560.5,63609,0
20230329,120000,560.4,562.7,559.9,561.8,180973,0
20230329,130000,561.8,563.2,560.5,561,136108,0
20230329,140000,561,562,560,561.5,65739,0
20230329,150000,561.5,561.9,560.1,561.7,45869,0
20230329,160000,561.6,561.7,560.2,560.8,44615,0
20230329,170000,560.8,561.2,559.2,559.5,92396,0
20230329,180000,559.6,559.6,557.5,558,90880,0
20230329,190000,558,559.8,557.9,559.2,34174,0
20230329,200000,559.2,559.3,558.1,559.3,14896,0
20230329,210000,559.3,559.4,558.1,559,20397,0
20230329,220000,559.1,559.2,558.6,559,24128,0
20230329,230000,559.1,559.3,558.4,558.9,23397,0
20230330,100000,560.8,561.9,559,559.9,166256,0
20230330,110000,559.9,560.8,558.1,559.4,62596,0
20230330,120000,559.2,561,559,561,42855,0
20230330,130000,561,562,559.8,561.2,68364,0
20230330,140000,561.2,562.7,561,562.4,48431,0
20230330,150000,562.4,563.9,560.9,563,120418,0
20230330,160000,562.9,563.2,561.1,562.1,63202,0
20230330,170000,562.1,562.4,560,561.2,47725,0
20230330,180000,561.4,561.9,561,561.1,22324,0
20230330,190000,561.8,567.5,561.2,565.6,236136,0
20230330,200000,565.5,566.9,564.3,565.1,100774,0
20230330,210000,565,565.4,564.4,564.8,36095,0
20230330,220000,564.6,565.1,563.6,564.7,41948,0
20230330,230000,564.7,565.5,563.8,565.5,34718,0
20230331,100000,567.4,571.5,563.5,565,568892,0
20230331,110000,565,566.3,563.9,565.1,87729,0
20230331,120000,565,566.2,561.1,563.2,159432,0
20230331,130000,563.1,564.6,560,563.9,194166,0
20230331,140000,563.9,565.7,562.3,564.9,92972,0
20230331,150000,564.6,567.8,561.8,565.1,182029,0
20230331,160000,565.1,565.1,563.1,564.3,45238,0
20230331,170000,564.3,564.7,563,563,50002,0
20230331,180000,563.1,563.6,562.1,562.5,37742,0
20230331,190000,562.5,564.8,562.5,564,19596,0
20230331,200000,564,564,562.5,562.9,24237,0
20230331,210000,562.9,563.6,562.4,563,17292,0
20230331,220000,562.8,564.1,562.5,563.5,25327,0
20230331,230000,563.9,564,562.4,562.9,21719,0
20230403,100000,559.9,562.9,557,560.5,225445,0
20230403,110000,560.6,561.6,558.5,560.4,171862,0
20230403,120000,560.4,561.8,559.6,559.9,59121,0
20230403,130000,559.6,561.6,559.5,561.5,53580,0
20230403,140000,561.5,561.6,560,561.1,48665,0
20230403,150000,561.1,563.2,561,563,106559,0
20230403,160000,563,563,560.9,562.2,34282,0
20230403,170000,562,568.7,561.8,566.6,434534,0
20230403,180000,566.6,567,564.3,565.6,136752,0
20230403,190000,565.5,567.7,564.8,565.6,115283,0
20230403,200000,565.6,565.6,562.5,565.2,46679,0
20230403,210000,565.2,565.9,564.6,565.6,15668,0
20230403,220000,565.6,566,565.1,565.6,24359,0
20230403,230000,565.6,565.9,565.1,565.2,17162,0
20230404,100000,565.8,566.9,564,564.8,155584,0
20230404,110000,564.8,566,564.5,565.4,65544,0
20230404,120000,565.4,565.7,564.7,565,29590,0
20230404,130000,565,565.8,563,563.1,67875,0
20230404,140000,563.2,564,562.6,563.5,49708,0
20230404,150000,563.6,563.9,562.4,562.9,42206,0
20230404,160000,562.9,565.9,562.1,565.8,75922,0
20230404,170000,565.8,572.8,565.7,568.2,675881,0
20230404,180000,568.1,570,568.1,568.4,95372,0
20230404,190000,568.5,571.5,568.5,570.1,70991,0
20230404,200000,570.1,570.8,569.5,569.8,49082,0
20230404,210000,569.5,573,569.5,573,89549,0
20230404,220000,573,584,572.9,581.4,660476,0
20230404,230000,581.7,581.8,580,581,94202,0
20230405,100000,581.1,591,576.1,587,820401,0
20230405,110000,586.9,592.6,583.6,586.8,373604,0
20230405,120000,586.8,589.8,585.5,588.9,172971,0
20230405,130000,588.8,588.9,586.5,586.9,76002,0
20230405,140000,586.9,586.9,583,585.9,134205,0
20230405,150000,585.9,589.4,585.5,588.3,184216,0
20230405,160000,588.3,588.8,586,587.2,97501,0
20230405,170000,587.2,588.7,580.1,585.5,244270,0
20230405,180000,585.4,589,583.4,589,89631,0
20230405,190000,587.2,588,585,586.9,35628,0
20230405,200000,586.9,588,586.4,587.5,29047,0
20230405,210000,587.5,587.6,586.5,586.9,17321,0
20230405,220000,586.9,586.9,585.7,585.8,20541,0
20230405,230000,586.1,587.3,585.6,586.4,31478,0
20230406,100000,585.9,588.2,584.1,585,169127,0
20230406,110000,585,586.8,584.6,585.6,55798,0
20230406,120000,585.6,586.5,584,584.9,59613,0
20230406,130000,584.9,584.9,582.8,584.8,111797,0
20230406,140000,584.8,586.8,584.7,585.6,73793,0
20230406,150000,585.6,586.6,584.1,585,93767,0
20230406,160000,584.8,586.3,582,584.1,141098,0
20230406,170000,584.1,585.4,583.6,584.8,38182,0
20230406,180000,584.6,585.4,584,584.6,19079,0
20230406,190000,584,586.5,584,585.9,25840,0
20230406,200000,585.9,586.4,585.4,586.2,15974,0
20230406,210000,586.1,587.4,585.1,585.3,30794,0
20230406,220000,585.3,585.4,584.5,584.6,54665,0
20230406,230000,584.5,584.8,581.1,582.1,88174,0
20230407,100000,582.6,586.8,581.1,584.5,122517,0
20230407,110000,584.5,585,583.6,585,80183,0
20230407,120000,585,586.1,584.1,585.7,92122,0
20230407,130000,585.7,588,585.4,587.3,101407,0
20230407,140000,587.1,590.8,586.2,590.2,294837,0
20230407,150000,590.2,591.3,585.2,587.8,183888,0
20230407,160000,587.8,588.3,585.7,587.2,68875,0
20230407,170000,587.2,588.2,587,588.2,64870,0
20230407,180000,588.1,588.2,586.6,588,56771,0
20230407,190000,586.4,590,586.4,589,36634,0
20230407,200000,589,589.9,587.8,588.9,82072,0
20230407,210000,588.8,589.5,588.5,589,18673,0
20230407,220000,589,589,588.1,588.7,19877,0
20230407,230000,588.3,588.9,588,588.7,27378,0
20230410,100000,590.3,597,588.5,596,289429,0
20230410,110000,596,601.2,594.8,600.5,343322,0
20230410,120000,600.4,616.7,600.3,609.9,857199,0
20230410,130000,609.9,611,607.1,610.7,209292,0
20230410,140000,610.7,616.4,610.4,613.8,407183,0
20230410,150000,613.8,617.7,611.8,612.5,299406,0
20230410,160000,612.5,617.2,610.7,615.4,313930,0
20230410,170000,615.3,616.9,613.4,615.3,124821,0
20230410,180000,615.3,616,614.5,616,51232,0
20230410,190000,614.7,618.4,614.7,617.1,83141,0
20230410,200000,617.3,624.8,614.9,620.9,203975,0
20230410,210000,620.7,626.9,620.3,624.4,254917,0
20230410,220000,624.4,626.8,623,625.4,128500,0
20230410,230000,625.2,626.5,623.9,626.2,89893,0
20230411,100000,629.5,650,628.3,649.3,1444328,0
20230411,110000,649.1,660.9,647.4,654.8,1654615,0
20230411,120000,654.8,658,651.3,653.5,327827,0
20230411,130000,653.3,656,651,651.5,194408,0
20230411,140000,651.4,655,651,652,164522,0
20230411,150000,652,652.6,642.3,643,444817,0
20230411,160000,643.2,643.2,624.1,640,1367146,0
20230411,170000,639.7,652,637.4,648.7,697393,0
20230411,180000,648.7,649.9,642.1,644,204241,0
20230411,190000,643.1,649,642.5,642.9,112778,0
20230411,200000,642.6,644.2,635.1,640.6,188251,0
20230411,210000,640.6,642.6,639.1,641.5,52121,0
20230411,220000,641.4,642.7,640.4,640.9,43184,0
20230411,230000,640.9,642.7,640,642.7,52453,0
20230412,100000,647.8,655,645.2,650.4,494519,0
20230412,110000,650.3,650.4,644.4,645.3,133422,0
20230412,120000,645.3,646.9,641.5,646.5,136568,0
20230412,130000,646.5,650,645.7,648.6,95400,0
20230412,140000,648.5,650.9,647.3,649.9,63013,0
20230412,150000,649.8,655,648,653.5,256033,0
20230412,160000,653.4,653.5,645.3,647.3,170617,0
20230412,170000,647.3,649.3,643.6,645.3,141376,0
20230412,180000,645.3,647.8,644.4,646.9,38708,0
20230412,190000,648.5,648.5,645,647.8,30695,0
20230412,200000,648,648.3,646.7,647.8,14892,0
20230412,210000,647.8,650,647.1,648.5,28611,0
20230412,220000,648.6,651.9,648.6,650.1,55041,0
20230412,230000,650,650.5,647.3,648.3,41552,0
20230413,100000,651.4,654.7,648.5,650.8,207160,0
20230413,110000,650.8,652.2,648.2,649,103298,0
20230413,120000,648.9,650.8,648.5,648.8,48259,0
20230413,130000,648.8,650.5,648.1,650.3,83581,0
20230413,140000,650.3,651.7,649.7,650.6,50089,0
20230413,150000,650.5,665.4,650.4,664.2,561246,0
20230413,160000,664.2,672.9,661,671.8,943766,0
20230413,170000,672,672.5,662.3,665.3,445219,0
20230413,180000,665.6,670.6,665,669.6,215141,0
20230413,190000,669.4,672,667.8,669.7,154285,0
20230413,200000,669.7,679.8,669.5,678,336392,0
20230413,210000,678.1,682.2,676,680.1,319800,0
20230413,220000,680.3,681,677.4,679,228238,0
20230413,230000,678.9,684.7,678.1,684.6,228707,0
20230414,100000,688.9,691.8,673.4,679.5,857032,0
20230414,110000,679.4,682.5,675,680.5,295140,0
20230414,120000,680.5,686.8,678.5,686.1,168707,0
20230414,130000,686,689,684.2,687,270240,0
20230414,140000,687,687.1,677,680.1,225936,0
20230414,150000,680.2,688.6,677.1,677.2,563694,0
20230414,160000,677.2,682.7,673.7,678,578004,0
20230414,170000,677.7,679.2,674.2,675.6,282518,0
20230414,180000,675.5,676,670.8,673,324928,0
20230414,190000,670.6,677.8,670.6,677.6,185708,0
20230414,200000,677.2,679.8,675.8,677.8,96681,0
20230414,210000,677.8,679.2,676,677.4,50839,0
20230414,220000,677.3,678.2,676,677,67540,0
20230414,230000,677,679.2,676.5,678.4,73291,0
20230417,100000,680.8,687.3,680.4,684.2,274647,0
20230417,110000,684.1,684.4,680.8,682.1,102575,0
20230417,120000,682,682.8,678.1,682.2,162683,0
20230417,130000,682.3,682.4,678.5,681.2,94656,0
20230417,140000,681.2,684.9,680,683.6,155821,0
20230417,150000,683.6,689.4,683.5,686.2,328835,0
20230417,160000,686.1,687.8,681.2,684.6,174734,0
20230417,170000,684.4,684.6,679.8,680.9,135189,0
20230417,180000,681,683.9,679.5,682.1,117499,0
20230417,190000,681,684,679.6,681,88037,0
20230417,200000,681.1,685,680.6,682.9,83557,0
20230417,210000,683,683.5,682,682.7,16626,0
20230417,220000,682.7,684.9,682.4,684.7,49775,0
20230417,230000,684.6,685,683,683.9,43170,0
20230418,100000,684.9,687,680.2,684,233326,0
20230418,110000,684.1,686.5,683.3,683.4,95448,0
20230418,120000,683.5,684.2,670.2,674.3,257169,0
20230418,130000,674.4,681.4,674,680,190356,0
20230418,140000,679.8,683.2,679.4,682.6,73917,0
20230418,150000,682.6,683.8,681.7,682.4,43851,0
20230418,160000,682.5,682.9,680.4,681.2,68376,0
20230418,170000,681.4,684.3,680.6,684.3,124699,0
20230418,180000,684.3,686.9,683.1,683.9,149808,0
20230418,190000,682,685.7,682,682.9,25154,0
20230418,200000,682.9,683.5,682,682.9,13993,0
20230418,210000,682.8,683.2,681.6,682.9,22342,0
20230418,220000,682.8,685,682.5,683.6,32608,0
20230418,230000,683.6,683.9,682,683.4,23239,0
20230419,100000,682.8,683,677,680.7,182431,0
20230419,110000,680.7,681,675.1,677.7,209123,0
20230419,120000,677.7,677.9,671.1,675.5,291313,0
20230419,130000,675.5,676.6,673,675.4,116019,0
20230419,140000,675.5,677.5,674.1,674.8,113457,0
20230419,150000,674.8,674.8,662.1,666.6,380397,0
20230419,160000,666.6,671.8,652.6,661.5,399094,0
20230419,170000,661.4,672.4,657.3,666.9,311615,0
20230419,180000,667,670.2,666.5,668.8,72095,0
20230419,190000,666.8,673,666.2,672.4,62854,0
20230419,200000,672.5,673,669.9,670.4,26385,0
20230419,210000,670.2,671.4,668,670.3,43484,0
20230419,220000,670.2,670.5,662.3,664.6,83614,0
20230419,230000,664.9,667.4,664.2,666.2,60519,0
20230420,100000,668.3,674,663.2,666.9,211397,0
20230420,110000,666.9,667.1,653.4,658.3,249049,0
20230420,120000,658.3,667.4,658.3,667.4,201668,0
20230420,130000,667.3,670,665.2,667.9,106794,0
20230420,140000,667.8,675,666.1,674,193464,0
20230420,150000,674,676.2,669.9,672.8,236701,0
20230420,160000,672.8,677.3,672.3,675.7,71895,0
20230420,170000,675.7,677.4,672.7,675,84354,0
20230420,180000,675.2,675.2,672.8,674,36109,0
20230420,190000,672,674.4,672,674,18630,0
20230420,200000,674,677,673.7,675.3,45134,0
20230420,210000,675.1,676,673.5,675.7,21157,0
20230420,220000,675.4,675.4,671,672.5,42295,0
20230420,230000,672.5,673.3,671.1,672.4,25421,0
20230421,100000,669.6,670.6,663.2,667.8,266279,0
20230421,110000,667.8,670.6,667.6,669.7,60033,0
20230421,120000,669.7,671.5,666.4,666.9,87226,0
20230421,130000,667,667.5,666.3,667.2,41621,0
20230421,140000,667.2,668,666.7,667,31748,0
20230421,150000,667,668.5,666.5,667.1,36914,0
20230421,160000,667.1,672,667,668.9,72872,0
20230421,170000,668.8,670.9,667.2,669.4,80784,0
20230421,180000,669.5,671.6,669,669.1,29171,0
20230421,190000,668.1,670.5,667.7,668.8,30575,0
20230421,200000,668.8,669.3,667.8,669.1,12133,0
20230421,210000,669.1,669.2,667,667.7,26765,0
20230421,220000,667.7,668.5,667.3,668,19594,0
20230421,230000,668,668.5,667.8,667.9,23548,0
20230424,100000,668.1,676.5,666.7,673.1,251731,0
20230424,110000,673.4,675.8,672.4,675.3,63618,0
20230424,120000,675.3,676.8,674,675.6,62198,0
20230424,130000,675.6,675.7,674.8,675,13751,0
20230424,140000,675,676.3,674.4,675,46411,0
20230424,150000,675,675.7,675,675.4,16585,0
20230424,160000,675.4,675.7,670.1,672.6,86513,0
20230424,170000,672.6,674.7,671.6,674.4,31800,0
20230424,180000,674.3,674.3,672,672.7,17742,0
20230424,190000,674.5,674.5,672.1,673,8238,0
20230424,200000,673.5,675,673.2,675,10020,0
20230424,210000,675,675.4,675,675.1,8578,0
20230424,220000,675.1,675.5,674.5,675.5,23692,0
20230424,230000,675.4,675.7,674.5,674.8,10466,0
20230425,100000,677.1,680,672.8,674.7,191468,0
20230425,110000,674.7,675,672.2,674.5,71682,0
20230425,120000,674.5,675,671,671.6,41361,0
20230425,130000,671.6,671.7,666,667.9,141941,0
20230425,140000,668,669.8,658.5,662.6,175148,0
20230425,150000,662.7,669.6,662.4,669.1,96623,0
20230425,160000,669,669.2,665.2,666.3,28148,0
20230425,170000,666.2,667.4,665.2,666.3,26818,0
20230425,180000,666.3,666.6,664.1,665.6,25306,0
20230425,190000,665.3,670,665.3,667.1,24402,0
20230425,200000,667.4,671.7,666.8,670.3,28860,0
20230425,210000,670.3,671,668.7,669,16620,0
20230425,220000,669,671,668.7,670.4,24728,0
20230425,230000,670.8,670.8,663.9,665.8,51964,0
20230426,100000,667.8,671.7,665.5,667.2,139155,0
20230426,110000,667.5,670.3,666.6,667,44361,0
20230426,120000,667,668,665.5,666,30737,0
20230426,130000,665.8,666.5,664.8,665.1,42203,0
20230426,140000,665.1,667.6,663.6,664,50739,0
20230426,150000,664,665.7,661,665.6,81965,0
20230426,160000,665.6,667.8,663.5,666.6,116800,0
20230426,170000,666.7,667,662.1,663.3,53005,0
20230426,180000,663.3,665.5,663,663.3,25924,0
20230426,190000,662,664.9,662,663.7,18362,0
20230426,200000,664.2,665,663.8,664.2,4165,0
20230426,210000,664.2,665,663.2,664.9,10203,0
20230426,220000,664.9,665,662,663.2,31236,0
20230426,230000,662.9,663.7,662.1,663.2,14348,0
20230427,100000,665,667,663.4,664.2,109832,0
20230427,110000,664.2,665.2,663.2,663.5,33871,0
20230427,120000,663.7,664,662.6,662.9,38017,0
20230427,130000,662.9,666.7,662.7,666.1,81303,0
20230427,140000,666,669.3,665.6,666.4,70079,0
20230427,150000,666.5,668.8,663,664.9,85626,0
20230427,160000,665,666.3,663.6,665.5,58859,0
20230427,170000,665.5,666.3,664.7,665.8,35992,0
20230427,180000,665.8,668.9,664.8,667.8,69736,0
20230427,190000,667.8,668.5,666.1,666.5,15249,0
20230427,200000,666.9,667.5,666.6,666.8,4314,0
20230427,210000,666.8,666.9,666,666.5,10391,0
20230427,220000,666.6,666.7,666,666,9264,0
20230427,230000,666.1,667.2,666,666.5,20123,0
20230428,100000,668.4,668.6,666.4,667.5,49786,0
20230428,110000,667.5,667.6,663.4,664.3,55835,0
20230428,120000,664.7,666.1,663.2,665.2,20898,0
20230428,130000,665.3,665.7,623,652.5,878821,0
20230428,140000,652.5,653.6,640,647.2,332519,0
20230428,150000,647.2,653.9,645,652.8,160419,0
20230428,160000,652.8,652.9,647,649,100810,0
20230428,170000,649,655.7,647.2,655.6,75551,0
20230428,180000,655.6,659.5,655,656.5,54292,0
20230428,190000,656.1,657.6,655,655.8,20407,0
20230428,200000,655.8,655.8,649.9,652.5,41887,0
20230428,210000,652.5,654.5,652.3,654.5,11330,0
20230428,220000,654.1,656.9,654,656.3,32409,0
20230428,230000,656.3,656.4,652.9,653.7,29287,0
20230502,100000,653,659,645.4,645.8,165267,0
20230502,110000,645.9,648.9,641.9,643.5,193471,0
20230502,120000,643.4,648,642.1,643.8,81046,0
20230502,130000,643.8,649.5,643.6,649.3,86977,0
20230502,140000,649.4,649.4,646.6,648,31972,0
20230502,150000,648,648.3,640.9,640.9,104674,0
20230502,160000,640.9,646.2,636,637.3,132320,0
20230502,170000,637.9,642,634,634.5,255159,0
20230502,180000,634.1,650,631.4,649.4,258124,0
20230502,190000,649.4,656.7,648.1,649.8,76756,0
20230502,200000,649.4,652.9,648.4,648.7,31427,0
20230502,210000,648.5,648.8,644,645.9,31254,0
20230502,220000,645.8,649.3,645.8,647.7,32201,0
20230502,230000,647.8,647.9,644,646.6,27340,0
20230503,100000,646.1,648.8,634,639.2,308549,0
20230503,110000,638.9,639.2,635,638.9,80346,0
20230503,120000,638.9,645,638.7,643.8,67802,0
20230503,130000,643.9,644.8,640.8,644.4,27816,0
20230503,140000,644.2,644.2,639,641.6,40850,0
20230503,150000,641.9,641.9,635.5,637.1,74787,0
20230503,160000,637.1,640.7,631.8,634,114434,0
20230503,170000,634,636.2,624.5,628.9,234527,0
20230503,180000,628.9,632,625,627.3,137567,0
20230503,190000,625,630,612,623.8,435164,0
20230503,200000,623.8,628,621.2,626.7,154922,0
20230503,210000,626.5,630,617,617.3,242176,0
20230503,220000,617.5,622.3,616.4,619.1,183179,0
20230503,230000,619.1,621.2,615.9,615.9,120784,0
20230504,100000,617.9,631,616,620.1,643585,0
20230504,110000,620,624.8,618.2,620.1,122837,0
20230504,120000,620,624.5,618.7,622.4,58847,0
20230504,130000,622.2,625.8,622.1,624.6,44568,0
20230504,140000,625,629.9,623.2,629.1,126958,0
20230504,150000,629.1,636.3,626.7,627.5,249856,0
20230504,160000,627.5,633.9,623,631.5,141876,0
20230504,170000,632,645,630.2,642.5,317799,0
20230504,180000,642.4,644.8,637,644.3,215014,0
20230504,190000,643.2,648.8,642.1,645.9,144039,0
20230504,200000,645.7,645.9,641.6,642.7,58518,0
20230504,210000,642.6,648,641.8,648,34511,0
20230504,220000,648,648.3,642.6,647,68372,0
20230504,230000,647.1,650,645.4,650,70578,0
20230505,100000,654,656,643.1,652.9,436648,0
20230505,110000,652.7,654,643.5,645.4,146757,0
20230505,120000,645.8,648.7,645.4,647,37262,0
20230505,130000,647.5,647.8,643.3,644.5,35992,0
20230505,140000,644.5,645.9,638.3,640,86188,0
20230505,150000,640.1,641.3,632.6,636.5,336552,0
20230505,160000,636.5,640.1,636.1,639.4,124963,0
20230505,170000,639.4,641.4,635.5,641.2,132011,0
20230505,180000,641.2,642.2,639.5,642.2,27465,0
20230505,190000,641.9,642.3,638.8,641.7,26398,0
20230505,200000,641.7,643,640,640,20583,0
20230505,210000,640.3,640.7,637,637,37282,0
20230505,220000,637,642.1,636.4,638.1,48320,0
20230505,230000,637.4,639,635.4,636.2,49253,0
20230508,100000,636,644,636,640.8,118167,0
20230508,110000,640.8,641,638,639,43127,0
20230508,120000,639,639.4,635.1,635.9,48966,0
20230508,130000,635.9,636.6,631.2,634.6,57109,0
20230508,140000,634.6,638.8,634.4,638.2,46663,0
20230508,150000,638.1,640.2,637.5,640,17154,0
20230508,160000,640.1,643.6,638.9,643.5,42882,0
20230508,170000,643.6,644.4,640.6,640.8,34856,0
20230508,180000,641,642.5,640.6,642.5,15996,0
20230508,190000,642.5,643.6,641,641.1,13029,0
20230508,200000,641.2,641.9,636,638.7,20678,0
20230508,210000,639.1,639.1,637,637.4,19603,0
20230508,220000,637.3,640.4,637.1,637.7,12423,0
20230508,230000,637.7,638.5,635,635.1,35852,0
20230510,100000,639,668.6,639,657.7,1027494,0
20230510,110000,657.8,661.8,655.7,659.3,231773,0
20230510,120000,659.3,668,659.1,664.1,369182,0
20230510,130000,664.1,682.1,664,677.4,1267059,0
20230510,140000,677.5,683,674.5,680.4,435309,0
20230510,150000,680.5,681.5,676.2,679.6,232775,0
20230510,160000,679.5,686.9,678.5,684.5,525892,0
20230510,170000,684.6,684.8,680.2,682.9,238075,0
20230510,180000,682.8,683.8,680.1,681.1,121416,0
20230510,190000,679.5,688.9,677.6,683,146115,0
20230510,200000,683.4,684,682,682.5,28810,0
20230510,210000,682.5,684.5,681.3,682.5,39952,0
20230510,220000,682.5,682.7,678,680.6,111385,0
20230510,230000,680.6,683,680.1,682.7,40731,0
20230511,100000,684.2,702,684.2,700.9,1573487,0
20230511,110000,700.8,702.7,691.3,692.5,523467,0
20230511,120000,692.4,697.7,691.2,697.7,176731,0
20230511,130000,697.7,698.2,685.6,687.6,234242,0
20230511,140000,688.6,694.1,682.5,687.1,417287,0
20230511,150000,687,691.2,685.3,689,91757,0
20230511,160000,689,689.4,680.3,680.9,174911,0
20230511,170000,681.4,689.6,680.9,687.4,117328,0
20230511,180000,687.4,688.2,684.8,685.6,33342,0
20230511,190000,684,687,683.3,684.5,24810,0
20230511,200000,684.5,684.5,668.2,674.5,192668,0
20230511,210000,674.4,677,650.1,665,726110,0
20230511,220000,665.4,674.8,662.7,671.8,516741,0
20230511,230000,671.7,674.6,668.2,668.8,150191,0
20230512,100000,674.5,679.6,666.2,676.9,354041,0
20230512,110000,677.1,677.1,670.1,670.1,80161,0
20230512,120000,670.1,671.1,662.9,669.5,163968,0
20230512,130000,669.5,673.5,669.5,671.3,64684,0
20230512,140000,671.4,671.4,665.3,666.7,43726,0
20230512,150000,666.7,672.8,666.2,672.2,74011,0
20230512,160000,672.2,674.4,671.9,672.6,55437,0
20230512,170000,672.6,673.6,671.9,672.1,39465,0
20230512,180000,672.2,672.2,669.2,670.5,29986,0
20230512,190000,669.1,673.1,669.1,670.5,16328,0
20230512,200000,670.5,671.4,670.3,671.2,12444,0
20230512,210000,671.2,672.5,671.2,672.3,19317,0
20230512,220000,672.3,673,671,672.9,31430,0
20230512,230000,673,673.8,671.3,673.1,35096,0
20230515,100000,679.9,686,678.2,683.1,267661,0
20230515,110000,683.3,689.6,682.3,684.6,185863,0
20230515,120000,684.6,685.6,683.6,684.8,52737,0
20230515,130000,684.8,685.7,683.8,684.8,53339,0
20230515,140000,684.9,685.1,680.2,681.8,102788,0
20230515,150000,681.4,681.9,676.8,680.4,109236,0
20230515,160000,680.4,681.8,678,678.8,72725,0
20230515,170000,678.8,679.3,676.1,679,47996,0
20230515,180000,679.3,681.8,678.2,680.1,33506,0
20230515,190000,681,683.1,678.9,681.4,35828,0
20230515,200000,681.4,683.9,680,681.5,41719,0
20230515,210000,681.4,682,680.4,681.4,10430,0
20230515,220000,681.4,682.6,681,681.4,19733,0
20230515,230000,681.4,686.2,681.4,686.1,43503,0
20230516,100000,688.5,688.5,680.6,681.9,205100,0
20230516,110000,682.1,683.5,676.9,677.9,149666,0
20230516,120000,677.9,680.3,676.6,678.3,109977,0
20230516,130000,678.8,680.4,677,679.5,53643,0
20230516,140000,679.5,679.6,677.6,677.6,54935,0
20230516,150000,677.6,679.5,677,677.5,57750,0
20230516,160000,677.6,678.6,672.5,677.9,238141,0
20230516,170000,677.5,679.1,674,675.7,68993,0
20230516,180000,675.7,677.3,673.8,675,41384,0
20230516,190000,676,677.9,675,675.1,31017,0
20230516,200000,675,675.9,673.1,675.9,24546,0
20230516,210000,675.9,676.1,674.5,675.9,17047,0
20230516,220000,676,677,675,675.7,20815,0
20230516,230000,676,677.6,675.4,676.9,17548,0
20230517,100000,676.9,677,667.2,670.2,162137,0
20230517,110000,670.2,671,667.6,668.9,95923,0
20230517,120000,668.9,671.5,667.8,669.6,83919,0
20230517,130000,669.5,670.8,668,668.1,61758,0
20230517,140000,668.1,668.7,663.8,664.3,139597,0
20230517,150000,664.2,664.7,662.3,663.4,124095,0
20230517,160000,663.5,667.8,663,663.1,133342,0
20230517,170000,663,666.1,662.5,663.2,77097,0
20230517,180000,663.5,666.5,662.9,665.1,41462,0
20230517,190000,666.9,667,665.3,665.6,42867,0
20230517,200000,665.8,666.5,665.3,666,9399,0
20230517,210000,666,670.7,665.9,669.5,54278,0
20230517,220000,669.5,673,669.2,671.9,50304,0
20230517,230000,671.9,672,669.5,670.6,18587,0
20230518,100000,669.9,670.4,664,665.8,126084,0
20230518,110000,665.8,665.9,662.7,665.1,81529,0
20230518,120000,665.1,667,665,665.5,36470,0
20230518,130000,665.5,666.4,664.3,665.3,20849,0
20230518,140000,665.5,666.1,663,663.5,63804,0
20230518,150000,663.6,664.9,657.6,657.6,162289,0
20230518,160000,657.7,659.2,652.7,656,222882,0
20230518,170000,656,658,653.6,654.3,76284,0
20230518,180000,654.4,656,654,654.4,30662,0
20230518,190000,656.1,658.8,654.7,658.7,36323,0
20230518,200000,658.7,658.8,656,657.4,16473,0
20230518,210000,657.3,658.3,656.5,657.1,7649,0
20230518,220000,657.1,657.9,655,656.8,24100,0
20230518,230000,657.2,657.2,655,655.1,20721,0
20230519,100000,655.9,657,646,646.3,219220,0
20230519,110000,646.3,648.8,643.2,647.5,126106,0
20230519,120000,647.4,652,646.8,648.7,112717,0
20230519,130000,648.8,648.8,645.5,646.3,90323,0
20230519,140000,646.3,647.5,643.8,645.1,151179,0
20230519,150000,644.8,645.2,641.4,642.2,100347,0
20230519,160000,642.2,646.2,642.1,643.3,79785,0
20230519,170000,643.2,646,576.8,589.6,2470691,0
20230519,180000,589.6,593,573.8,585.1,3487720,0
20230519,190000,589.9,603.8,587.8,594.8,1299585,0
20230519,200000,594.8,622,594.7,619.7,1551593,0
20230519,210000,619.7,620.5,609,616.6,1207517,0
20230519,220000,617,619,615,617,309817,0
20230519,230000,617,619.7,616,617.6,283696,0
20230522,100000,628.2,630,596.7,606.7,1463328,0
20230522,110000,606.5,607.5,592.9,597.6,442058,0
20230522,120000,597.6,601.8,591,594.8,615238,0
20230522,130000,594.8,599.8,592.3,593.7,193379,0
20230522,140000,593.7,596,590.1,592.2,224983,0
20230522,150000,592.2,599,589,596.7,276205,0
20230522,160000,596.6,597,593.4,595.8,96813,0
20230522,170000,595.8,595.9,587,589.1,193748,0
20230522,180000,589.3,591.6,589,591.4,62883,0
20230522,190000,590,595,587.8,594,78968,0
20230522,200000,593.8,596.6,591.9,596.3,96669,0
20230522,210000,596.2,596.2,594,595.6,32419,0
20230522,220000,595.6,595.8,591.4,592.1,70123,0
20230522,230000,592.1,595.1,591.4,592.4,56678,0
20230523,100000,590.7,590.8,563.6,566.2,1913534,0
20230523,110000,566.1,566.6,557.5,558.7,1156771,0
20230523,120000,558.7,565,557.3,562.1,475684,0
20230523,130000,562.1,571,560.1,568.6,510197,0
20230523,140000,568.6,572,563.1,567.6,505723,0
20230523,150000,567.6,569,559,563.5,388030,0
20230523,160000,563.6,568.8,562.5,567.4,292532,0
20230523,170000,567.4,568.8,565,566,318157,0
20230523,180000,566,569.7,562,568.8,331122,0
20230523,190000,567.1,569.6,566.5,567.9,113944,0
20230523,200000,567.9,568.6,565.9,567.9,68340,0
20230523,210000,567.5,574,567,573,152859,0
20230523,220000,573,578.8,572.7,574.5,455543,0
20230523,230000,574.9,574.9,566.6,568.8,159437,0
20230524,100000,568.4,586.1,561.1,584,1060610,0
20230524,110000,583.7,586.7,576.1,581.3,657833,0
20230524,120000,580.8,589.7,580.8,587.5,415943,0
20230524,130000,587.5,594.4,584.2,585.7,565545,0
20230524,140000,585.6,593,585,587.1,302856,0
20230524,150000,587.4,592.6,585,589.4,185403,0
20230524,160000,589.5,594,589.3,591.2,173642,0
20230524,170000,591.3,593.8,587,591.3,238715,0
20230524,180000,591.2,593,589.1,590.7,88533,0
20230524,190000,590.7,594,588.6,591.2,91973,0
20230524,200000,591,592.2,589.7,591,37935,0
20230524,210000,591,593,590.7,593,56180,0
20230524,220000,592.8,605,592.8,602.6,610574,0
20230524,230000,602.6,608.6,601.1,606.1,262832,0
20230525,100000,608.6,608.7,596.7,600.6,439800,0
20230525,110000,600.3,602.6,587.3,588.9,328080,0
20230525,120000,589,594.6,588.2,592,157454,0
20230525,130000,591.8,597.2,588.3,594.8,177146,0
20230525,140000,594.8,596.2,591,594,105364,0
20230525,150000,594,595,589.1,590.1,97510,0
20230525,160000,590.1,591.8,581,586.3,353738,0
20230525,170000,586.3,589.9,586.1,587.9,98227,0
20230525,180000,587.9,592.1,586.3,587.2,96994,0
20230525,190000,588.7,590,583,587,91912,0
20230525,200000,586.9,593,586.7,590.6,50218,0
20230525,210000,590.6,592.6,589,590.4,24152,0
20230525,220000,590.3,590.5,587,587.8,57782,0
20230525,230000,587.7,588.6,586.2,586.2,51126,0
20230526,100000,587,595,586.3,591.7,289638,0
20230526,110000,591.7,592.9,588,589.3,105378,0
20230526,120000,589.3,592.7,589.3,592.2,43936,0
20230526,130000,592.3,594.8,592,594,69542,0
20230526,140000,594.3,594.3,592.5,593.2,54551,0
20230526,150000,593.5,594.2,592.7,594,46775,0
20230526,160000,594,604.8,593.8,603,332372,0
20230526,170000,602.7,603,600,601.8,114494,0
20230526,180000,601.8,601.8,598.5,598.8,77057,0
20230526,190000,598.8,603,598.8,601.1,47566,0
20230526,200000,601,604.9,600.6,604.2,124048,0
20230526,210000,604.2,607.8,602,607.3,191246,0
20230526,220000,607.4,607.8,605.5,606.5,129712,0
20230526,230000,606.5,607.3,606,607,109713,0
20230529,100000,610.1,620,607.9,619.3,465127,0
20230529,110000,619.2,623,615.1,621.9,308840,0
20230529,120000,621.8,629.4,620.1,629.2,393862,0
20230529,130000,629.3,629.4,622.3,624.4,273491,0
20230529,140000,624.5,625.6,616,623.2,450924,0
20230529,150000,623.3,623.6,618.1,622.2,82382,0
20230529,160000,622.2,626.7,622.2,624.6,99699,0
20230529,170000,624.6,626,621.9,623.5,93056,0
20230529,180000,623.5,626,623.4,626,62157,0
20230529,190000,626,628,623,625.4,106456,0
20230529,200000,625.4,639.8,624,635.3,489231,0
20230529,210000,635.1,639,631.5,636.9,373073,0
20230529,220000,636.8,637.7,634.1,634.1,148630,0
20230529,230000,634.2,635.4,633.4,634.8,106600,0
20230530,100000,621,648.5,602.1,646.6,1180673,0
20230530,110000,646.6,646.7,636.2,641.9,513636,0
20230530,120000,641.9,647.8,639.2,645.4,207223,0
20230530,130000,645.5,646.3,638.1,643,201338,0
20230530,140000,643.5,644.1,638,643.3,130971,0
20230530,150000,643.2,663.4,638.2,654.1,1455156,0
20230530,160000,654.7,664.4,641,652.6,1049187,0
20230530,170000,652.6,652.6,632,641.7,774131,0
20230530,180000,641.7,646.5,635.5,642.9,192481,0
20230530,190000,645,648.6,639,641.9,147100,0
20230530,200000,641.9,642.2,626,628,270955,0
20230530,210000,628,637.9,627.9,632.7,248056,0
20230530,220000,632.7,633.4,629,632.3,158334,0
20230530,230000,632.4,632.9,622.1,625.4,164908,0
20230531,100000,626,629.8,611,612.6,1111955,0
20230531,110000,613.1,618.9,608.1,615.5,709867,0
20230531,120000,615,626,612,625.1,313571,0
20230531,130000,625.1,633.5,623.1,627.6,386817,0
20230531,140000,627.7,627.7,617.5,618.9,210481,0
20230531,150000,618.6,624,618.1,619.6,97745,0
20230531,160000,619.9,631,619.7,629,250405,0
20230531,170000,628.7,630,624.1,629.6,114296,0
20230531,180000,629.6,636.6,629.1,633,271594,0
20230531,190000,630.1,632.9,627.9,629.5,103065,0
20230531,200000,629.5,632.4,628.6,631.5,42434,0
20230531,210000,631.6,631.6,629,629.9,46437,0
20230531,220000,629.8,630,622,623.5,191219,0
20230531,230000,624.4,626,624,625.9,52205,0
20230601,100000,617.5,639.8,615.5,631.4,891531,0
20230601,110000,631.4,631.4,624.5,626.5,248230,0
20230601,120000,626.5,627,623.2,624.6,110180,0
20230601,130000,625,626.6,622,624.8,106780,0
20230601,140000,624.9,626.2,623.6,624.8,54565,0
20230601,150000,624.8,625.4,621.1,623.4,65420,0
20230601,160000,623.5,624.6,621.5,622.1,62170,0
20230601,170000,622.1,623.8,620,623.2,134018,0
20230601,180000,623.3,624.9,623.1,624.7,37625,0
20230601,190000,627.9,628.9,623.6,624,38631,0
20230601,200000,624,624.6,621.3,622.5,40365,0
20230601,210000,622.4,623.9,620,621.6,58451,0
20230601,220000,622.1,623.4,620.6,622.5,32216,0
20230601,230000,622.4,624.3,621.7,622.7,63716,0
20230602,100000,626,628.8,621.4,622.4,189724,0
20230602,110000,622.4,625,621.1,622.5,94633,0
20230602,120000,622.3,622.3,618.5,620.7,110002,0
20230602,130000,620.7,621.5,619,619.2,81583,0
20230602,140000,619.4,620.4,614,614,230150,0
20230602,150000,614.1,617.3,613.7,616,78669,0
20230602,160000,616,620,615.5,617,93578,0
20230602,170000,617,617.7,615.6,616.1,50714,0
20230602,180000,616.6,618.9,615.9,617.3,35274,0
20230602,190000,615.3,621,615.2,618.9,43626,0
20230602,200000,618.8,619.7,615.5,616.2,31545,0
20230602,210000,616.2,617.5,615.4,617.2,17640,0
20230602,220000,617.2,617.2,615.5,616.4,28611,0
20230602,230000,616.4,618,615.2,617.7,46380,0
20230605,100000,600,610,586,588.8,1911030,0
20230605,110000,588.8,594,587,587.5,503198,0
20230605,120000,587.4,587.9,564,573.2,2072400,0
20230605,130000,573.2,582,572.3,576,542525,0
20230605,140000,576,578.5,571.1,574.4,341510,0
20230605,150000,574.4,585.9,571,585.3,555143,0
20230605,160000,585.2,585.5,577,581.3,297621,0
20230605,170000,581.1,584.5,578.1,579,174882,0
20230605,180000,579,579.5,575.1,577.3,123803,0
20230605,190000,578.8,580.9,575.1,577.4,125766,0
20230605,200000,577.4,581,576.2,576.2,101448,0
20230605,210000,576.2,579.2,573,577,157446,0
20230605,220000,577.3,579.9,575.6,575.7,104256,0
20230605,230000,575.6,577,575.1,576.8,74589,0
20230606,100000,575.2,576.9,546,555.5,1758498,0
20230606,110000,555.4,566.9,552.5,560.4,582196,0
20230606,120000,560.4,565,556.2,564.5,221853,0
20230606,130000,564.5,564.7,561.2,562.3,97608,0
20230606,140000,562.3,564.6,557.4,563.7,204850,0
20230606,150000,563.7,573.6,561.2,568.7,329082,0
20230606,160000,568.7,572.6,561,569.7,244860,0
20230606,170000,569.8,575,566.9,573.5,221976,0
20230606,180000,573.7,577.2,572.5,577,191647,0
20230606,190000,575.2,576.6,567.5,571,162329,0
20230606,200000,571,572.1,568.5,568.5,32246,0
20230606,210000,568.5,568.7,563.9,566.3,114113,0
20230606,220000,566.8,570.9,566,569.7,81156,0
20230606,230000,569.7,572.7,569.2,572.2,81973,0
20230607,100000,569.7,575.3,562.4,568.9,324850,0
20230607,110000,568.9,574.7,568.9,573.2,229168,0
20230607,120000,573.1,573.3,568.1,571.8,129645,0
20230607,130000,571.9,572,570.4,570.7,41789,0
20230607,140000,570.9,571.1,568.6,569.8,67589,0
20230607,150000,569.5,571.9,568.1,569,77998,0
20230607,160000,568.9,570,567.6,569.4,76476,0
20230607,170000,569.6,569.6,563.1,565.8,230308,0
20230607,180000,565.4,566.8,564.8,566,35133,0
20230607,190000,565,567.3,561.3,563.7,133530,0
20230607,200000,563.7,563.7,562.5,562.6,43879,0
20230607,210000,562.6,564.6,561.8,563.7,64509,0
20230607,220000,563.9,566.9,563.5,565,81796,0
20230607,230000,565,567,564.3,565.7,60123,0
20230608,100000,565.5,569.9,558,559,433522,0
20230608,110000,559.2,563,559,562.2,191681,0
20230608,120000,562.1,566,562.1,563.8,96485,0
20230608,130000,563.8,565.3,559.8,561,165932,0
20230608,140000,561.2,561.9,559.9,560.2,62441,0
20230608,150000,560.2,563.6,560,561.6,72402,0
20230608,160000,561.6,563,561,561.3,46555,0
20230608,170000,561.4,563.3,561.2,562.5,59707,0
20230608,180000,562.4,562.7,560.5,562.3,47607,0
20230608,190000,560.6,562.3,560.5,561.6,27846,0
20230608,200000,561.6,564,561.5,562,49103,0
20230608,210000,562,562.7,561.6,561.7,18204,0
20230608,220000,561.8,562.5,560.7,562.1,53216,0
20230608,230000,562,562,559,559.8,79225,0
20230609,100000,559.9,560,550.1,554.6,558829,0
20230609,110000,554.6,554.9,551,552.5,146475,0
20230609,120000,552.4,553.5,546.6,547.9,451545,0
20230609,130000,548,548.5,535.3,540.6,1209131,0
20230609,140000,540.8,544.5,539.2,539.5,290173,0
20230609,150000,539.8,542.4,538.2,539.7,176988,0
20230609,160000,539.6,542,538.4,538.7,156970,0
20230609,170000,538.8,541,533.3,534.7,486419,0
20230609,180000,534.7,535.9,530.7,533.8,391667,0
20230609,190000,532.8,537.8,531.8,535.9,298919,0
20230609,200000,536,537.1,533,535,135243,0
20230609,210000,535,536,532.3,532.5,81046,0
20230609,220000,532.4,533.9,530.4,532,258829,0
20230609,230000,532.2,534,531.1,531.5,145610,0
20230613,100000,522.2,532.9,516,527.7,1606068,0
20230613,110000,527.5,542.6,527.5,539.2,1177987,0
20230613,120000,539.3,541,532.9,540.6,455926,0
20230613,130000,540.7,541,535,537.7,175451,0
20230613,140000,537.7,544,537.7,540.6,296148,0
20230613,150000,540.7,546.5,540.3,544.9,399206,0
20230613,160000,544.9,553,544.8,552.4,709703,0
20230613,170000,552.5,552.7,546.5,551,267156,0
20230613,180000,551.3,553,549,551.9,189442,0
20230613,190000,551.9,552.7,549.5,550.8,72041,0
20230613,200000,550.8,551,549,550.9,52854,0
20230613,210000,550.9,554.5,550.7,553.8,124770,0
20230613,220000,553.7,556.5,553.3,554.8,241594,0
20230613,230000,554.7,555.5,549,550.1,191213,0
20230614,100000,551.9,554.4,543.3,547.5,601763,0
20230614,110000,547.5,547.5,536.4,536.5,668782,0
20230614,120000,536.5,541.8,535.2,540.7,536364,0
20230614,130000,540.7,540.7,538.2,540,75259,0
20230614,140000,540,540.7,536.1,536.9,163994,0
20230614,150000,536.9,543.7,536.5,542.9,230339,0
20230614,160000,543,543.5,539.1,539.4,166119,0
20230614,170000,539.6,540,537,539.1,94693,0
20230614,180000,539.1,541.3,538.8,538.8,73019,0
20230614,190000,538.2,540.2,537,539.4,61009,0
20230614,200000,539.3,542.4,539,540.6,59720,0
20230614,210000,540.6,541.9,538.4,540.5,82316,0
20230614,220000,540.5,542,540.3,541.4,49621,0
20230614,230000,541.2,542.5,540.5,541.3,60310,0
20230615,100000,539.8,540,533.1,533.8,483814,0
20230615,110000,533.7,539.3,533.3,534.5,207410,0
20230615,120000,534.7,535.5,528.3,531,428660,0
20230615,130000,531,531.6,528.4,529.3,248117,0
20230615,140000,529.6,531.8,528.5,529.2,206924,0
20230615,150000,529.2,537.4,529,536.1,456957,0
20230615,160000,536,536.3,530.4,534.1,272466,0
20230615,170000,534.5,535.1,533,533.2,109038,0
20230615,180000,533.3,535.5,533.2,533.6,95546,0
20230615,190000,533.5,539.9,533.2,537.6,193271,0
20230615,200000,537.6,537.7,536.1,536.5,35374,0
20230615,210000,536.8,538,535.4,537.7,51888,0
20230615,220000,537.7,538,536.7,537.8,39691,0
20230615,230000,537.8,538,536.3,538,60070,0
20230616,100000,538.1,543.9,537,539.1,451797,0
20230616,110000,539.1,549.4,539,547.4,677544,0
20230616,120000,546.9,551.4,545.3,546,611365,0
20230616,130000,546,549.3,545.5,549,155994,0
20230616,140000,548.9,550.5,548,549,192141,0
20230616,150000,549.2,549.2,545.4,546.5,132087,0
20230616,160000,546.5,548.2,545.8,546.9,74555,0
20230616,170000,546.9,547,545.5,546.1,55709,0
20230616,180000,546.2,547,543,546,119182,0
20230616,190000,545.2,546.5,543.5,544.9,46304,0
20230616,200000,544.9,547.7,544.3,547,69925,0
20230616,210000,546.9,547.3,545.1,546.5,55308,0
20230616,220000,546.4,549.8,546,548.9,114348,0
20230616,230000,548.9,550.1,547,549.7,127968,0
20230619,100000,552.7,560,546,558.1,1231345,0
20230619,110000,558,558.2,550.8,551.7,351376,0
20230619,120000,551.6,551.6,543.8,546.5,395969,0
20230619,130000,546.5,548.8,545,548.3,123930,0
20230619,140000,548.3,550.8,546.5,547,142425,0
20230619,150000,547,551.7,546.9,551.7,91428,0
20230619,160000,551.5,551.6,548.5,550.2,52744,0
20230619,170000,550.2,551.5,549,550,57473,0
20230619,180000,550,550,546,547,73081,0
20230619,190000,547,549.2,545.5,548.6,49953,0
20230619,200000,548.2,549,548,548.9,20806,0
20230619,210000,548.9,548.9,547.7,547.8,10527,0
20230619,220000,547.8,548.6,547.5,548.1,25725,0
20230619,230000,548.1,549.4,547.5,548.7,30237,0
20230620,100000,547,547.3,539.1,540.7,492741,0
20230620,110000,540.7,545.5,538.6,544,275428,0
20230620,120000,543.7,547,542,542.9,111350,0
20230620,130000,543,544,541,543,103004,0
20230620,140000,543,546.4,541.3,545.6,148850,0
20230620,150000,545.7,549.8,543.5,543.9,198944,0
20230620,160000,543.6,546.9,540.8,542.4,180851,0
20230620,170000,542.4,545,542.4,544.4,47663,0
20230620,180000,544,545.2,543.6,544.8,26420,0
20230620,190000,545,546.6,544.1,545.9,25296,0
20230620,200000,545.9,546.8,545.7,546,15575,0
20230620,210000,546,546.3,545.8,545.8,9230,0
20230620,220000,545.9,548,545.8,547,33985,0
20230620,230000,547,547.9,546.4,547.2,22516,0
20230621,100000,547.2,547.9,543.3,546,101968,0
20230621,110000,546,547.5,545,546.8,37759,0
20230621,120000,546.7,553,545.3,549.6,173846,0
20230621,130000,549.5,551.9,548.7,550.6,105608,0
20230621,140000,550.8,554.6,550.3,553.4,138703,0
20230621,150000,553.4,554,550,550.4,76552,0
20230621,160000,550.4,553,547.8,552.5,102973,0
20230621,170000,552.5,552.6,550.8,551.9,91579,0
20230621,180000,551.9,555,550.3,554.4,124293,0
20230621,190000,554.8,555,551,551.4,91715,0
20230621,200000,551.4,553.7,551.4,553.1,24976,0
20230621,210000,553.2,553.9,551.5,552.9,33023,0
20230621,220000,552.9,552.9,551.5,552.2,16950,0
20230621,230000,552.6,554,552.2,553,38488,0
20230622,100000,554,557.8,548.6,553.2,345898,0
20230622,110000,553.4,556.1,552.4,554.4,107375,0
20230622,120000,554.4,555.5,553,553.2,59853,0
20230622,130000,553.5,554.2,551.2,552.4,68594,0
20230622,140000,552.1,552.6,550.5,552,52949,0
20230622,150000,551.9,552.3,546,547.9,230079,0
20230622,160000,548,550.4,547.9,548.8,93920,0
20230622,170000,548.9,550.3,548,549.6,46722,0
20230622,180000,550,552.3,549.3,551,69927,0
20230622,190000,551,551.2,549.2,549.3,16122,0
20230622,200000,549.3,550,548.6,548.6,16178,0
20230622,210000,548.8,550.7,548.6,549,11683,0
20230622,220000,549.2,549.3,540,542.1,291892,0
20230622,230000,542.1,545.9,540.8,542.2,132667,0
20230623,100000,538.8,539.7,532.7,537.3,631876,0
20230623,110000,537.3,540.1,535.5,539,132471,0
20230623,120000,539,541,537.4,540.7,88698,0
20230623,130000,540.7,540.7,538.7,539.8,28715,0
20230623,140000,539.7,540.6,539.4,539.8,34808,0
20230623,150000,539.7,540.4,538.5,538.8,21174,0
20230623,160000,538.8,539.9,538.4,539.6,29687,0
20230623,170000,539.6,539.8,536,537.7,80875,0
20230623,180000,538,542.4,537.8,542,107832,0
20230623,190000,542,542.5,540.3,541.2,26158,0
20230623,200000,541.2,541.3,540,541.3,17599,0
20230623,210000,541.4,543.4,535,536,151735,0
20230623,220000,535.9,540.9,528,530.2,533067,0
20230623,230000,530.2,535.7,530,535,249695,0
20230626,100000,538.5,544.8,531.3,534.5,456066,0
20230626,110000,534.4,541.1,534,538.7,206876,0
20230626,120000,538.6,540,537.9,539.4,79310,0
20230626,130000,539.6,541.1,538.3,539,91958,0
20230626,140000,539.3,539.6,537.7,537.7,29335,0
20230626,150000,537.9,538.9,537.2,538.3,58527,0
20230626,160000,538.3,539.1,537.8,538.8,49660,0
20230626,170000,538.8,539.1,536.3,536.7,40056,0
20230626,180000,536.8,537.1,532,532,104011,0
20230626,190000,532,535.8,530.7,532,105708,0
20230626,200000,531.5,535,527,531.8,213189,0
20230626,210000,531.8,532.8,520.6,521.9,237867,0
20230626,220000,521.9,537,520,531,420692,0
20230626,230000,530.4,538.9,530.1,538,124337,0
20230627,100000,537.9,538.5,531.7,532.8,140538,0
20230627,110000,532.8,538.4,532.2,536.7,166419,0
20230627,120000,536.4,539,533.9,534.8,102668,0
20230627,130000,534.8,536,533.3,533.9,52731,0
20230627,140000,533.8,536.9,533.8,535.7,50887,0
20230627,150000,535.6,538.2,535.5,537,57350,0
20230627,160000,537.1,537.8,535.1,536,42002,0
20230627,170000,536,536.8,535,535.8,29457,0
20230627,180000,535.8,536.3,535.4,535.9,19004,0
20230627,190000,535,536,532.8,535,40348,0
20230627,200000,535.1,535.1,533,534.5,29597,0
20230627,210000,534.4,534.4,533.6,533.8,16153,0
20230627,220000,533.9,535.3,533.2,535.2,31455,0
20230627,230000,535.2,535.9,534.2,535.4,22057,0
20230628,100000,535.1,535.5,533.3,534.6,77415,0
20230628,110000,534.3,534.6,528,529,178878,0
20230628,120000,529.1,532.1,529,530.2,88037,0
20230628,130000,530.3,533,529.1,531.3,80396,0
20230628,140000,531.3,533.8,529.4,530.4,69938,0
20230628,150000,530.4,531.7,530.1,530.5,24079,0
20230628,160000,530.9,534.7,530.2,533.2,79546,0
20230628,170000,533.1,533.4,531.6,531.9,25977,0
20230628,180000,532,534.7,532,534.5,37533,0
20230628,190000,532.4,534.7,531.5,533.4,36909,0
20230628,200000,533.4,535.5,532.3,534,45125,0
20230628,210000,534,535.5,533.6,534.8,20314,0
20230628,220000,534.8,535.5,534.4,535,22991,0
20230628,230000,534.7,536.2,534.6,536,29096,0
20230629,100000,530.9,533.8,525.1,533,375214,0
20230629,110000,533,533.7,531.5,532.2,55071,0
20230629,120000,532,533.7,530.2,531.8,106098,0
20230629,130000,531.6,533.1,530.8,531.1,40139,0
20230629,140000,531.2,532.9,531.1,531.3,28369,0
20230629,150000,531.5,532,530.1,530.8,58350,0
20230629,160000,530.5,530.9,529,530,71987,0
20230629,170000,529.8,530.9,529.6,530.3,45337,0
20230629,180000,530.6,530.7,529.8,530.6,24021,0
20230629,190000,529.9,530.7,528.5,529.9,16071,0
20230629,200000,529.9,529.9,529,529.4,22147,0
20230629,210000,529.4,530.6,529.3,530.5,26490,0
20230629,220000,530.1,530.9,529.4,530.6,21384,0
20230629,230000,530.6,530.8,529,529.7,22608,0
20230630,100000,529.7,531.1,526.1,528.6,112266,0
20230630,110000,528.6,528.6,523.7,524,149863,0
20230630,120000,524,525.8,523.3,524.7,95946,0
20230630,130000,524.6,524.7,518.5,519.8,437741,0
20230630,140000,519.9,521,517.4,519.2,199429,0
20230630,150000,519.5,524.1,519.3,522.5,152952,0
20230630,160000,522.4,523.4,520.5,520.6,64909,0
20230630,170000,520.8,523,520,522.8,48927,0
20230630,180000,522.9,523,521.1,522.2,28873,0
20230630,190000,522,525.5,520.3,524.3,54848,0
20230630,200000,524.2,524.9,523,524.5,24437,0
20230630,210000,524.5,524.5,523.1,523.8,10661,0
20230630,220000,523.8,523.8,522.1,523,26692,0
20230630,230000,522.8,525.3,521.9,523.4,112431,0
