20231228,100000,514.3,519.4,512,515.4,45363,0
20231228,110000,515.4,516,513.8,514.1,23727,0
20231228,120000,514.5,514.6,512.5,514.2,25472,0
20231228,130000,514.2,514.8,510.6,512.1,60809,0
20231228,140000,512.1,512.5,505.9,507.4,42414,0
20231228,150000,507.6,509.2,505.1,505.9,137547,0
20231228,160000,506,507.5,505.4,505.8,45701,0
20231228,170000,505.6,506.8,505.1,506.5,25069,0
20231228,180000,506.5,507.6,505.6,505.6,29264,0
20231228,190000,507.2,507.6,506,507.6,6265,0
20231228,200000,507.6,509.8,506.6,508.8,15765,0
20231228,210000,508.8,508.9,506.5,506.9,11820,0
20231228,220000,506.5,507.3,505.5,506,15458,0
20231228,230000,505.8,506.4,505.1,505.1,10493,0
20231229,100000,505.6,510.8,505,510.2,55692,0
20231229,110000,510.4,514,508.5,509,88717,0
20231229,120000,508.6,512.4,508,510,41172,0
20231229,130000,510,511.3,508.1,509.2,28038,0
20231229,140000,509,509.9,507.5,508.6,33234,0
20231229,150000,508.2,509,506.3,507.9,32467,0
20231229,160000,507.5,509.8,507.5,509.5,23136,0
20231229,170000,509.4,511,507.6,510.9,61014,0
20231229,180000,510.5,511,510,510.1,13754,0
20231229,190000,510.7,510.8,507.7,507.7,9757,0
20231229,200000,507.8,509,507,507,6191,0
20231229,210000,507.1,508.4,506.7,506.8,9725,0
20231229,220000,506.8,507.3,505.6,507.3,12141,0
20231229,230000,507.3,507.3,505.5,506.1,12276,0
20240103,100000,506.7,512.9,506.3,512.4,26714,0
20240103,110000,512.4,512.5,510,512.2,11752,0
20240103,120000,512.2,512.5,510.3,511.7,7693,0
20240103,130000,511.7,513.7,510.6,512.1,20912,0
20240103,140000,512.3,515,511,512,30133,0
20240103,150000,512,512.5,511.5,511.7,5196,0
20240103,160000,512,513.6,511.6,512.7,5391,0
20240103,170000,512.7,513.1,512.1,512.1,4324,0
20240103,180000,512.1,512.4,508.2,511.3,31130,0
20240103,190000,511.1,512.1,509.9,511.9,5389,0
20240103,200000,511.9,511.9,510.8,511.2,4721,0
20240103,210000,511.2,511.6,510,510.4,3777,0
20240103,220000,510.4,512.3,510.2,511.2,5837,0
20240103,230000,511.4,513.3,511,513.3,6421,0
20240104,100000,514,514.6,511.2,512.6,20636,0
20240104,110000,512.9,513.5,511.1,511.8,9759,0
20240104,120000,511.8,513.1,510.5,510.8,13034,0
20240104,130000,510.8,511.7,507.4,509,30600,0
20240104,140000,509,510.6,506,508.9,56596,0
20240104,150000,508.9,509.9,508.7,509.1,17938,0
20240104,160000,509.3,510,508.6,509.4,23229,0
20240104,170000,509.4,510.9,509.1,510.6,14192,0
20240104,180000,510.6,512.1,510.3,512.1,15495,0
20240104,190000,511.9,512,509.6,511.6,6829,0
20240104,200000,511.6,511.9,511,511.3,2110,0
20240104,210000,511.3,511.9,511,511.6,3283,0
20240104,220000,511.1,511.7,511,511,2323,0
20240104,230000,511,511.3,510.4,510.6,716,0
20240105,100000,510.8,512.1,509.4,510.4,21524,0
20240105,110000,510.1,510.1,508,509.3,22749,0
20240105,120000,509.5,509.7,509,509,5614,0
20240105,130000,509.3,509.4,508.7,509.1,4459,0
20240105,140000,508.9,509.6,508.8,509.2,3318,0
20240105,150000,509.2,509.9,508.9,509.5,9008,0
20240105,160000,509.6,509.6,509,509.3,7894,0
20240105,170000,509.2,510.5,509.1,510.2,13795,0
20240105,180000,510.4,511.5,510,511.5,31368,0
20240105,190000,510.9,511.2,509.9,509.9,4454,0
20240105,200000,510,510.4,509.3,509.5,3937,0
20240105,210000,509.5,510,509.3,509.6,2645,0
20240105,220000,509.9,510,509,509.2,4027,0
20240105,230000,509.2,510.7,508.2,510.7,10400,0
20240108,100000,511.4,516,511,514.4,50367,0
20240108,110000,514.4,515.9,512,512.5,41242,0
20240108,120000,512.2,513.3,511.3,512,11207,0
20240108,130000,512.1,513.3,512,512.9,10170,0
20240108,140000,512.5,512.9,510.1,510.1,24013,0
20240108,150000,510.1,511,509,510.8,22399,0
20240108,160000,510.8,510.8,510,510.4,5873,0
20240108,170000,510.4,512.4,509.7,510.6,27466,0
20240108,180000,510.8,512.2,510.5,512,14838,0
20240108,190000,512,513.5,510.8,512,9428,0
20240108,200000,512,513.4,512,513.2,8299,0
20240108,210000,513,513.3,512.2,512.3,2845,0
20240108,220000,512.3,512.5,511.5,512,4292,0
20240108,230000,512,512.8,511.2,511.3,6482,0
20240109,100000,513,513.1,510,510.9,23724,0
20240109,110000,510.9,511.7,509.2,510.7,16284,0
20240109,120000,511,511,509.4,510.3,13113,0
20240109,130000,510.3,511,509.7,510.4,20474,0
20240109,140000,510.4,513.5,510.3,512.9,29883,0
20240109,150000,512.9,514.7,512.2,514,49277,0
20240109,160000,514,517.3,513.6,514.9,54844,0
20240109,170000,514.9,515.5,514.5,515,18575,0
20240109,180000,515,515.2,513.3,515,18468,0
20240109,190000,514.2,514.9,513.2,513.4,5654,0
20240109,200000,513.8,514,513.3,513.9,3532,0
20240109,210000,514,514,513.1,513.1,7666,0
20240109,220000,513.3,513.6,513,513.2,3913,0
20240109,230000,513.2,513.6,512.3,513.2,5845,0
20240110,100000,513.2,518.8,512.1,517.2,88925,0
20240110,110000,517.2,522,516.9,520.2,82420,0
20240110,120000,520.2,521,517.1,518.9,24620,0
20240110,130000,518.9,519.8,518.7,519.2,11024,0
20240110,140000,518.9,519.7,518.9,519,9229,0
20240110,150000,519,520,518.9,519.7,14684,0
20240110,160000,519.7,519.8,518.8,519.3,14088,0
20240110,170000,519,519.4,517.4,517.6,13537,0
20240110,180000,518,518,515.5,516,21890,0
20240110,190000,516,517.1,515.2,517.1,12464,0
20240110,200000,517,517.5,516,516.5,7347,0
20240110,210000,516.8,516.8,515.6,515.7,4901,0
20240110,220000,516.1,516.9,515.6,516.6,2996,0
20240110,230000,516.5,516.7,516.1,516.3,4486,0
20240111,100000,516.9,518.8,515.3,515.6,29446,0
20240111,110000,515.6,515.7,512.3,513,38947,0
20240111,120000,513,514.4,512.8,513.4,22854,0
20240111,130000,513.5,515,512,514.9,28041,0
20240111,140000,514.9,516.1,513.8,513.9,21573,0
20240111,150000,513.9,514.8,512.6,513.1,23474,0
20240111,160000,513.2,513.4,509.9,511,53599,0
20240111,170000,511.1,511.1,508.6,510.6,74525,0
20240111,180000,510.6,511,509,509.5,30453,0
20240111,190000,512.3,512.3,509.8,511.6,13909,0
20240111,200000,511.5,511.5,510.1,510.6,10620,0
20240111,210000,510.6,512.2,510.1,511.8,10832,0
20240111,220000,511.8,511.9,510.9,511.9,3975,0
20240111,230000,511.8,512.2,510.7,511.5,7491,0
20240112,100000,511.9,512.9,508.5,510.5,64398,0
20240112,110000,510.6,511.8,509.1,511.6,39953,0
20240112,120000,511.5,512.8,511.5,511.5,28727,0
20240112,130000,511.5,512,510.5,511.8,31550,0
20240112,140000,511.8,513.8,507.8,512.3,163978,0
20240112,150000,513,513.2,510.7,512.7,18933,0
20240112,160000,512.7,512.7,509.7,512.4,61205,0
20240112,170000,512.2,515.8,512.1,515.2,44347,0
20240112,180000,515.1,515.5,513.4,515,20264,0
20240112,190000,513.5,515.6,513.5,514.5,25655,0
20240112,200000,514,514.8,513.1,514.3,8433,0
20240112,210000,514.3,514.4,512.4,512.6,15429,0
20240112,220000,512.6,513.3,511.6,512.5,7923,0
20240112,230000,512.5,512.7,510,511.5,23232,0
20240115,100000,512.9,514.6,511.9,513.3,30919,0
20240115,110000,513.5,513.5,511.7,512,33609,0
20240115,120000,512.1,513,512,512.3,19007,0
20240115,130000,512.2,512.5,510,511.1,62109,0
20240115,140000,510.6,511.9,509.2,509.7,27329,0
20240115,150000,509.7,511.1,509.4,510.4,11941,0
20240115,160000,510.5,511.1,510.2,510.8,10060,0
20240115,170000,510.8,511,510.2,510.2,8340,0
20240115,180000,510.2,512,509,512,41380,0
20240115,190000,511.5,511.8,510,510.5,9994,0
20240115,200000,510.5,511,510,510.6,4262,0
20240115,210000,510.6,511.8,510.5,511.1,8637,0
20240115,220000,511.1,511.1,510.8,510.9,2561,0
20240115,230000,510.8,511.9,510.2,510.2,15875,0
20240116,100000,510.4,511.8,504.3,508.5,117228,0
20240116,110000,508.6,510.9,508.3,510,71196,0
20240116,120000,509.8,510,508.4,508.8,12778,0
20240116,130000,508.8,513,508.6,511.7,80275,0
20240116,140000,511.7,511.9,510.2,511.2,19966,0
20240116,150000,511.2,511.9,510,510.6,34248,0
20240116,160000,511,511,510.2,510.5,14592,0
20240116,170000,510.6,511.3,510.1,511.1,13768,0
20240116,180000,511.1,513.5,510.8,513,59877,0
20240116,190000,512.5,513.1,511.3,512.5,10345,0
20240116,200000,512.5,512.5,510.8,511,21282,0
20240116,210000,511,511.4,510.7,511,6976,0
20240116,220000,511.3,512.3,510.9,512.1,2871,0
20240116,230000,512,512.5,511.7,511.8,4916,0
20240117,100000,512,513.5,509.5,511,57986,0
20240117,110000,511,511.6,510,511.5,60327,0
20240117,120000,511.5,512.3,511,512,36429,0
20240117,130000,512,513.2,511,512.2,52224,0
20240117,140000,512.2,512.2,510.6,510.7,15788,0
20240117,150000,510.7,512,510,511,29849,0
20240117,160000,511,511.4,510.5,511.3,5120,0
20240117,170000,511.3,512,510.1,511.4,30926,0
20240117,180000,510.9,513,510.2,513,45483,0
20240117,190000,513,513.3,511,512.4,15620,0
20240117,200000,512.5,512.7,512,512.3,5886,0
20240117,210000,512.3,512.8,512.1,512.6,7106,0
20240117,220000,512.5,512.6,512,512,18828,0
20240117,230000,512,512.6,510.4,512.4,15270,0
20240118,100000,510.8,516,510.8,512.8,75283,0
20240118,110000,512.8,513.4,510,511.3,31729,0
20240118,120000,511.3,514.2,510.1,511.9,83941,0
20240118,130000,511.8,512.3,510.3,510.7,56314,0
20240118,140000,510.8,511.8,510,511,68460,0
20240118,150000,511,511.4,510,510.3,31074,0
20240118,160000,510.2,510.8,509.5,509.9,33582,0
20240118,170000,510,510.7,509.5,510.5,9892,0
20240118,180000,510.2,510.9,509.6,509.7,14488,0
20240118,190000,509.6,511,509,510.4,7308,0
20240118,200000,510.4,510.4,509.5,510,6141,0
20240118,210000,510,510.9,509.6,510.6,4848,0
20240118,220000,510.6,510.8,509.5,509.5,11053,0
20240118,230000,509.6,510.2,509.2,509.6,5028,0
20240119,100000,510.1,510.9,495.6,501,284971,0
20240119,110000,501,502,500,501.5,52670,0
20240119,120000,501.2,504.1,500,502.6,82742,0
20240119,130000,502.6,504.8,501,504.7,46569,0
20240119,140000,504.6,505,502.8,504.2,21813,0
20240119,150000,504.2,504.2,500.7,502.3,29277,0
20240119,160000,502.3,502.5,501.4,502.3,8581,0
20240119,170000,502.2,504,500.5,503.3,48509,0
20240119,180000,503.4,510.3,503,509.9,73005,0
20240119,190000,509,510.2,507.1,509.3,15889,0
20240119,200000,508.8,509.3,507.5,507.5,5298,0
20240119,210000,507.7,507.7,507.3,507.5,1568,0
20240119,220000,507.6,507.6,504.6,504.6,18730,0
20240119,230000,504.7,507.8,503.8,506.2,29358,0
20240122,100000,506.2,508.7,503.1,503.5,49778,0
20240122,110000,503.2,505.8,502.5,504,32262,0
20240122,120000,504,505.7,503.3,503.4,34652,0
20240122,130000,503.3,504,503,503.3,18407,0
20240122,140000,503.3,504.4,503,504.2,11649,0
20240122,150000,504.3,506.2,504.1,505.3,19539,0
20240122,160000,505.5,505.5,503.5,503.5,10030,0
20240122,170000,503.5,505,503,504,21312,0
20240122,180000,504,504,503,503.7,7380,0
20240122,190000,504,505.2,503.2,504.1,6142,0
20240122,200000,504,504.1,503.2,503.7,2465,0
20240122,210000,503.3,504.5,503.1,503.7,6610,0
20240122,220000,503.7,503.7,502.3,502.7,16310,0
20240122,230000,502.7,502.7,500.5,501.7,22160,0
20240123,100000,502.1,506.5,502,504.3,40083,0
20240123,110000,504.2,504.7,503.3,503.7,11865,0
20240123,120000,503.8,504.1,503.2,504.1,8835,0
20240123,130000,504.1,504.1,502.6,502.8,7778,0
20240123,140000,503.2,504,502,502.9,56851,0
20240123,150000,502.9,503.4,500.1,501.2,42693,0
20240123,160000,501.2,503.3,499.5,500.3,69122,0
20240123,170000,500.3,502.5,499.1,501,53607,0
20240123,180000,500.9,501,499.5,500,77768,0
20240123,190000,499.8,501.7,499,499.1,20857,0
20240123,200000,499.5,499.8,499.1,499.4,4655,0
20240123,210000,499.4,499.9,499.1,499.6,7832,0
20240123,220000,499.7,499.7,499.2,499.5,7775,0
20240123,230000,499.5,500.7,499.2,500.4,25409,0
20240124,100000,500.6,501.9,499.3,499.7,50154,0
20240124,110000,499.7,501.5,499.3,500.9,92479,0
20240124,120000,500.8,502.2,500.4,501.7,35620,0
20240124,130000,501.8,502.1,500.4,500.8,15772,0
20240124,140000,500.8,501,500,500.6,9213,0
20240124,150000,500.4,500.7,500,500.1,9882,0
20240124,160000,500.3,501.7,500,500.7,14905,0
20240124,170000,501,501.1,500.2,500.9,6196,0
20240124,180000,500.8,501.9,500.2,501.9,25481,0
20240124,190000,501.8,501.8,499.6,500.4,3865,0
20240124,200000,500.4,500.7,499.7,500.7,1923,0
20240124,210000,500.7,500.7,500,500.1,1398,0
20240124,220000,500.1,500.1,499.3,500,2919,0
20240124,230000,499.7,500.1,499.3,500.1,3675,0
20240125,100000,501.3,501.4,494.1,500.7,81835,0
20240125,110000,500.7,504.4,500.4,502.2,40690,0
20240125,120000,502.2,505.8,502.2,503.2,49773,0
20240125,130000,503,504.4,502.9,504.1,9380,0
20240125,140000,504.1,505.4,503,504.3,19754,0
20240125,150000,504.1,504.5,503.2,503.7,7491,0
20240125,160000,503.9,505.8,503.6,504,16994,0
20240125,170000,504.3,504.5,503.5,504.4,5317,0
20240125,180000,504.4,504.5,502,502,10114,0
20240125,190000,502.3,502.5,500.1,501.2,9110,0
20240125,200000,501.2,501.2,499.9,501,11030,0
20240125,210000,500.7,501.1,499.7,500,5466,0
20240125,220000,500,500.4,499.9,500.1,2490,0
20240125,230000,500.1,501.2,499.6,501.1,8710,0
20240126,100000,501.4,502.4,500.7,501,12958,0
20240126,110000,501,502,499,499.5,30608,0
20240126,120000,499.5,500.5,499.2,499.7,23636,0
20240126,130000,499.9,500.1,497.5,498,24899,0
20240126,140000,498.2,499.2,496,496.1,51208,0
20240126,150000,496.4,498.5,494.9,497.5,38224,0
20240126,160000,497.6,498,495,496.5,29445,0
20240126,170000,496.5,497.1,495.7,496.1,8659,0
20240126,180000,496.1,497.5,495.9,497,9343,0
20240126,190000,497,497.8,495.3,497,13528,0
20240126,200000,497,497,496.1,496.7,2380,0
20240126,210000,496.7,497.6,496.2,497.2,7699,0
20240126,220000,497.2,500.5,496.7,499.1,40038,0
20240126,230000,499.4,499.4,498,498.4,4596,0
20240129,100000,500.7,505.4,492.6,496,232880,0
20240129,110000,496.1,503.5,495.7,502.8,94442,0
20240129,120000,502.7,504,502.5,502.8,44222,0
20240129,130000,502.7,503.1,499.4,500.2,40439,0
20240129,140000,500,502.6,500,502.4,25080,0
20240129,150000,502.4,502.7,501,502.5,30339,0
20240129,160000,502.4,502.8,501,501.5,31959,0
20240129,170000,501.2,502.3,500.1,502.3,39111,0
20240129,180000,502.3,502.6,500.1,500.1,28821,0
20240129,190000,498.7,500.2,497.3,499.3,14426,0
20240129,200000,499.3,500,499,499.6,18159,0
20240129,210000,499.6,499.7,498.2,498.3,14491,0
20240129,220000,498.3,499.5,498.1,498.9,9716,0
20240129,230000,498.8,499.2,498.4,499,10440,0
20240130,100000,498.4,502,498.4,500.5,50403,0
20240130,110000,500.8,501.2,496,497.8,74491,0
20240130,120000,497.8,499.2,497,497,24359,0
20240130,130000,497.1,499,497,498.5,17857,0
20240130,140000,498.4,498.9,496.5,496.6,40630,0
20240130,150000,496.8,496.9,496,496.1,28717,0
20240130,160000,496.1,496.8,495.6,495.7,29975,0
20240130,170000,495.6,496.9,493,496.2,90902,0
20240130,180000,496.5,496.8,495.2,495.7,15497,0
20240130,190000,495.7,496.8,495.6,496.4,5272,0
20240130,200000,496.6,496.8,495.3,495.4,13035,0
20240130,210000,495.4,496.5,495.4,496.1,5295,0
20240130,220000,496.1,496.7,496,496.7,21435,0
20240130,230000,496.7,496.9,496.2,496.4,4953,0
20240131,100000,496.3,498.3,495,495.6,78443,0
20240131,110000,495.5,496.2,493.4,494.9,73775,0
20240131,120000,495,495.6,491.2,492.2,76637,0
20240131,130000,492.2,494.3,473.7,475.2,599383,0
20240131,140000,475.2,485,474.3,481.5,351212,0
20240131,150000,481.5,484.5,481,481.2,129474,0
20240131,160000,481.2,483,476.4,478.7,149832,0
20240131,170000,478.6,478.7,468.6,469.6,509204,0
20240131,180000,469.9,471,469.1,470.4,168241,0
20240131,190000,470,478.8,469,474.7,185912,0
20240131,200000,474.7,475.6,472,474.5,67974,0
20240131,210000,474.3,474.8,470.4,471.9,84910,0
20240131,220000,472,473.3,471.9,472.8,33998,0
20240131,230000,472.8,474.9,472.6,474.4,53850,0
20240201,100000,474.5,476.9,465.2,467.1,318428,0
20240201,110000,466.9,470,457.7,458.3,428147,0
20240201,120000,458.3,462.7,457.9,460.1,242964,0
20240201,130000,460.1,462.6,460,460.9,122735,0
20240201,140000,461,462.6,460.6,462.4,63176,0
20240201,150000,462.5,464.2,462.2,462.5,69235,0
20240201,160000,462.6,465.1,462.5,464.5,50671,0
20240201,170000,464.5,464.8,462.1,462.7,33877,0
20240201,180000,462.7,462.8,460.1,462,73445,0
20240201,190000,462,463.5,461.8,463.5,27136,0
20240201,200000,463.4,464.3,462,462.1,30433,0
20240201,210000,462,462.1,460.2,462,19884,0
20240201,220000,462,462,460.2,461.2,23835,0
20240201,230000,461.1,461.4,460.1,461,29674,0
20240202,100000,460.9,462,453.2,453.5,252288,0
20240202,110000,453.6,456.9,453,456.9,98275,0
20240202,120000,456.4,458.2,456,456.8,52563,0
20240202,130000,456.8,457.5,456.2,457.4,22055,0
20240202,140000,457.4,457.7,456.3,457.5,37597,0
20240202,150000,457.6,458,456,457.6,29397,0
20240202,160000,457.5,457.8,456.9,457.2,22792,0
20240202,170000,457.4,458,457.3,457.5,14548,0
20240202,180000,457.6,457.9,457,457,26232,0
20240202,190000,457,457.7,456.4,457.2,9018,0
20240202,200000,457.1,464.6,457,462.8,59218,0
20240202,210000,462.3,468.9,460,466,103897,0
20240202,220000,466,466.5,460.6,464,32379,0
20240202,230000,463.6,464.9,463,464,15933,0
20240205,100000,465,469.5,461,467.1,130298,0
20240205,110000,466.9,467.2,465,465.2,42631,0
20240205,120000,465.2,465.5,462,463.2,44495,0
20240205,130000,463,463.9,462,462.9,30491,0
20240205,140000,462.9,463.9,462,463.9,17448,0
20240205,150000,463.9,465.5,463.5,465.3,20915,0
20240205,160000,465.3,466.8,463.8,464,37993,0
20240205,170000,464,464.4,463,463.3,18320,0
20240205,180000,463.3,464.5,463,464.5,13013,0
20240205,190000,465,465.4,462.8,465.4,12940,0
20240205,200000,465.4,466.6,465.1,466.4,13650,0
20240205,210000,466.4,466.9,465.4,465.7,19444,0
20240205,220000,465.8,466,465.1,466,6824,0
20240205,230000,466,466,465.1,465.4,13623,0
20240206,100000,466.4,466.7,463.1,464.9,38519,0
20240206,110000,464.9,467,464.7,466,35810,0
20240206,120000,465.8,466.2,465,465,11128,0
20240206,130000,465.1,465.9,465,465,12531,0
20240206,140000,465.1,465.8,465,465.8,11940,0
20240206,150000,465.8,465.8,464.7,464.8,13609,0
20240206,160000,464.8,465,462.5,463.3,57382,0
20240206,170000,463.6,464.5,462.8,463.5,18116,0
20240206,180000,463.5,465.2,462.2,464.3,49986,0
20240206,190000,464.3,464.3,463.4,464.1,7763,0
20240206,200000,464.1,464.2,463.5,463.8,3196,0
20240206,210000,463.8,464.6,463.6,463.7,5751,0
20240206,220000,463.7,466.6,463.4,464.9,21297,0
20240206,230000,465,465.4,464.1,464.3,5958,0
20240207,100000,464.2,465.8,462.5,464.5,32476,0
20240207,110000,464.5,464.7,464,464,44339,0
20240207,120000,464.3,465.7,462.4,465.7,61375,0
20240207,130000,465.6,466.8,464.6,465.4,47232,0
20240207,140000,465.5,468.9,465.5,468,95865,0
20240207,150000,468.3,468.5,467,468,41274,0
20240207,160000,468,468,467,467.7,20392,0
20240207,170000,467.7,467.8,465.6,467,29731,0
20240207,180000,467,467.4,466,466.1,13468,0
20240207,190000,466.2,467.5,465.1,467.3,12726,0
20240207,200000,467.3,467.5,466.7,466.7,8335,0
20240207,210000,467,467.4,466.6,466.9,14123,0
20240207,220000,466.9,467.4,466.6,467.3,3303,0
20240207,230000,467.3,467.3,466.6,466.9,3845,0
20240208,100000,473.1,473.3,467.1,470.2,161608,0
20240208,110000,470.2,479.5,470,478.2,210534,0
20240208,120000,478.1,481.8,477.7,479.5,159903,0
20240208,130000,479.1,479.4,474.2,477.2,134079,0
20240208,140000,477.5,477.5,473.1,473.9,73265,0
20240208,150000,473.9,477.6,473.4,477,47641,0
20240208,160000,477,479,474,474.4,45907,0
20240208,170000,474.4,475.5,474,474.1,17063,0
20240208,180000,474.1,475.9,473.5,473.5,24930,0
20240208,190000,473.1,474.9,470.6,472.3,28068,0
20240208,200000,472.3,472.5,466.1,467.3,104601,0
20240208,210000,467.2,467.5,463.2,467.1,31690,0
20240208,220000,467.1,470.7,467,468.2,30864,0
20240208,230000,468.4,469.6,467.7,468,9499,0
20240209,100000,469.5,471,463,463.8,55872,0
20240209,110000,463.9,465,460.1,464.5,43433,0
20240209,120000,464.5,464.5,461,462.3,35300,0
20240209,130000,462.3,462.7,460.7,461.5,24025,0
20240209,140000,461.5,461.7,460,460.8,32219,0
20240209,150000,460.8,462.1,458.6,460.1,68479,0
20240209,160000,460,460.5,458.3,460.5,36283,0
20240209,170000,460.4,461,458.4,458.9,28316,0
20240209,180000,458.8,460,457.7,459.9,30110,0
20240209,190000,458.5,462.6,458.5,460.3,16394,0
20240209,200000,460.5,463.5,459.8,462.2,22955,0
20240209,210000,462.3,462.3,461.3,462.2,5426,0
20240209,220000,462.2,462.2,460.6,461.7,6573,0
20240209,230000,461.5,462.3,461.4,462,7121,0
20240212,100000,463.5,464.7,455.1,457.8,86799,0
20240212,110000,457.8,457.8,454.3,454.5,86421,0
20240212,120000,454.5,454.7,451.3,453.9,99138,0
20240212,130000,453.6,454.4,453,453.2,26409,0
20240212,140000,453.3,453.9,452,452.1,40472,0
20240212,150000,452.1,453,452,452.8,26046,0
20240212,160000,452.8,453.6,452.3,453.6,37301,0
20240212,170000,453.6,453.9,452.1,453.8,51459,0
20240212,180000,453.8,454,452.1,453.5,32336,0
20240212,190000,452.6,455.6,452.6,454.6,26069,0
20240212,200000,454.7,454.8,454,454.1,9514,0
20240212,210000,454.3,454.4,448,451,101680,0
20240212,220000,451.1,452.2,450.7,451.7,20467,0
20240212,230000,451.7,451.7,448.8,449,30627,0
20240213,100000,449.9,453.9,449.9,453.9,64803,0
20240213,110000,453.7,454.3,452.2,452.6,33857,0
20240213,120000,452.6,454.7,452.4,452.5,38459,0
20240213,130000,452.6,453.9,452.6,452.9,24624,0
20240213,150000,452.7,452.9,449,449.7,44150,0
20240213,160000,449.1,451.2,448.5,449.8,55099,0
20240213,170000,449.8,450.4,448.7,448.9,33306,0
20240213,180000,448.8,450.4,448.5,449,40726,0
20240213,190000,448.6,450.5,448.6,449.8,11442,0
20240213,200000,449.8,451.3,449.8,451.2,15789,0
20240213,210000,451.3,451.4,450.8,451.2,5378,0
20240213,220000,451.4,451.4,450,450.5,15233,0
20240213,230000,450.6,450.9,450,450.3,4210,0
20240214,100000,451.5,451.9,450.4,451.2,16380,0
20240214,110000,451.2,451.4,450.4,450.5,12554,0
20240214,120000,450.5,451,450,450.6,29711,0
20240214,130000,450.8,451,450.2,450.6,15471,0
20240214,140000,450.5,450.6,449.3,449.5,38991,0
20240214,150000,449.5,450.2,449,450,21188,0
20240214,160000,450,450.7,449.6,450.3,14913,0
20240214,170000,450.3,453.2,450,452.2,29412,0
20240214,180000,452.2,454,452.1,453.6,36559,0
20240214,190000,453,453.4,451.8,452.8,7965,0
20240214,200000,452.7,453,451.7,451.7,9352,0
20240214,210000,452,452.2,451,451,3756,0
20240214,220000,451.4,451.4,450.2,450.2,5952,0
20240214,230000,450.3,451,450.1,450.9,7732,0
20240215,100000,451,452.8,448,449.5,57153,0
20240215,110000,449.5,449.9,447.7,449,45575,0
20240215,120000,449,449.9,448.8,449.3,18066,0
20240215,130000,449.3,449.7,448.4,448.8,18027,0
20240215,140000,448.7,450.2,448.6,449.2,27460,0
20240215,150000,449.3,449.8,447.8,448.9,38794,0
20240215,160000,448.9,449.5,447,447.9,57505,0
20240215,170000,447.9,448.5,447.6,448.4,31670,0
20240215,180000,448.4,449.2,447.9,449.2,27568,0
20240215,190000,449.1,454.6,449.1,451,34294,0
20240215,200000,451,451.5,450.4,450.5,17453,0
20240215,210000,450.4,450.7,449.2,449.6,13748,0
20240215,220000,449.5,449.8,449.2,449.5,9709,0
20240215,230000,449.5,449.5,448.9,449.5,13316,0
20240216,100000,450.9,451.7,447.9,448.5,61801,0
20240216,110000,448.3,448.6,447.2,448,42787,0
20240216,120000,448,448,447.5,448,15681,0
20240216,130000,447.8,448.1,446.6,447.2,48920,0
20240216,140000,447.2,447.9,444,444.1,77472,0
20240216,150000,444.1,444.4,440,442.5,87854,0
20240216,160000,442.3,443.7,441.1,443,29961,0
20240216,170000,443,443,435.4,440.6,150149,0
20240216,180000,440.8,441.1,436.4,438,47574,0
20240216,190000,439,440.9,437.8,440.6,18573,0
20240216,200000,440.5,441.1,440,441,11863,0
20240216,210000,441,441.7,440.2,441.1,32129,0
20240216,220000,441,441.3,440.3,440.3,11905,0
20240216,230000,440.3,441.7,440,441.1,14073,0
20240219,100000,444,444.9,417.2,421.6,1187794,0
20240219,110000,421.6,423.6,419.1,422,296704,0
20240219,120000,422,427.5,411.5,413.6,735046,0
20240219,130000,413.6,416.4,406.9,408.2,724910,0
20240219,140000,408.1,408.8,403,406.4,689185,0
20240219,150000,406.5,410.7,405,405.4,307498,0
20240219,160000,405.9,408.7,403,406.2,261235,0
20240219,170000,406.5,406.5,402,402.7,366293,0
20240219,180000,402.6,404.5,401.3,401.6,220946,0
20240219,190000,401.6,404.3,401,401.7,203501,0
20240219,200000,401.5,403,395.2,397.3,390536,0
20240219,210000,397.3,402.1,397,399.9,328954,0
20240219,220000,399.9,401.9,397.8,399.9,105908,0
20240219,230000,399.9,400.4,397.2,399.5,79924,0
20240220,100000,394.5,399,378,380,1471175,0
20240220,110000,379.9,382.9,372.2,376.9,968815,0
20240220,120000,376.9,378,363.4,367.8,1024170,0
20240220,130000,367.9,377.5,366.7,376,612935,0
20240220,140000,376,378.8,370.5,372.3,487156,0
20240220,150000,372.3,375.5,370.1,371.4,241964,0
20240220,160000,371.5,372.9,366.1,368,410806,0
20240220,170000,368.4,370,366.1,367.8,349686,0
20240220,180000,367.5,370.6,366.8,370,161205,0
20240220,190000,369.3,375,366.5,368.4,279641,0
20240220,200000,368.4,368.9,364,366.8,201137,0
20240220,210000,366.8,373.5,366.7,371.7,389832,0
20240220,220000,372,372,368,370.9,148724,0
20240220,230000,370.6,377.8,368.6,368.9,371855,0
20240221,100000,368.6,368.9,351.4,354.6,845834,0
20240221,110000,354.6,357.3,346.1,347.2,649049,0
20240221,120000,347,350.9,338.6,346.4,791925,0
20240221,130000,346.3,349.8,341.3,343.7,237762,0
20240221,140000,343.6,347.5,339.2,342.4,271321,0
20240221,150000,342.4,343.9,337.5,341,406315,0
20240221,160000,340.8,342,336,341.3,437431,0
20240221,170000,341.3,343.2,338,338.3,194264,0
20240221,180000,338.3,340,337.1,337.1,178320,0
20240221,190000,337.1,341.5,337.1,340.2,155882,0
20240221,200000,340.5,341.8,339.1,340,85670,0
20240221,210000,340,342,339,340.6,134824,0
20240221,220000,341,363.8,340.7,355.1,2545282,0
20240221,230000,355.1,358.9,351.2,352,391926,0
20240222,100000,371,405.7,355.1,358.2,2631273,0
20240222,110000,358.2,359.6,352.5,357.5,644395,0
20240222,120000,357.5,357.7,354,356.4,204983,0
20240222,130000,356.4,357.9,355,357.2,132947,0
20240222,140000,357.1,357.3,355.1,356.9,72086,0
20240222,150000,356.9,367.2,356.2,357.1,557971,0
20240222,160000,357,358.3,348.2,354.1,583500,0
20240222,170000,354.1,354.1,346,348,216998,0
20240222,180000,347.8,352,347.4,350,116143,0
20240222,190000,351,351.9,348.1,348.6,73028,0
20240222,200000,348.6,356,348.1,352.7,125229,0
20240222,210000,352.7,355,351.4,352.6,42791,0
20240222,220000,352.6,353.8,349.7,349.8,81768,0
20240222,230000,349.8,352.4,348.5,349.1,85434,0
20240226,100000,350,354,341.1,344.9,316133,0
20240226,110000,344.7,359.9,344.3,358.5,324078,0
20240226,120000,358.1,358.6,351.5,354.5,186322,0
20240226,130000,354.5,354.7,347.3,349.4,137011,0
20240226,140000,349.5,351.8,347.3,351,72914,0
20240226,150000,350.7,352.3,348.2,349.6,72542,0
20240226,160000,349.5,351,347.3,348.6,66246,0
20240226,170000,348.6,351.9,348.1,350.5,42230,0
20240226,180000,350.4,351,349.2,349.8,32920,0
20240226,190000,349.4,355.4,349,351,73985,0
20240226,200000,351,352.3,350.7,351.7,26376,0
20240226,210000,351.7,352.1,349.3,351.7,36421,0
20240226,220000,351.9,354.3,351.5,354.2,60474,0
20240226,230000,354.2,354.2,352.8,353.2,28268,0
20240227,100000,354,355,346.1,350.9,192707,0
20240227,110000,350.9,351.6,348.6,348.6,84331,0
20240227,120000,348.7,349.5,347.1,349.1,54650,0
20240227,130000,349.3,349.8,346.4,347.3,66246,0
20240227,140000,347.3,347.6,345.2,345.8,70011,0
20240227,150000,345.8,347.7,345.1,347.1,71161,0
20240227,160000,347.1,348.5,347,347.5,42466,0
20240227,170000,347.5,351.9,345.9,350,193354,0
20240227,180000,350,351.2,350,350.7,51360,0
20240227,190000,349.6,350.6,346.8,350.6,41079,0
20240227,200000,350.6,351.4,350,350.5,11496,0
20240227,210000,350.5,350.8,350,350.6,11978,0
20240227,220000,350.6,350.8,349.6,349.7,15435,0
20240227,230000,349.7,349.8,348,349.2,25226,0
20240228,100000,350.2,351.5,345,348.3,122600,0
20240228,110000,348.4,349.6,347.1,348.1,49747,0
20240228,120000,348.2,348.3,345.6,346.3,47615,0
20240228,130000,346.3,350.6,346.1,350.1,164519,0
20240228,140000,350,352.6,350,351.6,74796,0
20240228,150000,351.6,351.7,350,350,59766,0
20240228,160000,350,351.5,350,350,95905,0
20240228,170000,350.3,358,350,354.2,163312,0
20240228,180000,354.2,364.7,352.5,363.3,289235,0
20240228,190000,362.9,365,354.8,356.5,333619,0
20240228,200000,356.7,358.9,353,358.6,129953,0
20240228,210000,358.3,359.7,355.9,356.8,56952,0
20240228,220000,356.7,358.8,356.7,358.6,23445,0
20240228,230000,358.7,362.8,358.6,361.4,86341,0
20240229,100000,361.5,377.6,359,369.3,1133205,0
20240229,110000,369.6,370.8,363.1,366.6,419548,0
20240229,120000,366.6,370.6,365.8,368.4,186177,0
20240229,130000,368.3,368.3,364.1,366.7,93979,0
20240229,140000,366.7,370,361.2,362.9,177016,0
20240229,150000,362.7,364.4,356.6,357.7,249536,0
20240229,160000,358,360.5,357.1,358.4,112003,0
20240229,170000,358.4,358.5,353.6,355.9,152231,0
20240229,180000,355.9,357.2,355.6,356.6,58043,0
20240229,190000,355.9,360,355.9,358.8,60228,0
20240229,200000,359.2,359.2,355.7,356.5,39232,0
20240229,210000,356.6,356.8,351.4,353.3,123660,0
20240229,220000,353.3,354.8,352,354.2,49698,0
20240229,230000,354.1,355.8,353.7,354,43683,0
20240301,100000,354,357.7,350,351.4,129726,0
20240301,110000,351,352.8,350.8,352.1,32647,0
20240301,120000,352.2,357.4,352,356.5,61078,0
20240301,130000,356.3,356.3,354.2,355.1,19085,0
20240301,140000,355,356.5,352,353.8,78020,0
20240301,150000,354.1,356.3,353.8,355.6,28607,0
20240301,160000,355.6,358.8,355.1,356.8,72910,0
20240301,170000,356.8,357.2,355.7,356.7,25353,0
20240301,180000,356.7,357.4,355.2,355.8,25573,0
20240301,190000,355.1,357.5,355,355.3,21900,0
20240301,200000,355.3,356,353.8,354.1,24289,0
20240301,210000,354.2,356.2,354.2,355.9,13984,0
20240301,220000,355.9,356,354.5,354.5,11976,0
20240301,230000,354.5,355.2,354,355.2,17616,0
20240304,100000,355,361.8,354.3,359.1,281318,0
20240304,110000,359,360.9,358.9,359.8,110223,0
20240304,120000,359.9,363,359,360.4,179799,0
20240304,130000,360.3,363.9,359.8,362.6,111663,0
20240304,140000,362.4,367.9,361.8,363,273269,0
20240304,150000,363.3,366.8,361.6,362.5,141832,0
20240304,160000,362.5,364.9,361.9,364.3,92233,0
20240304,170000,364.3,366.8,363,366.2,79180,0
20240304,180000,366,367.5,363.1,363.8,97679,0
20240304,190000,362.7,371.5,362.5,369.4,250026,0
20240304,200000,369.4,370,368.5,369.2,66150,0
20240304,210000,369.2,373.4,366.6,370.7,162597,0
20240304,220000,370.7,371.4,368.7,370.4,61336,0
20240304,230000,370.5,370.5,369,370,30381,0
20240305,100000,370,376,363,363,524562,0
20240305,110000,363,364.9,359.1,363.1,342724,0
20240305,120000,363,364.9,360.6,364.6,97817,0
20240305,130000,364.6,364.9,361.2,362.5,50310,0
20240305,140000,362.5,363.4,359.4,360.8,107825,0
20240305,150000,360.8,362.6,360.6,362.6,37485,0
20240305,160000,362.5,363.3,360.8,362.5,58507,0
20240305,170000,362.5,364.1,361.7,362,85513,0
20240305,180000,361.8,362.8,361.4,362.4,27418,0
20240305,190000,362,362.9,360.2,362.4,34990,0
20240305,200000,362.4,362.5,360.7,361.6,36371,0
20240305,210000,361.6,361.7,360.5,361.7,23691,0
20240305,220000,361.7,361.8,360.1,360.6,29241,0
20240305,230000,360.5,361.2,360.1,360.4,20582,0
20240306,100000,360.3,363,356.3,360,170082,0
20240306,110000,360,361,358.9,360.3,63001,0
20240306,120000,360.2,361.2,359.2,361.1,30198,0
20240306,130000,361.1,362,360.3,361.6,34597,0
20240306,140000,361.6,362.1,360,361.7,38563,0
20240306,150000,361.7,362,359.5,360,34857,0
20240306,160000,360,360.9,359.4,360.6,32900,0
20240306,170000,360.4,362.5,359,362.2,77400,0
20240306,180000,362.2,363.8,361.1,362.4,65536,0
20240306,190000,360.1,363.7,360.1,361.3,48155,0
20240306,200000,361.4,362.1,359.5,360.4,16381,0
20240306,210000,360.5,361.3,359.6,360.5,20106,0
20240306,220000,360.5,360.8,359.7,360.6,9397,0
20240306,230000,360.6,360.9,359.6,359.8,13656,0
20240307,100000,359.7,361.9,356.7,358.6,101402,0
20240307,110000,358.5,359,352,355,253200,0
20240307,120000,354.9,355,351,351.9,131504,0
20240307,130000,351.8,354.7,351.5,353,105955,0
20240307,140000,353.2,354.6,352.5,352.8,34600,0
20240307,150000,352.7,353.7,352.6,353,24825,0
20240307,160000,352.8,353.4,351.3,352.7,52008,0
20240307,170000,352.7,353.1,348.2,349.6,152703,0
20240307,180000,349.5,350.7,347.1,349.3,95344,0
20240307,190000,348.6,350.6,348.6,349.7,58074,0
20240307,200000,349.6,350.2,347.9,348.7,49748,0
20240307,210000,349,349.3,347.5,348.5,35207,0
20240307,220000,348.5,350.8,348.2,350.7,41773,0
20240307,230000,350.5,350.7,348,349.1,42988,0
20240311,100000,350.7,357.6,350.7,355.4,253183,0
20240311,110000,355.4,356,350.5,352,193656,0
20240311,120000,352.1,358.9,352,358.5,182911,0
20240311,130000,358.4,361.7,356.5,359.6,293647,0
20240311,140000,359.6,359.9,355.1,357.6,157855,0
20240311,150000,357.6,359.8,355.1,358.5,102971,0
20240311,160000,358.5,359.6,356.3,359.2,84690,0
20240311,170000,359,359.2,355.2,356.3,86850,0
20240311,180000,356.1,356.5,353.2,354.3,58016,0
20240311,190000,354.3,356.2,352.3,354.6,71020,0
20240311,200000,354.6,356,353.1,354.3,26170,0
20240311,210000,354.8,356.7,354.3,355.6,17962,0
20240311,220000,355.6,355.8,354.3,354.4,9256,0
20240311,230000,354.6,356.7,354.3,356.1,38896,0
20240312,100000,356.7,357.7,352.3,357,122874,0
20240312,110000,356.9,359.5,356.5,357.2,93794,0
20240312,120000,357.2,357.8,356.1,357.4,44021,0
20240312,130000,357.4,358,353.5,354,72208,0
20240312,140000,354,354.6,352.5,354,45470,0
20240312,150000,353.6,354.9,352.1,352.9,47879,0
20240312,160000,352.9,353.5,350.5,351.8,58511,0
20240312,170000,351.8,352.4,350,350.2,56075,0
20240312,180000,350.2,352.2,350,351,56605,0
20240312,190000,350.5,352,350,350.9,26517,0
20240312,200000,350.9,351.9,350.5,351.9,12004,0
20240312,210000,351.7,352.1,351.5,351.8,12537,0
20240312,220000,351.8,351.8,351.3,351.8,9259,0
20240312,230000,351.6,352,351.6,352,20313,0
20240313,100000,352.1,353,350.1,350.8,70358,0
20240313,110000,350.9,353.7,350.5,353.5,97573,0
20240313,120000,353.5,354.3,352.5,353.3,73590,0
20240313,130000,353.3,353.3,350.7,351.8,46200,0
20240313,140000,351.9,353.5,351.3,352,40679,0
20240313,150000,351.7,352.4,351.6,352,13081,0
20240313,160000,351.9,352.5,351.4,352.2,19169,0
20240313,170000,352,352.2,351.2,351.7,10392,0
20240313,180000,351.7,353.2,351.3,352.7,23536,0
20240313,190000,353,353.6,351.9,353.6,20872,0
20240313,200000,353.5,353.8,353,353.3,21570,0
20240313,210000,353.3,353.6,352.9,353.1,12664,0
20240313,220000,352.9,353.2,352.1,352.5,8865,0
20240313,230000,352.8,352.8,352,352.8,7918,0
20240314,100000,353.4,353.4,347,349.4,160906,0
20240314,110000,349.4,350.3,348.2,349.5,40588,0
20240314,120000,349.5,350,349,349.7,20131,0
20240314,130000,349.8,352.1,349.7,351,17001,0
20240314,140000,351,351.3,350.1,350.2,16475,0
20240314,150000,350.2,352.5,349.9,350.8,62281,0
20240314,160000,350.6,352.3,350.1,351.7,25436,0
20240314,170000,351.7,353,351.2,351.6,33642,0
20240314,180000,351.4,351.8,349.9,349.9,23693,0
20240314,190000,349.9,351.9,349.9,351,7329,0
20240314,200000,351.3,351.6,350.8,351,7604,0
20240314,210000,351,351.4,350.9,351,2104,0
20240314,220000,351.1,351.1,350,350.3,7983,0
20240314,230000,350.3,351.2,350.2,350.5,5602,0
20240315,100000,350.5,352.1,348.7,349.2,110046,0
20240315,110000,349.2,351.7,349,351,52971,0
20240315,120000,350.8,351.7,350.3,350.7,12188,0
20240315,130000,350.7,350.7,349.6,349.8,17176,0
20240315,140000,350,350.1,348,350.1,71258,0
20240315,150000,350,351.2,349.6,350,52865,0
20240315,160000,350,350,348.6,349.3,35965,0
20240315,170000,349.3,349.5,346.9,348.1,94976,0
20240315,180000,348.1,348.2,347,347.5,34931,0
20240315,190000,347.2,348.2,347.2,347.5,21354,0
20240315,200000,347.5,347.5,347.1,347.5,14714,0
20240315,210000,347.4,347.9,347,347.3,18544,0
20240315,220000,347.4,348.1,347.2,348,24019,0
20240315,230000,348,348.1,347,347,35657,0
20240318,100000,349.1,349.1,338.8,340,362341,0
20240318,110000,340,340,338.2,339.3,172935,0
20240318,120000,339.3,340,338.9,339.9,91983,0
20240318,130000,340,341.7,339.7,340.3,83858,0
20240318,140000,340.4,342,340.2,341.9,52406,0
20240318,150000,341.7,341.9,339.5,339.8,60679,0
20240318,160000,340.2,340.6,338.5,338.8,72742,0
20240318,170000,338.8,339.3,338,339,80915,0
20240318,180000,338.8,339.7,338,339.3,57615,0
20240318,190000,339.4,339.7,338.5,338.6,13046,0
20240318,200000,338.7,339,338.5,338.9,8974,0
20240318,210000,338.9,339.5,338.5,338.6,18402,0
20240318,220000,338.7,339.2,338.2,339.2,10042,0
20240318,230000,339,339.3,338.8,338.8,7230,0
20240319,100000,338.3,338.9,333.2,335.6,222771,0
20240319,110000,335.5,338.6,335.3,337.6,73002,0
20240319,120000,337.5,337.7,335.4,337.2,47993,0
20240319,130000,337.2,338,336.4,337.1,40856,0
20240319,140000,337.1,339.7,336.8,339,45916,0
20240319,150000,339.1,339.1,337.4,338.3,28000,0
20240319,160000,338.4,339.5,337.5,338.4,24152,0
20240319,170000,338.3,338.4,334.4,334.7,91460,0
20240319,180000,334.5,335.9,334,334.1,40685,0
20240319,190000,334.1,335.4,334,334.6,24257,0
20240319,200000,334.6,335,334.2,334.9,15582,0
20240319,210000,334.9,335,334,334.3,20285,0
20240319,220000,334.3,334.5,332.2,333.5,47046,0
20240319,230000,333.5,334.3,333.1,333.8,18595,0
20240320,100000,333.7,335.2,331.6,332,75896,0
20240320,110000,331.9,334.7,330.6,334.5,94016,0
20240320,120000,334.5,338.8,334.2,336.2,136637,0
20240320,130000,336.7,338.4,335.7,338.2,58354,0
20240320,140000,338.2,338.5,336.9,337.4,76892,0
20240320,150000,337.3,337.4,336,337.3,61335,0
20240320,160000,337.3,340,337,339.6,100925,0
20240320,170000,339.6,341.1,339.6,341,78610,0
20240320,180000,341,341,338.1,338.3,71850,0
20240320,190000,338.3,340.6,338.2,339.8,12056,0
20240320,200000,339.9,340,338,338.3,12678,0
20240320,210000,338.6,340.9,338.1,340.8,21872,0
20240320,220000,340.8,341.8,339.6,340.5,37124,0
20240320,230000,340.5,340.7,338.7,340.6,9578,0
20240321,100000,341.6,343.5,340,341.7,87701,0
20240321,110000,341.7,342.2,338.1,338.2,54167,0
20240321,120000,338.3,339,334.3,335.2,73464,0
20240321,130000,335.1,335.9,334.4,335.2,42068,0
20240321,140000,335,335.7,333.3,335,90887,0
20240321,150000,334.9,335,331.3,333,196664,0
20240321,160000,332.6,333.6,331.8,332.5,72146,0
20240321,170000,332.5,334,331.1,331.9,105516,0
20240321,180000,331.6,332.5,331,331,87509,0
20240321,190000,331,332.7,330.8,332.3,25201,0
20240321,200000,332.4,332.7,332.1,332.7,12385,0
20240321,210000,332.7,332.7,332.2,332.5,19278,0
20240321,220000,332.5,332.7,331.7,332.2,22569,0
20240321,230000,332.2,332.6,331.9,332.5,12919,0
20240322,100000,332.6,332.8,330.1,332.5,69901,0
20240322,110000,332.4,332.8,330.1,331.2,85145,0
20240322,120000,331.5,331.7,330.1,331.1,30036,0
20240322,130000,330.9,332.2,330.8,331.6,21654,0
20240322,140000,331.5,331.7,330.8,331,17523,0
20240322,150000,331,331.5,330.8,331,13356,0
20240322,160000,330.9,331.5,330.7,331.2,36239,0
20240322,170000,331.1,333.3,331,332.6,51551,0
20240322,180000,333,334,330.8,330.8,72747,0
20240322,190000,330.8,331.7,330.5,331,13844,0
20240322,200000,331,331.5,326.5,326.9,51177,0
20240322,210000,326.9,327.5,322.4,326.9,121492,0
20240322,220000,326.9,327.4,326.4,326.5,36669,0
20240322,230000,326.8,326.9,322.2,325.8,45328,0
20240325,100000,326.6,328.8,326.2,328.2,58545,0
20240325,110000,328.2,328.5,325.6,325.8,36905,0
20240325,120000,326,326,323.8,324.6,54079,0
20240325,130000,324.6,325.2,323,325.1,57944,0
20240325,140000,325.1,325.5,324.2,325,23454,0
20240325,150000,325,326.5,324.6,326.3,27431,0
20240325,160000,326.5,326.5,324.7,325.4,40350,0
20240325,170000,325.7,326.4,325.3,326.1,14978,0
20240325,180000,326.1,327,326,327,16993,0
20240325,190000,326,327.7,325.4,326.8,15230,0
20240325,200000,326.7,327.6,326.5,327,6288,0
20240325,210000,327,327.1,326.6,327,5154,0
20240325,220000,326.8,327,326.7,326.8,4086,0
20240325,230000,326.9,327.2,326.8,327.2,16505,0
20240326,100000,327,331.5,327,330.7,49834,0
20240326,110000,330.7,333.4,330.6,331.9,53099,0
20240326,120000,331.9,338.9,331.6,337,220299,0
20240326,130000,336.9,337.4,335.2,336.8,78244,0
20240326,140000,336.6,339.8,335.2,337.8,118085,0
20240326,150000,337.8,339.3,336.9,337.8,48323,0
20240326,160000,338,338.2,335.5,335.6,50422,0
20240326,170000,335.7,335.7,332,332.5,47779,0
20240326,180000,332.5,332.7,331.5,331.5,46578,0
20240326,190000,331.2,332.4,328.9,329.1,55948,0
20240326,200000,329.4,330.1,329,330,21973,0
20240326,210000,329.8,330.5,329.4,329.9,16795,0
20240326,220000,329.9,330.5,329.6,330.2,14764,0
20240326,230000,330.1,331,329.5,330.9,12957,0
20240327,100000,331.3,331.6,325.2,325.5,111610,0
20240327,110000,325.6,327,325,325.1,62170,0
20240327,120000,325.3,326.1,323.3,324.9,171812,0
20240327,130000,324.9,325.9,323.7,324.5,28033,0
20240327,140000,324.1,325,322,322.1,102308,0
20240327,150000,322.1,323.2,322,322.5,36762,0
20240327,160000,322.4,322.5,321.5,322.5,46869,0
20240327,170000,322.5,324.2,322,323.6,39923,0
20240327,180000,323.6,323.8,322.3,322.3,28111,0
20240327,190000,322.3,322.8,320,321.7,33827,0
20240327,200000,321.7,321.7,320.3,320.9,22467,0
20240327,210000,321,321,319.5,320.2,37343,0
20240327,220000,320.5,321,319.9,320.3,11985,0
20240327,230000,320.3,320.7,320,320.5,8954,0
20240328,100000,320.7,321.9,315.4,315.7,182866,0
20240328,110000,315.5,315.7,313.1,313.7,158113,0
20240328,120000,313.5,314.4,313.5,313.8,44661,0
20240328,130000,313.9,314,305,307,344712,0
20240328,140000,307,308.1,304,305.7,178638,0
20240328,150000,305.7,307.9,305.4,307.8,102183,0
20240328,160000,307.8,311.5,307.4,309.6,123510,0
20240328,170000,309.6,310.8,308,308.5,61104,0
20240328,180000,308.5,309.4,307.5,308.7,17187,0
20240328,190000,308.7,312.6,308.7,310.9,30904,0
20240328,200000,310.8,311.3,308.9,309.7,18291,0
20240328,210000,309.9,310,309.5,310,10902,0
20240328,220000,309.8,310,308.5,308.7,17044,0
20240328,230000,308.6,308.7,307.5,307.5,24976,0
20240328,100000,320.7,321.9,315.4,315.7,182866,0
20240328,110000,315.5,315.7,313.1,313.7,158113,0
20240328,120000,313.5,314.4,313.5,313.8,44661,0
20240328,130000,313.9,314,305,307,344712,0
20240328,140000,307,308.1,304,305.7,178638,0
20240328,150000,305.7,307.9,305.4,307.8,102183,0
20240328,160000,307.8,311.5,307.4,309.6,123510,0
20240328,170000,309.6,310.8,308,308.5,61104,0
20240328,180000,308.5,309.4,307.5,308.7,17187,0
20240328,190000,308.7,312.6,308.7,310.9,30904,0
20240328,200000,310.8,311.3,308.9,309.7,18291,0
20240328,210000,309.9,310,309.5,310,10902,0
20240328,220000,309.8,310,308.5,308.7,17044,0
20240328,230000,308.6,308.7,307.5,307.5,24976,0
20240329,100000,307,311.3,306.3,310.3,78260,0
20240329,110000,310.3,315.1,309.9,314.5,145125,0
20240329,120000,314.4,320,314.3,316.5,254331,0
20240329,130000,316.1,317.2,314.6,315.1,81895,0
20240329,140000,315.1,317,314.6,315.2,58845,0
20240329,150000,315,315.4,312.1,313.3,61166,0
20240329,160000,313.4,314.9,313.3,314.1,24706,0
20240329,170000,313.8,317.5,312.4,315.9,78784,0
20240329,180000,315.9,316.9,313.4,314.4,52085,0
20240329,190000,315.9,315.9,306.3,309.3,81922,0
20240329,200000,309.3,310.6,309,309.7,19831,0
20240329,210000,309.8,309.9,307.3,309.2,29550,0
20240329,220000,309.3,311,308.8,309.5,30097,0
20240329,230000,309.5,309.8,308,309.1,31836,0
20240401,100000,309.1,316.2,306.4,314.3,171404,0
20240401,110000,314.3,318,314.3,317.2,182910,0
20240401,120000,317.1,317.4,316.6,317.2,24188,0
20240401,130000,317,319,316.4,316.8,70636,0
20240401,140000,316.5,319.4,315.8,319,63093,0
20240401,150000,319,321,317.4,320.7,83500,0
20240401,160000,320.7,322.1,319,322.1,92026,0
20240401,170000,322,325,322,322.8,121798,0
20240401,180000,322.5,323.4,318.2,320.4,62674,0
20240401,190000,320.4,322.7,320,322.7,16142,0
20240401,200000,322.5,322.7,319,319.5,16642,0
20240401,210000,319.5,319.6,318.6,318.8,7550,0
20240401,220000,318.8,319.1,318.6,318.8,4689,0
20240401,230000,318.8,320.9,318.6,320.2,14480,0
20240402,100000,320.3,327.6,320.3,326.3,150703,0
20240402,110000,326.6,329.9,326.6,328.8,80017,0
20240402,120000,328.8,332.9,328.1,331.8,98363,0
20240402,130000,331.9,335.8,328.7,335.8,227964,0
20240402,140000,335.7,335.9,330.5,334.8,99912,0
20240402,150000,334.9,335.8,332.9,335.5,70617,0
20240402,160000,335.6,336,334.5,335.6,84365,0
20240402,170000,335.7,340,334.5,338.9,282061,0
20240402,180000,339,339.5,332.1,336.3,95713,0
20240402,190000,335.2,337.8,331,332,73243,0
20240402,200000,332,332.3,328.6,330.7,39111,0
20240402,210000,331,334.4,330.6,333.1,24530,0
20240402,220000,333,333.2,330.9,330.9,19033,0
20240402,230000,331,331,329.1,330.9,20197,0
20240403,100000,331.7,343,331.7,343,241944,0
20240403,110000,343,344.9,340.1,341.3,95942,0
20240403,120000,341.1,349.7,341,347.4,239088,0
20240403,130000,347.3,348.7,345.5,345.8,122888,0
20240403,140000,345.9,347.3,341,343.5,88760,0
20240403,150000,343.3,344.5,340.3,342.5,41761,0
20240403,160000,342.4,345.9,342.1,345.9,71853,0
20240403,170000,345.7,345.9,342.8,343,36640,0
20240403,180000,343,343.3,342,342.7,15859,0
20240403,190000,342.7,344,336.8,340.7,68722,0
20240403,200000,340.7,341.5,339.8,341.2,13060,0
20240403,210000,341.2,341.9,340.2,341,11146,0
20240403,220000,340.9,342.5,340.8,342.3,7390,0
20240403,230000,342.4,348,342.1,346.5,35413,0
20240404,100000,346.5,346.6,339.3,340.2,101435,0
20240404,110000,340.2,340.4,337.5,339.1,53904,0
20240404,120000,339,339.4,333.5,336.4,73421,0
20240404,130000,336.5,336.9,332.1,332.1,93009,0
20240404,140000,332.4,335.8,332.3,334.6,62292,0
20240404,150000,334.6,335.3,333,334.2,21188,0
20240404,160000,334.3,336.2,334.2,335.9,15531,0
20240404,170000,335.9,337.7,335.7,336.5,25116,0
20240404,180000,336.7,336.9,335.1,335.1,20187,0
20240404,190000,336.8,336.8,333,333,18023,0
20240404,200000,333.3,334.6,332.4,334.2,14035,0
20240404,210000,334.1,337.1,334,337.1,25630,0
20240404,220000,337.2,338,332.9,333,28589,0
20240404,230000,333.1,333.6,331.7,332.9,13218,0
20240405,100000,332.8,341.6,332.2,339.4,92014,0
20240405,110000,339.4,340.2,338.1,339.7,33709,0
20240405,120000,339.7,340,335.7,338.3,64015,0
20240405,130000,337.9,338.3,335.1,335.9,25397,0
20240405,140000,335.9,338.9,335.8,338.8,23809,0
20240405,150000,338.8,338.8,337,337.6,7441,0
20240405,160000,337.5,338.5,337.4,338,14879,0
20240405,170000,337.7,339.1,337.6,338.8,20733,0
20240405,180000,338.9,340.4,337.5,337.8,39352,0
20240405,190000,338.8,338.8,337.1,338.4,5381,0
20240405,200000,338.4,338.7,337.2,337.7,10692,0
20240405,210000,337.5,337.7,335.9,336.9,13648,0
20240405,220000,337,338.2,336.5,337.5,9110,0
20240405,230000,337.6,337.7,337,337.2,3234,0
20240408,100000,339.9,345,338.3,340,153641,0
20240408,110000,340.4,340.8,336.7,337.3,70860,0
20240408,120000,337.4,338.4,336.8,337.8,26006,0
20240408,130000,337.8,340,335.2,335.2,68004,0
20240408,140000,335.4,337.9,335.2,335.5,45327,0
20240408,150000,335.7,336.9,335.2,336.4,15337,0
20240408,160000,336.4,337,335.6,336,16261,0
20240408,170000,336.3,336.5,332.2,334,54831,0
20240408,180000,334,334,330.1,331.1,83097,0
20240408,190000,331.4,332.4,331.1,332.3,8209,0
20240408,200000,332.3,332.7,331.8,331.9,12561,0
20240408,210000,332.1,332.3,331.3,332.3,16198,0
20240408,220000,332.4,335.5,331.8,335,23403,0
20240408,230000,335,335,333.5,334,5129,0
20240409,100000,335,336.5,329,331.9,64457,0
20240409,110000,331.8,333.4,330.1,333,37799,0
20240409,120000,333,333.1,332,332.9,24806,0
20240409,130000,332.9,333,332.3,332.7,37895,0
20240409,140000,332.7,332.7,331,331,16721,0
20240409,150000,331,331.2,328.1,329.6,34468,0
20240409,160000,329.5,330.1,328.2,329.1,24929,0
20240409,170000,329.1,331.2,328.4,328.9,39224,0
20240409,180000,328.7,329,325,327.4,70610,0
20240409,190000,326.7,328.8,326.4,328.4,9975,0
20240409,200000,328.5,332,326.9,331.9,42516,0
20240409,210000,331.6,334.9,330.1,333.2,26490,0
20240409,220000,333.4,333.4,325.2,326.8,60964,0
20240409,230000,326.9,327.7,326.7,327.2,11745,0
20240410,100000,328.7,330.9,327.3,327.7,27453,0
20240410,110000,327.5,330.8,327.3,329.3,20191,0
20240410,120000,328.9,329.9,328,329.2,11375,0
20240410,130000,329.6,332,329.2,330.3,32083,0
20240410,140000,330.3,330.4,328.7,328.8,11704,0
20240410,150000,328.7,329,327,327.6,36408,0
20240410,160000,327.8,328.7,326.3,326.8,33749,0
20240410,170000,326.8,327.5,325.9,326,32408,0
20240410,180000,326,326.1,325.2,325.5,26715,0
20240410,190000,325.3,327.1,325.1,326.6,5895,0
20240410,200000,326.6,327.3,325.8,326.6,9603,0
20240410,210000,327,327.2,326.5,327.1,4724,0
20240410,220000,326.9,327.2,326,326,10960,0
20240410,230000,326.3,326.4,325.6,325.7,5264,0
20240411,100000,326.4,329.8,323.6,327.4,80011,0
20240411,110000,327.4,328.3,325,326,42157,0
20240411,120000,326.3,327.5,325,326.3,22473,0
20240411,130000,325.9,328.5,325.9,327.8,23223,0
20240411,140000,327.8,328,326.1,327,15782,0
20240411,150000,327.1,327.2,325.1,326.2,21982,0
20240411,160000,326.2,326.8,325,325.6,16207,0
20240411,170000,325.4,325.7,325,325.2,13238,0
20240411,180000,325.1,326.4,325.1,326.1,7433,0
20240411,190000,325.5,326.5,324.7,325.8,13983,0
20240411,200000,326,327,323.8,326.5,33922,0
20240411,210000,326.5,327.4,324,327,37902,0
20240411,220000,327,327,324.6,326,20496,0
20240411,230000,326,327.8,325.8,327.7,13248,0
20240412,100000,328.2,334.5,326.8,332.9,192927,0
20240412,110000,332.9,333.3,328.1,332.3,104794,0
20240412,120000,332.3,333,330,332,43869,0
20240412,130000,331.7,332,328,329,85282,0
20240412,140000,329.2,334.6,328.9,334.4,115904,0
20240412,150000,334.4,345,332.4,339.9,605461,0
20240412,160000,340,342.5,337.1,338.4,184268,0
20240412,170000,338.4,340,335.8,339.3,191733,0
20240412,180000,339.3,339.9,335.4,336.1,69332,0
20240412,190000,336.1,336.2,331.7,333,70316,0
20240412,200000,332.5,334.1,328,329.1,127347,0
20240412,210000,329.1,332.6,328.7,331.9,58892,0
20240412,220000,331.7,333.7,330.9,332.4,56095,0
20240412,230000,332.1,332.4,328,328.1,70750,0
20240415,100000,329.9,333.8,328.1,330.6,94254,0
20240415,110000,330.8,331,329.3,330.4,12339,0
20240415,120000,330.3,330.4,326,328.2,91265,0
20240415,130000,328.2,329.9,327.7,328.1,48992,0
20240415,140000,328.5,329,327.8,328.6,26300,0
20240415,150000,328.5,329,327.9,327.9,13229,0
20240415,160000,327.9,328.4,327.5,327.7,27664,0
20240415,170000,328.1,329,327.6,328.9,14597,0
20240415,180000,328.9,328.9,327.5,327.5,16948,0
20240415,190000,328.7,328.7,327,328.2,8915,0
20240415,200000,328.2,328.4,327.4,327.8,8500,0
20240415,210000,327.8,329,327.6,328.6,9584,0
20240415,220000,328.9,329,328.5,328.9,9655,0
20240415,230000,329,329,328.6,328.7,4637,0
20240416,100000,329,340,328.9,338.4,263615,0
20240416,110000,338.4,339.5,333,333.4,97093,0
20240416,120000,333.4,335,332,334.7,97598,0
20240416,130000,334.6,334.8,327,328.1,204368,0
20240416,140000,328.1,330,327,330,46127,0
20240416,150000,329.6,331.2,327.7,327.9,56652,0
20240416,160000,328,330.3,327.7,329.2,45739,0
20240416,170000,328.6,330,327.6,328.4,63223,0
20240416,180000,328.4,329.4,327.1,327.6,32255,0
20240416,190000,327.9,329.5,327.9,328.5,23987,0
20240416,200000,328.3,328.8,328,328,5074,0
20240416,210000,328.3,328.8,326.5,327.5,46685,0
20240416,220000,327.3,328.7,327.1,328.2,8631,0
20240416,230000,328.2,328.8,327.9,328.7,5922,0
20240417,100000,330.9,332.9,328.7,330.8,73666,0
20240417,110000,330.6,332.4,328.7,331,45293,0
20240417,120000,330.9,335,330.9,335,130987,0
20240417,130000,334.9,334.9,329.8,329.8,34383,0
20240417,140000,330,330.4,328.5,329.9,88445,0
20240417,150000,329.9,331.9,329.8,331.8,30046,0
20240417,160000,331.8,332,329.1,329.8,35607,0
20240417,170000,329.8,332.5,329,329.1,56629,0
20240417,180000,329.3,330,328.5,328.9,36043,0
20240417,190000,329.2,331.7,329.2,330,31060,0
20240417,200000,330,330.3,329.7,330,10227,0
20240417,210000,330,330.2,329.1,329.9,7442,0
20240417,220000,330,330.7,329.4,330.1,6976,0
20240417,230000,330.1,330.8,330,330.8,7965,0
20240418,100000,331.2,332.8,330.1,331.6,67876,0
20240418,110000,332.1,335.5,330.9,333.2,114124,0
20240418,120000,333,333.2,330.6,331.1,45642,0
20240418,130000,331,331.1,330,330.2,14264,0
20240418,140000,330.2,331,330,331,9484,0
20240418,150000,330.9,331.2,329.7,329.9,23714,0
20240418,160000,329.7,330.2,328.2,329.9,44300,0
20240418,170000,329.9,330.5,328.8,329.2,22087,0
20240418,180000,329.2,330,329,329.4,10620,0
20240418,190000,329.5,330.1,328.8,329.2,12390,0
20240418,200000,329.1,329.8,329,329.2,6592,0
20240418,210000,329,329.6,328.8,329,17361,0
20240418,220000,329,329,328.7,328.9,9353,0
20240418,230000,328.9,329.7,328.9,329.7,7211,0
20240419,100000,330.7,331,329.2,329.7,30652,0
20240419,110000,329.4,329.8,328.5,329.1,24073,0
20240419,120000,329.2,329.4,328.5,328.7,13697,0
20240419,130000,328.6,330.6,328,328.8,77470,0
20240419,140000,328.8,329.8,327,327.2,55071,0
20240419,150000,327.2,329,326.6,327.4,47990,0
20240419,160000,327.4,327.8,327.1,327.4,7955,0
20240419,170000,327.3,327.9,327,327.7,17874,0
20240419,180000,327.7,328.3,327.1,327.5,11527,0
20240419,190000,327.4,328.3,327,327.7,8464,0
20240419,200000,327.6,327.9,327.2,327.2,5313,0
20240419,210000,327.4,327.7,327.1,327.7,7647,0
20240419,220000,327.7,327.7,326.9,326.9,7949,0
20240419,230000,326.9,327.3,326.5,326.7,12155,0
20240422,100000,327.5,330.2,324,325.7,146159,0
20240422,110000,325.8,327.4,324.8,326.3,43864,0
20240422,120000,326,327.5,325,325.5,66488,0
20240422,130000,325.5,326,324.6,324.6,31214,0
20240422,140000,324.6,324.8,324.4,324.7,28736,0
20240422,150000,324.7,324.8,324.3,324.3,31269,0
20240422,160000,324.3,324.8,323.1,324.2,58593,0
20240422,170000,324.2,324.4,321,323,85969,0
20240422,180000,323,323.4,320,321,57603,0
20240422,190000,321.2,322.7,321,321.2,18721,0
20240422,200000,321.2,321.8,319.9,320.5,27526,0
20240422,210000,320.5,321.5,320.1,321.3,8566,0
20240422,220000,321.3,322.6,321.2,322.4,6535,0
20240422,230000,322.3,322.8,321,321,7922,0
20240423,100000,321.2,321.9,318.1,320,127128,0
20240423,110000,320,322.4,319.3,320.3,45390,0
20240423,120000,320.3,322.2,318.6,318.9,57768,0
20240423,130000,319,319.6,318,318.7,27810,0
20240423,140000,318.9,319.7,318.2,318.5,15889,0
20240423,150000,318.5,319.4,318,318.5,18381,0
20240423,160000,318.5,319.6,318,319,11719,0
20240423,170000,319.3,320.1,319,319.8,16599,0
20240423,180000,319.4,319.8,318,318.1,24348,0
20240423,190000,319.2,319.2,316.6,318.2,22848,0
20240423,200000,317.9,318.7,317.9,318.1,5106,0
20240423,210000,318.1,319,318,318.9,5174,0
20240423,220000,319,319.1,318.4,318.4,11497,0
20240423,230000,318.7,320.1,318.1,319.1,32889,0
20240424,100000,319.4,328.5,318.2,325.3,257952,0
20240424,110000,325.1,327.1,324.5,327,70343,0
20240424,120000,327,328,320,321.5,123132,0
20240424,130000,321.1,322.7,320.1,321.5,30912,0
20240424,140000,321.4,322.8,320.8,322,20413,0
20240424,150000,322,322,320.8,321.9,13819,0
20240424,160000,321.9,322.4,320.9,321.8,12931,0
20240424,170000,321.8,322.7,321,321.9,17176,0
20240424,180000,321.9,322.3,321.4,321.5,7768,0
20240424,190000,321.4,322.9,321.4,322.6,5909,0
20240424,200000,322.6,323.9,322.1,322.7,15652,0
20240424,210000,322.6,324.5,321,321,30757,0
20240424,220000,321.4,321.8,320.5,320.9,8714,0
20240424,230000,320.8,323.9,320.5,323.6,32069,0
20240425,100000,323.7,326,322.5,323.4,61755,0
20240425,110000,323.3,325.1,322.2,322.8,43945,0
20240425,120000,322.8,324.6,322.5,322.5,40436,0
20240425,130000,322.5,324.2,321,322.9,50676,0
20240425,140000,322.9,325.7,322,324,55000,0
20240425,150000,324.1,324.4,322,322.5,22883,0
20240425,160000,322.7,324,322.6,323,10041,0
20240425,170000,323.2,323.6,321,321.8,33139,0
20240425,180000,321.7,322.7,321.6,322.7,14961,0
20240425,190000,322.3,322.3,320.1,320.2,16962,0
20240425,200000,320.2,321.8,320.1,321.2,12654,0
20240425,210000,321.5,321.5,320,321,14782,0
20240425,220000,320.8,321.5,320.6,321,4211,0
20240425,230000,321,321.4,320.7,320.7,6026,0
20240426,100000,322.3,324.8,321.1,322.6,58235,0
20240426,110000,322.6,323.3,321.8,322,20844,0
20240426,120000,322,322.4,321,321.7,7845,0
20240426,130000,321.8,322.8,320.6,321.5,20063,0
20240426,140000,321.8,322.5,318,319.2,62645,0
20240426,150000,319.3,319.8,317.2,319.3,38981,0
20240426,160000,319.6,321.1,318.4,321,15240,0
20240426,170000,321,321.2,319.5,319.9,12465,0
20240426,180000,319.6,319.9,318.5,318.5,11380,0
20240426,190000,318.8,320.1,318.4,319.6,9774,0
20240426,200000,319.5,319.9,318.5,319.2,4340,0
20240426,210000,319.2,320.3,319.2,319.8,6958,0
20240426,220000,319.8,320,318.9,318.9,5462,0
20240426,230000,319,319.5,318.7,318.8,8392,0
20240427,100000,319.5,319.6,318.2,318.9,19207,0
20240427,110000,318.9,318.9,318.1,318.1,6748,0
20240427,120000,318.1,319,318,318.1,11438,0
20240427,130000,318.1,318.6,317.6,318,11285,0
20240427,140000,318,318.7,316.7,317.2,27151,0
20240427,150000,317.3,317.3,315,316.1,29609,0
20240427,160000,316.2,318.9,316.2,318.3,43776,0
20240427,170000,318.3,320,318.2,319.6,11796,0
20240427,180000,319.6,320,318.9,320,10682,0
20240427,190000,319,319.2,317.1,318.3,9836,0
20240427,200000,318,319.4,318,318.5,3539,0
20240427,210000,318.9,318.9,318.1,318.5,2039,0
20240427,220000,318.5,318.9,318.2,318.2,1542,0
20240427,230000,318.2,318.2,317.2,317.4,6635,0
20240429,100000,317.4,322.6,316.5,321.1,72630,0
20240429,110000,321,324.5,321,324.3,72228,0
20240429,120000,324.3,324.5,322.4,322.5,22237,0
20240429,130000,322.4,322.8,322.2,322.3,3679,0
20240429,140000,322.3,322.8,322.2,322.3,4535,0
20240429,150000,322.2,322.4,322.2,322.3,5394,0
20240429,160000,322.3,322.5,320,320.5,41060,0
20240429,170000,320.2,321.2,320,320.8,3665,0
20240429,180000,320.8,321.1,320.5,320.5,5055,0
20240429,190000,320,320.7,318.1,319.3,11018,0
20240429,200000,319.4,319.8,319,319.7,804,0
20240429,210000,319.7,320.6,319.5,320.6,2899,0
20240429,220000,320.3,320.3,319.5,319.7,2543,0
20240429,230000,319.7,319.9,319.5,319.7,2566,0
20240430,100000,319.7,322,317,319.6,81155,0
20240430,110000,319.6,319.6,316.4,318.3,36989,0
20240430,120000,318.3,320.7,316.5,317,51733,0
20240430,130000,317.3,317.7,317,317.2,14115,0
20240430,140000,317.1,317.7,316.6,316.8,18968,0
20240430,150000,316.8,317.3,316.7,317,6286,0
20240430,160000,317,317.6,317,317.6,3299,0
20240430,170000,317.6,317.9,317,317.2,6141,0
20240430,180000,317.5,317.5,316.7,316.7,7940,0
20240430,190000,317.4,317.5,315.8,316.8,16821,0
20240430,200000,316.4,317.1,316.4,317,1690,0
20240430,210000,317,317,316.2,316.4,3195,0
20240430,220000,316.6,316.8,316.3,316.7,3163,0
20240430,230000,316.5,316.9,315.9,316.1,15945,0
20240502,100000,316.6,317.8,316.6,317.3,16334,0
20240502,110000,317.4,317.7,316.1,316.7,15805,0
20240502,120000,316.7,319,316.2,318.6,30504,0
20240502,130000,318.6,318.9,317.8,318.2,10989,0
20240502,140000,318.2,321.5,318,320.2,66700,0
20240502,150000,320.1,320.3,317.6,317.8,24361,0
20240502,160000,317.7,318,316,316.6,54783,0
20240502,170000,316.6,316.7,316.2,316.2,11409,0
20240502,180000,316.2,316.5,314.4,314.4,35513,0
20240502,190000,314.9,315.9,314.8,315.6,25314,0
20240502,200000,315.6,316.1,314.9,315.9,10210,0
20240502,210000,315.9,316.1,315.8,316,8037,0
20240502,220000,316,316,315.7,315.8,3708,0
20240502,230000,315.8,315.8,315.3,315.5,5366,0
20240503,100000,315.8,316.7,315.2,315.6,29274,0
20240503,110000,315.6,316.3,315,315,7368,0
20240503,120000,315,318.9,315,318.3,38687,0
20240503,130000,318.3,319.6,315.5,316.1,59321,0
20240503,140000,316.1,316.4,314.7,315.6,28508,0
20240503,150000,315.6,318.6,315.4,317.2,45505,0
20240503,160000,317.2,317.7,316.6,317.1,12419,0
20240503,170000,317.4,318.4,315.3,317.1,37921,0
20240503,180000,317.5,317.5,316.2,316.7,10282,0
20240503,190000,317.5,324.9,316.2,318.6,102531,0
20240503,200000,318.9,319.1,317.2,318.1,13595,0
20240503,210000,318.1,318.9,317.5,318.7,11535,0
20240503,220000,318.6,318.6,316.2,317.7,15289,0
20240503,230000,317.3,317.3,316.2,316.5,14985,0
20240506,100000,316.9,323.6,316.9,321.6,166700,0
20240506,110000,321.6,321.7,320.5,320.6,12600,0
20240506,120000,320.6,321.8,318.8,319.1,81049,0
20240506,130000,319.1,320.1,317,319.9,87471,0
20240506,140000,320.1,321.9,319.9,320.8,48662,0
20240506,150000,320.9,321,319.7,320.3,36742,0
20240506,160000,320.2,321.1,320.1,320.7,26088,0
20240506,170000,320.8,321.5,320.5,321.3,28731,0
20240506,180000,321.3,321.5,319.8,319.8,16715,0
20240506,190000,321.1,321.1,318.9,319.4,14654,0
20240506,200000,319.6,319.8,318.1,319.5,13532,0
20240506,210000,319.5,319.5,318,319.2,16348,0
20240506,220000,319.3,319.7,318.8,319.2,7216,0
20240506,230000,318.8,319.2,318,318,7779,0
20240507,100000,318.2,320.8,317.6,320,53262,0
20240507,110000,320,320,318.7,319.5,10723,0
20240507,120000,319.2,319.4,318.5,318.6,12269,0
20240507,130000,318.6,319.5,318.1,318.9,24801,0
20240507,140000,319.2,319.3,315,315.7,70544,0
20240507,150000,315.8,318,314,317.5,45653,0
20240507,160000,317.4,317.4,316.2,316.7,13683,0
20240507,170000,316.7,317,315,316,22998,0
20240507,180000,316,316.4,315.9,315.9,6433,0
20240507,190000,316.1,316.3,314.2,315.5,19726,0
20240507,200000,315.3,316.4,314.6,316.1,14411,0
20240507,210000,316.1,316.2,315.6,316.1,8091,0
20240507,220000,316.1,316.3,315.6,316.2,4092,0
20240507,230000,316,316.4,315.6,315.6,2702,0
20240508,100000,315.8,319.8,314.8,317.3,173465,0
20240508,110000,317.4,318.5,316.1,317.6,60617,0
20240508,120000,317.6,319.2,317.1,317.5,27469,0
20240508,130000,317.3,317.8,316.3,317.3,28067,0
20240508,140000,317.3,317.9,316.9,317.4,10728,0
20240508,150000,317.1,317.2,316.2,316.3,24686,0
20240508,160000,316.4,316.8,316,316,15905,0
20240508,170000,316.1,316.5,316,316,10691,0
20240508,180000,316.1,316.7,316,316.7,12584,0
20240508,190000,316.2,317.1,316.2,316.5,4881,0
20240508,200000,316.4,316.5,316,316.4,5046,0
20240508,210000,316.4,316.7,316,316.4,3664,0
20240508,220000,316.5,317,316.1,316.5,8915,0
20240508,230000,316.5,317.1,315.2,315.3,14564,0
20240510,100000,316.9,322.2,316.9,320,222154,0
20240510,110000,319.6,322.5,318.1,320.7,193020,0
20240510,120000,320.5,322,320,320.5,34847,0
20240510,130000,321,321.7,319.8,320.3,32563,0
20240510,140000,320.3,320.3,318.9,319,25586,0
20240510,150000,319,321,318.7,319.1,63443,0
20240510,160000,319.2,319.7,318.9,319.5,10985,0
20240510,170000,319.2,319.8,318.7,319.1,7596,0
20240510,180000,319.1,319.5,317.1,318.3,73941,0
20240510,190000,317.2,318.2,317.1,318.2,8728,0
20240510,200000,317.9,318.7,317.9,318.2,14830,0
20240510,210000,318.1,318.3,317.8,318.3,8828,0
20240510,220000,318.2,318.3,317.5,317.6,10178,0
20240510,230000,317.6,319.8,317.6,319.5,22196,0
20240513,100000,319.5,319.8,316.3,317.6,77224,0
20240513,110000,317.4,317.6,315.7,316.8,54019,0
20240513,120000,316.8,317.5,316,317.3,17120,0
20240513,130000,317.2,317.7,316.8,316.8,13493,0
20240513,140000,316.8,317.8,316.1,317.7,35076,0
20240513,150000,317.7,317.7,316.6,317.4,8851,0
20240513,160000,317.3,317.5,316.6,317,9387,0
20240513,170000,316.8,317.8,316.6,317.4,19677,0
20240513,180000,317.7,317.7,316.6,317.3,7569,0
20240513,190000,317.9,317.9,316.3,316.5,6875,0
20240513,200000,316.4,317.3,316.4,317.3,5346,0
20240513,210000,317.3,317.3,316.8,316.9,4659,0
20240513,220000,316.8,317.3,316.7,317,6192,0
20240513,230000,317,317,316.6,316.9,7007,0
20240514,100000,316.4,318,316.4,317.3,35249,0
20240514,110000,317.3,317.8,316.5,317.1,22478,0
20240514,120000,317,317.4,316,316.4,21729,0
20240514,130000,316.2,316.5,314.6,315.3,46269,0
20240514,140000,315.4,315.4,315,315.2,12862,0
20240514,150000,315.2,315.7,315,315.7,10546,0
20240514,160000,315.5,316,315.3,315.7,7884,0
20240514,170000,315.5,315.8,315.1,315.1,8841,0
20240514,180000,315.4,315.5,315,315,13909,0
20240514,190000,315,316.1,314.8,315.1,16101,0
20240514,200000,315.5,315.7,315.1,315.1,2445,0
20240514,210000,315.1,315.6,315,315.3,5789,0
20240514,220000,315.3,316,315.1,315.5,10305,0
20240514,230000,315.5,315.9,315.3,315.4,3619,0
20240515,100000,315.4,320,314.7,318.7,304984,0
20240515,110000,318.6,319.2,317,318.1,76706,0
20240515,120000,318,322.3,317.6,321.7,178112,0
20240515,130000,321.8,321.9,318,318.7,117891,0
20240515,140000,318.4,318.7,316.3,316.9,58172,0
20240515,150000,317.2,318.3,316.2,317.8,32214,0
20240515,160000,318,318.9,317.5,317.7,15423,0
20240515,170000,317.9,318.3,316.4,316.6,37448,0
20240515,180000,316.8,317.5,316.5,317.2,11263,0
20240515,190000,317.1,317.5,316,317.2,10497,0
20240515,200000,317.5,318,316,317,15095,0
20240515,210000,317.1,317.9,316.6,317.1,7106,0
20240515,220000,317.1,317.2,316.8,317.2,5328,0
20240515,230000,317.1,317.9,316.9,317.7,4504,0
20240516,100000,318,318.2,315.5,316.4,27774,0
20240516,110000,316.4,317.3,316,316.2,16580,0
20240516,120000,316.2,317,316.1,317,11939,0
20240516,130000,317,317.4,316,316.6,17053,0
20240516,140000,316.8,316.9,316.1,316.4,5866,0
20240516,150000,316.2,316.6,316,316.4,6488,0
20240516,160000,316.4,316.6,315.6,316.2,22157,0
20240516,170000,316.2,316.7,315.8,316.1,12338,0
20240516,180000,316.1,316.3,315.7,316.2,10542,0
20240516,190000,316.6,316.6,315.6,316.4,5364,0
20240516,200000,316.4,316.6,316.1,316.1,10416,0
20240516,210000,316.2,316.2,315.3,315.5,16317,0
20240516,220000,315.7,316,315.2,315.9,20314,0
20240516,230000,315.9,316.3,315.9,315.9,13932,0
20240517,100000,316.1,316.5,315.6,316,18352,0
20240517,110000,316,316.4,315.6,316.2,14410,0
20240517,120000,316.1,316.5,316,316,6015,0
20240517,130000,316,316.2,315.5,315.7,14048,0
20240517,140000,315.8,316.1,315.5,316,13369,0
20240517,150000,316.1,316.2,315.3,315.9,12988,0
20240517,160000,315.9,316.4,315.3,315.8,11076,0
20240517,170000,316,317.1,315,316.6,81601,0
20240517,180000,316.5,317.7,315.4,316,42630,0
20240517,190000,314.7,317,314.7,316.1,20078,0
20240517,200000,316.1,317.1,315.4,316.4,23061,0
20240517,210000,316.6,316.6,314.9,315.2,13448,0
20240517,220000,315.2,315.3,314.5,314.6,23295,0
20240517,230000,314.6,315.4,314.5,314.5,10521,0
20240520,100000,315.7,320,314.7,317.5,159183,0
20240520,110000,317.5,318.7,316.2,316.4,45631,0
20240520,120000,316.3,317.6,315,315.4,57873,0
20240520,130000,315.4,317.3,310,313.4,202466,0
20240520,140000,313.4,313.5,311.2,311.7,58268,0
20240520,150000,311.8,311.9,305,309.6,199914,0
20240520,160000,309.9,310.9,308.7,309.8,27147,0
20240520,170000,309.8,310.2,309,309.8,17725,0
20240520,180000,309.5,310.8,309.1,310.2,22042,0
20240520,190000,309.9,311.5,308.7,311.4,20559,0
20240520,200000,311.3,311.4,308.2,308.4,40552,0
20240520,210000,308.3,308.8,306.9,307.4,32876,0
20240520,220000,307.4,308.4,307.2,307.8,9607,0
20240520,230000,307.9,308,307.3,307.3,6425,0
20240521,100000,308.1,308.9,300.7,301.4,153811,0
20240521,110000,301.4,301.9,295.1,298.7,228632,0
20240521,120000,298.3,302.9,297.3,302.9,90431,0
20240521,130000,302.9,306.9,301.2,302.9,105827,0
20240521,140000,302.7,303.9,302.5,303.1,24733,0
20240521,150000,302.9,303,301.2,301.4,21134,0
20240521,160000,301.4,302.1,300.3,302,34144,0
20240521,170000,301.9,303.9,301.5,303.8,58166,0
20240521,180000,303.7,304.2,303,303,20310,0
20240521,190000,303.6,304,302.7,303.1,12879,0
20240521,200000,303.1,303.2,302.4,302.8,3763,0
20240521,210000,303,303,302.1,302.4,4069,0
20240521,220000,302.5,302.7,300.2,301.1,18972,0
20240521,230000,301.2,301.3,299.2,300.6,18741,0
20240522,100000,300.6,304.5,299,302.6,53948,0
20240522,110000,302.3,303.4,302,302.6,16467,0
20240522,120000,302.6,302.6,301.6,302,5114,0
20240522,130000,301.8,303.1,301.7,302.6,10691,0
20240522,140000,302.8,304.2,302.6,303,20709,0
20240522,150000,302.9,304,302.9,303.6,14333,0
20240522,160000,303.5,305,303.4,304.5,20167,0
20240522,170000,304.5,305.9,304.1,305.3,19238,0
20240522,180000,305.4,305.5,302.5,302.6,19637,0
20240522,190000,302.1,303,300.4,302.1,19111,0
20240522,200000,301.9,303,301.8,302.5,5208,0
20240522,210000,302.7,303,302.1,302.2,2303,0
20240522,220000,302.1,302.5,301.8,302,4874,0
20240522,230000,302.1,302.2,301.2,301.3,2104,0
20240523,100000,301.3,301.8,298.3,299.2,61518,0
20240523,110000,299.2,299.7,296.4,297.8,78390,0
20240523,120000,297.8,297.8,296.1,296.1,33881,0
20240523,130000,296.4,296.5,293.1,294.6,76529,0
20240523,140000,294.3,294.7,292.2,292.6,57959,0
20240523,150000,292.5,294.6,292.5,294.6,34177,0
20240523,160000,294.6,294.9,294,294.5,27178,0
20240523,170000,294.1,294.8,293.7,294.2,22863,0
20240523,180000,294.1,295,294.1,294.1,22657,0
20240523,190000,294.8,294.8,294,294.3,6886,0
20240523,200000,294.3,294.4,292.7,293.2,9808,0
20240523,210000,292.8,293.3,291.2,292.2,22492,0
20240523,220000,292.2,292.3,290.6,290.9,15672,0
20240523,230000,291.4,292.2,291,292.2,23784,0
20240524,100000,292.2,294.2,291.4,292.3,36771,0
20240524,110000,292.3,292.5,291.4,291.5,23701,0
20240524,120000,291.9,291.9,289.2,289.7,34702,0
20240524,130000,289.8,291.1,289,289.6,42469,0
20240524,140000,289.6,289.8,285,285.2,63019,0
20240524,150000,285.4,286.6,285,285.7,30229,0
20240524,160000,285.7,286.8,285.4,286,14432,0
20240524,170000,286,287.2,285.2,285.9,21288,0
20240524,180000,285.5,287.1,284.1,284.1,30181,0
20240524,190000,284.9,284.9,280.4,281.9,74315,0
20240524,200000,281.8,282.2,280.5,281.1,26391,0
20240524,210000,281.1,284.8,281.1,283.4,35909,0
20240524,220000,283.4,283.7,282,282.8,25929,0
20240524,230000,282.7,282.9,282,282.3,11694,0
20240527,100000,284,285.2,280,280.1,136264,0
20240527,110000,280.1,280.2,275.2,277,171553,0
20240527,120000,277,277.7,275,275.6,58733,0
20240527,130000,275.3,275.6,270.9,272,101055,0
20240527,140000,272.1,274,271.3,273.8,57267,0
20240527,150000,273.8,274.8,273.2,274.5,32639,0
20240527,160000,274.3,274.9,270.5,271.8,55992,0
20240527,170000,271.8,272.2,270,270.1,64858,0
20240527,180000,270.1,270.8,266,266,119581,0
20240527,190000,266.3,269.3,265,267,82905,0
20240527,200000,267.4,268.8,267.2,267.7,26808,0
20240527,210000,267.7,269,267,267.8,25407,0
20240527,220000,267.9,268,267.4,267.8,7136,0
20240527,230000,267.8,267.8,265.1,265.5,18409,0
20240528,100000,266.9,274,263.8,273.9,169785,0
20240528,110000,273.8,280.3,269.2,272,147233,0
20240528,120000,272.1,273.2,271.1,273,24779,0
20240528,130000,273,273.2,271.8,271.9,37416,0
20240528,140000,271.8,272.3,270.8,272.3,20083,0
20240528,150000,272.3,272.5,271.3,271.9,18613,0
20240528,160000,271.9,272.1,269.1,270.8,77386,0
20240528,170000,270.6,270.6,268.4,268.5,21246,0
20240528,180000,268.5,270.2,268.2,268.7,9803,0
20240528,190000,268.7,269.1,266.9,267.3,13047,0
20240528,200000,267.3,269,267.3,269,6233,0
20240528,210000,268.8,269,268.2,268.4,2432,0
20240528,220000,268.4,272.8,268.4,271.7,85874,0
20240528,230000,271.7,272.6,270.8,270.9,14312,0
20240529,100000,270.8,272.7,268.4,272.2,77366,0
20240529,110000,272.1,275,271.6,274.4,76638,0
20240529,120000,274.8,274.9,270,270.1,74406,0
20240529,130000,270,270.1,268.7,269.1,53307,0
20240529,140000,269.3,270,268,268.1,22901,0
20240529,150000,268.2,268.5,265.5,265.7,71545,0
20240529,160000,265.5,266.5,265,266,52331,0
20240529,170000,266.2,266.5,265,266.2,22332,0
20240529,180000,266.1,267.7,266,267.4,20851,0
20240529,190000,267.4,268.3,266.6,267,33480,0
20240529,200000,266.7,267.6,266.3,267.3,12321,0
20240529,210000,267.4,269.6,267,269.3,38242,0
20240529,220000,269.3,270.1,266.6,267.1,36348,0
20240529,230000,267.1,268.4,266.3,267.8,28023,0
20240530,100000,267.8,270,266.5,269.5,102183,0
20240530,110000,269.4,269.4,266.9,266.9,57476,0
20240530,120000,266.9,267.6,266.6,266.7,25783,0
20240530,130000,266.8,267.4,266.5,267.3,25659,0
20240530,140000,267.3,267.5,266.2,266.5,19143,0
20240530,150000,266.7,269,266.4,267.6,64632,0
20240530,160000,267.9,268,266.7,266.9,12407,0
20240530,170000,267.2,267.8,266.7,267,7355,0
20240530,180000,267.1,267.6,265.9,265.9,19309,0
20240530,190000,265.5,266.7,265.1,265.4,36827,0
20240530,200000,265.3,265.4,260,261.7,88481,0
20240530,210000,261.6,261.7,248.4,251.8,177298,0
20240530,220000,251.9,254.9,250.5,250.7,133283,0
20240530,230000,250.7,254.1,249,253.6,110333,0
20240531,100000,254.1,257.8,250,250.8,185871,0
20240531,110000,250.5,256,250,255,106195,0
20240531,120000,255.1,256.9,254,256.8,44968,0
20240531,130000,256.8,259.9,255.8,257,92510,0
20240531,140000,257,258.8,255.7,257.3,46380,0
20240531,150000,257.3,257.5,254.6,255.5,28210,0
20240531,160000,255.5,255.7,254,254,24119,0
20240531,170000,254,255.8,253.2,254.5,41142,0
20240531,180000,254.1,254.3,251.7,252.7,47984,0
20240531,190000,252.7,253.7,250.1,250.9,23991,0
20240531,200000,250.5,251.6,250,250.7,25378,0
20240531,210000,250.7,250.9,244.2,245.3,95519,0
20240531,220000,245.3,247.4,240,246.1,161209,0
20240531,230000,246.4,247.3,245,246.9,23732,0
20240603,100000,247.9,253,247.7,251.2,168781,0
20240603,110000,251.3,253.5,250.4,251.6,45586,0
20240603,120000,251.6,261.6,250.2,257,153559,0
20240603,130000,256.8,266.9,251.6,254.6,410479,0
20240603,140000,254.1,262.8,254.1,257.1,214197,0
20240603,150000,256.8,257.6,250.8,253,157817,0
20240603,160000,253,257.8,251.5,253.9,154991,0
20240603,170000,253.8,253.8,250.2,252.9,66089,0
20240603,180000,252.9,254,251,254,50703,0
20240603,190000,254.1,255.7,253,254.4,15004,0
20240603,200000,254.4,255.8,253.7,255.7,25744,0
20240603,210000,255.7,257.9,253.9,254.2,58947,0
20240603,220000,254.3,258.9,253.8,257.9,100830,0
20240603,230000,257.9,259.8,256.9,259.7,34255,0
20240604,100000,259.9,263,255.6,257.8,210744,0
20240604,110000,257.6,258.1,254.1,255.2,49777,0
20240604,120000,255.2,258.7,254.9,256.7,26083,0
20240604,130000,256.6,258.9,256,256.3,33728,0
20240604,140000,256.3,257,254.8,254.9,53851,0
20240604,150000,255.3,255.9,249.5,251.5,188356,0
20240604,160000,251.5,253,251,252.4,89026,0
20240604,170000,252.4,253,251.1,252,41522,0
20240604,180000,251.9,253,251.5,253,79439,0
20240604,190000,253,255,252.3,253.4,44180,0
20240604,200000,253.3,255.8,252.3,255.3,34794,0
20240604,210000,255,255.7,254.4,254.8,15874,0
20240604,220000,254.7,255.8,253.3,253.7,26230,0
20240604,230000,253.7,254,253.2,253.9,26146,0
20240605,100000,253.9,259.2,251.7,255.2,302911,0
20240605,110000,255.3,259.5,255.2,257.6,235676,0
20240605,120000,257.8,259,256.9,258.1,76722,0
20240605,130000,258.1,259.3,257.5,258.7,52658,0
20240605,140000,258.6,258.8,257,258,54364,0
20240605,150000,258,258,255.5,256.4,82046,0
20240605,160000,256.3,257.5,256,256.5,23490,0
20240605,170000,256.5,257.9,255.9,256.4,35152,0
20240605,180000,256.3,256.5,255.6,256.2,21342,0
20240605,190000,256,257.7,256,256.5,14109,0
20240605,200000,256.5,256.7,255.6,255.8,10171,0
20240605,210000,255.8,256.2,255.5,255.6,11926,0
20240605,220000,255.8,255.8,255,255.4,22705,0
20240605,230000,255.4,255.6,255,255.1,4978,0
20240606,100000,256.4,259,255.8,258.8,85286,0
20240606,110000,258.6,258.6,257.6,257.6,28964,0
20240606,120000,257.8,260.8,257.5,258.4,112484,0
20240606,130000,258.6,260.8,257,257.3,87115,0
20240606,140000,257.3,257.6,256.5,256.6,31938,0
20240606,150000,256.5,257.5,256.5,257.5,19846,0
20240606,160000,257.5,257.9,256.6,256.8,25401,0
20240606,170000,256.8,257.5,256.6,257,20378,0
20240606,180000,257,257.5,257,257,12029,0
20240606,190000,257.3,258,257,257.6,9423,0
20240606,200000,257.5,258.2,257.4,257.8,20393,0
20240606,210000,258.2,258.8,257.6,257.6,12234,0
20240606,220000,257.9,258,257.5,257.9,4361,0
20240606,230000,257.9,258.2,257.3,258,27450,0
20240607,100000,259.1,261.9,256.8,257.8,109815,0
20240607,110000,257.8,258.9,257.5,258.4,17796,0
20240607,120000,258.5,259,258,258.5,24987,0
20240607,130000,258.5,260.5,258.2,259.3,82038,0
20240607,140000,259.3,259.7,258.3,258.9,43520,0
20240607,150000,258.9,259.1,258.3,258.8,48092,0
20240607,160000,258.4,259.4,258.4,259.1,14499,0
20240607,170000,259.4,259.7,258.8,259.2,18386,0
20240607,180000,259.2,259.7,258.9,258.9,15773,0
20240607,190000,258.9,259.5,257.5,258.1,31377,0
20240607,200000,257.9,259,257.5,258.1,27297,0
20240607,210000,258.5,258.7,257.8,258.1,11140,0
20240607,220000,258.1,258.4,257.7,257.7,9054,0
20240607,230000,257.9,258,256.3,257,14808,0
20240610,100000,258.3,262.3,257.7,260.5,88229,0
20240610,110000,260.5,262,259.1,260.3,49165,0
20240610,120000,260.2,261,259.7,259.7,15923,0
20240610,130000,259.8,264.7,259.7,264.1,93673,0
20240610,140000,263.9,264.4,261.7,262,53536,0
20240610,150000,262,263.3,261.5,262,26653,0
20240610,160000,262.2,265.3,262,265.2,58853,0
20240610,170000,265.2,276.9,265.2,270.9,332026,0
20240610,180000,270.9,271.4,262.8,265.9,90515,0
20240610,190000,268.7,270.5,265.9,269.1,67136,0
20240610,200000,269,269.8,267,267.1,48794,0
20240610,210000,267.1,267.9,267,267.3,14418,0
20240610,220000,267.3,269.2,267.3,268.8,23568,0
20240610,230000,268.7,273.2,268.5,269.9,68265,0
20240611,100000,270.2,274.9,267.3,271.3,198581,0
20240611,110000,271.1,272.7,269.1,269.2,51054,0
20240611,120000,269.2,269.7,268,268.3,41140,0
20240611,130000,268.3,269,267,267.2,70298,0
20240611,140000,267.2,267.3,251.3,254.5,387680,0
20240611,150000,254.2,260.3,251.9,257.7,331512,0
20240611,160000,257.9,258.4,255.7,257,53585,0
20240611,170000,257.2,260,257,258.9,44004,0
20240611,180000,258.8,260.4,256.2,259.3,76866,0
20240611,190000,259.3,260.9,258.2,259.6,25632,0
20240611,200000,259.5,259.6,257.4,258.9,38935,0
20240611,210000,258.7,259,257.6,259,29746,0
20240611,220000,258.9,259.3,258.3,259.3,12479,0
20240611,230000,259,260.4,258.9,260,11698,0
20240613,100000,256.6,260.5,250.8,260.2,162832,0
20240613,110000,260.1,267.3,258.9,266.2,141078,0
20240613,120000,266.1,266.2,263.5,264.4,56220,0
20240613,130000,264.6,264.7,261,263,58409,0
20240613,140000,263,265.9,261.5,262.8,83317,0
20240613,150000,262.8,266,262.2,265,45849,0
20240613,160000,265.2,265.9,264,265.4,48101,0
20240613,170000,265.4,268.4,264.1,268.1,62086,0
20240613,180000,268.1,269.9,266.5,267.5,40479,0
20240613,190000,267.5,267.7,266.1,266.1,9715,0
20240613,200000,266.2,266.4,265.5,265.6,4098,0
20240613,210000,265.6,265.9,262.7,264.3,21383,0
20240613,220000,264.3,265,261.9,263,29454,0
20240613,230000,263,263,259.9,260.9,39068,0
20240614,100000,260.9,264.5,260.5,261.8,62660,0
20240614,110000,261.9,263.8,261.5,263.1,19549,0
20240614,120000,263,263.9,262.8,263.8,9609,0
20240614,130000,263.9,265.5,263.8,265.2,19561,0
20240614,140000,265.2,266,264.6,265.3,19455,0
20240614,150000,265.4,265.7,262.2,263.6,32696,0
20240614,160000,263.4,264.6,261.9,262,28862,0
20240614,170000,262,262,260,260.3,61014,0
20240614,180000,260.5,261.5,260,260,38735,0
20240614,190000,260.3,261.4,260.3,260.4,10096,0
20240614,200000,260.5,260.7,260,260.3,14399,0
20240614,210000,260.2,260.5,260.2,260.5,1423,0
20240614,220000,260.5,260.7,260,260,9204,0
20240614,230000,260.2,260.7,260.1,260.2,7756,0
20240617,100000,263.7,264.1,260.9,262.1,73919,0
20240617,110000,262,262.2,259.5,260.2,29447,0
20240617,120000,260.5,261.7,259.4,260.7,23083,0
20240617,130000,260.7,262.9,260.7,262,19179,0
20240617,140000,261.9,262.4,260.9,261.4,12396,0
20240617,150000,261,261.8,260.8,260.9,5113,0
20240617,160000,260.8,260.8,259.1,260.3,19735,0
20240617,170000,260.2,260.3,259,259.6,15452,0
20240617,180000,259.5,260.1,258.8,259,14108,0
20240617,190000,259,259.7,257.7,258.1,15523,0
20240617,200000,258.1,258.1,257.3,258.1,4044,0
20240617,210000,258,259.2,257.7,258.3,5572,0
20240617,220000,258.3,258.8,257.5,258.2,12654,0
20240617,230000,258.2,258.4,257,257.4,8418,0
20240618,100000,257.4,258,253.3,256.1,78576,0
20240618,110000,256,256,253.2,254.5,53414,0
20240618,120000,254.6,256.2,253.1,256.1,38844,0
20240618,130000,256,258.5,255.8,257.1,44732,0
20240618,140000,256.6,259.7,255.2,255.7,26651,0
20240618,150000,255.7,259,254.8,259,33685,0
20240618,160000,259,259.3,256.8,257.9,29612,0
20240618,170000,258.1,260.2,257.8,259.2,34491,0
20240618,180000,259.2,260,257.7,258.5,26400,0
20240618,190000,257.8,259.7,255.4,256.6,26641,0
20240618,200000,256.9,258,256.5,256.6,5487,0
20240618,210000,256.6,256.7,255.9,256.3,6438,0
20240618,220000,256.3,256.3,255.2,255.7,5653,0
20240618,230000,255.7,255.8,255.1,255.4,2492,0
20240619,100000,256.6,256.6,252.3,253,33064,0
20240619,110000,253,254.1,252.1,252.5,29540,0
20240619,120000,252.7,253,250.7,250.9,31486,0
20240619,130000,250.9,251.3,247.5,247.9,41098,0
20240619,140000,248,249.6,247.6,249,31014,0
20240619,150000,249,249.3,247.2,249.2,23161,0
20240619,160000,248.8,249.2,247,247.9,24772,0
20240619,170000,248.3,248.3,243.1,244.6,50781,0
20240619,180000,244.6,247.4,244.5,245,32360,0
20240619,190000,245.2,247.3,245.1,247,10729,0
20240619,200000,247.2,247.2,245.4,246.6,7210,0
20240619,210000,246.6,248.6,246.4,248,13317,0
20240619,220000,247.8,247.8,246.9,247.1,3465,0
20240619,230000,247.1,248,246.9,247.1,9772,0
20240620,100000,245,255.5,244.7,250.9,60578,0
20240620,110000,250.9,251.3,249.6,250.1,19576,0
20240620,120000,250.2,250.8,248.6,249.1,34333,0
20240620,130000,249.1,249.6,247.4,249.1,21346,0
20240620,140000,249,249.9,244.2,245.8,32522,0
20240620,150000,245.9,250,245.8,249.1,34385,0
20240620,160000,249.1,250.1,248.4,249.6,15383,0
20240620,170000,249.8,250,247.3,250,24234,0
20240620,180000,250,252.5,248.4,251.6,34620,0
20240620,190000,251.8,252.9,247.6,249.5,63462,0
20240620,200000,249.8,251.6,249.8,250.6,11671,0
20240620,210000,250.6,250.8,249.7,249.7,19618,0
20240620,220000,249.7,250.2,248,248.2,19160,0
20240620,230000,248.7,252.6,248.7,249.1,33966,0
20240621,100000,249.6,253.9,248.4,250.6,58723,0
20240621,110000,250.7,251.7,248.8,250.5,40862,0
20240621,120000,250.8,251,249.2,249.3,11567,0
20240621,130000,249.3,251.3,248.6,251,25329,0
20240621,140000,251,255.1,250.1,253.6,102374,0
20240621,150000,253.6,256.4,252.2,253.3,66062,0
20240621,160000,253.3,254.3,250.3,252.1,46233,0
20240621,170000,252.1,252.3,249.3,250.3,23697,0
20240621,180000,250.3,251.8,250,251.3,14390,0
20240621,190000,251.3,251.8,250.4,251.2,5212,0
20240621,200000,251,251.3,249.5,249.8,17810,0
20240621,210000,249.7,250.8,249.7,250.8,3270,0
20240621,220000,250.5,250.9,250.2,250.9,2052,0
20240621,230000,250.8,251.3,250,250.1,5437,0
20240624,100000,251.3,255.3,250.1,255,56842,0
20240624,110000,254.9,255.7,251.2,252.1,21434,0
20240624,120000,252.1,252.6,249.6,250.5,37662,0
20240624,130000,250.2,251.8,250.2,251.7,14488,0
20240624,140000,251.6,252.7,251.2,252,8943,0
20240624,150000,252,252.3,250.2,250.3,8593,0
20240624,160000,250.2,251.1,250.2,251,2875,0
20240624,170000,250.9,251.4,250.3,250.5,5870,0
20240624,180000,250.4,250.7,249.7,249.7,14395,0
20240624,190000,250,250.9,249.7,250.5,3142,0
20240624,200000,250.9,250.9,249,249,17016,0
20240624,210000,249,251.2,248.6,250.7,16126,0
20240624,220000,250.7,251.4,250.1,250.2,6104,0
20240624,230000,250.8,252.5,250.1,251.5,11901,0
20240625,100000,182.9,236.7,182.8,231.1,5328564,0
20240625,110000,231,231.1,220,223,1133749,0
20240625,120000,223,224.2,217.5,220,762442,0
20240625,130000,220,222.2,218,219.9,806083,0
20240625,140000,219.9,220.9,218.7,220,282611,0
20240625,150000,220,221.7,219.1,220,220901,0
20240625,160000,220.1,221.4,217.1,220,541429,0
20240625,170000,219.8,221.5,219.2,220,212356,0
20240625,180000,219.9,220.3,219.6,220,133067,0
20240625,190000,219.9,220.1,218.1,219.2,74083,0
20240625,200000,219.2,219.6,217.7,218.3,114771,0
20240625,210000,218.3,218.5,214.5,215.1,161984,0
20240625,220000,215.1,215.1,212.2,213.6,131486,0
20240625,230000,213.6,214.5,211.3,211.3,89928,0
