20240625,100000,182.9,236.7,182.8,231.1,5328564,0
20240625,110000,231,231.1,220,223,1133749,0
20240625,120000,223,224.2,217.5,220,762442,0
20240625,130000,220,222.2,218,219.9,806083,0
20240625,140000,219.9,220.9,218.7,220,282611,0
20240625,150000,220,221.7,219.1,220,220901,0
20240625,160000,220.1,221.4,217.1,220,541429,0
20240625,170000,219.8,221.5,219.2,220,212356,0
20240625,180000,219.9,220.3,219.6,220,133067,0
20240625,190000,219.9,220.1,218.1,219.2,74083,0
20240625,200000,219.2,219.6,217.7,218.3,114771,0
20240625,210000,218.3,218.5,214.5,215.1,161984,0
20240625,220000,215.1,215.1,212.2,213.6,131486,0
20240625,230000,213.6,214.5,211.3,211.3,89928,0
20240626,100000,211.3,218.5,211.3,216,739577,0
20240626,110000,215.7,216.2,213.9,214.4,187906,0
20240626,120000,214.4,215.3,213.4,215.1,180736,0
20240626,130000,215.1,217,215,215.2,150252,0
20240626,140000,215.3,215.3,214.6,215,55961,0
20240626,150000,214.8,215.1,214.3,214.6,42236,0
20240626,160000,214.5,215.2,214.4,215,60516,0
20240626,170000,214.8,215.1,214.4,215,31535,0
20240626,180000,214.9,215.3,214.5,215.3,39702,0
20240626,190000,214.6,215.3,214.2,215,27711,0
20240626,200000,215,215.4,215,215.1,27102,0
20240626,210000,215.2,215.6,215,215,64173,0
20240626,220000,215,215.1,214.4,214.7,30201,0
20240626,230000,214.7,214.9,212.1,214.6,52873,0
20240627,100000,214.8,214.9,210.2,211.4,159368,0
20240627,110000,211.4,215.4,211.1,215.1,305255,0
20240627,120000,215,216,214.5,215,78485,0
20240627,130000,215,216.9,215,216,53102,0
20240627,140000,215.9,217,215.2,215.2,64348,0
20240627,150000,215.2,217.1,215,216.6,57192,0
20240627,160000,216.6,219,216.6,217.8,137174,0
20240627,170000,218,218.3,217.2,217.7,23488,0
20240627,180000,217.7,218,216.5,216.5,23856,0
20240627,190000,216.7,217.8,216.5,216.8,12377,0
20240627,200000,216.8,217.5,216.6,216.7,12646,0
20240627,210000,216.7,217.6,216.5,217.4,11703,0
20240627,220000,217.4,217.5,216.8,217,9167,0
20240627,230000,216.8,217,216.5,216.5,12011,0
20240628,100000,215.9,216.8,214,215,52973,0
20240628,110000,215.2,215.2,214.7,215.1,58139,0
20240628,120000,215.1,216.1,215.1,215.5,36826,0
20240628,130000,215.5,215.7,215.1,215.3,21808,0
20240628,140000,215.3,215.5,215.1,215.2,23091,0
20240628,150000,215.2,215.4,215,215.2,99287,0
20240628,160000,215.1,215.4,215,215.3,41733,0
20240628,170000,215.3,215.6,215.2,215.2,44496,0
20240628,180000,215.3,216.3,215.1,215.3,19769,0
20240628,190000,215.2,215.8,215.2,215.3,5486,0
20240628,200000,215.3,215.5,215.2,215.4,7452,0
20240628,210000,215.3,215.4,215.2,215.4,10069,0
20240628,220000,215.4,216.1,215.2,215.7,11129,0
20240628,230000,215.7,215.9,215.3,215.5,5410,0
20240701,100000,215.4,215.5,212.1,213.4,140019,0
20240701,110000,213.7,214.8,212.9,214.6,46759,0
20240701,120000,214.6,215.4,214.4,215,51330,0
20240701,130000,215,215.6,214.7,215.1,24783,0
20240701,140000,215.1,215.5,214.9,215,26649,0
20240701,150000,215,215.3,214.6,215,22075,0
20240701,160000,215,215.4,214.7,215.2,26139,0
20240701,170000,215.2,215.3,214.9,215,14077,0
20240701,180000,215.1,215.3,214.9,215.3,8286,0
20240701,190000,215,215.2,214.9,215,8335,0
20240701,200000,215,215.1,214.3,214.9,18679,0
20240701,210000,215,215.1,214.5,215.1,9899,0
20240701,220000,215,215.2,214.9,215,7320,0
20240701,230000,215,215.5,214.9,215.5,16565,0
20240702,100000,215,215.4,212.8,215,96716,0
20240702,110000,214.9,215.1,214.3,214.4,64079,0
20240702,120000,214.4,214.5,213.5,213.9,17977,0
20240702,130000,213.9,214,213,213.4,35984,0
20240702,140000,213.4,213.8,211.3,211.9,71004,0
20240702,150000,211.6,212,210.7,210.7,85590,0
20240702,160000,210.7,211.1,207.7,208.2,147325,0
20240702,170000,208.2,209,206.1,206.6,92335,0
20240702,180000,206.6,206.8,205,205.9,101177,0
20240702,190000,205.3,206.2,203.8,205.3,90749,0
20240702,200000,205.3,206.1,204,204.5,65661,0
20240702,210000,204.5,204.9,203.2,203.4,47002,0
20240702,220000,203.4,204,203.3,203.4,21902,0
20240702,230000,203.4,204,203,204,35251,0
20240703,100000,203.7,204,199.1,201.6,409759,0
20240703,110000,201.6,202.3,201.2,202.2,97936,0
20240703,120000,202.2,205.8,201.8,205,166756,0
20240703,130000,205,205.1,203.7,205,92902,0
20240703,140000,205,210.5,204.9,209.9,155364,0
20240703,150000,209.9,210.7,208.7,209.5,88362,0
20240703,160000,209.3,209.7,208.2,209.7,91108,0
20240703,170000,209.7,210.4,209.2,209.8,76467,0
20240703,180000,209.8,210.5,209.4,209.8,30067,0
20240703,190000,209.3,209.8,207,207.4,35637,0
20240703,200000,207.3,208.1,207.1,207.2,9842,0
20240703,210000,207.2,207.6,205.6,205.6,38439,0
20240703,220000,205.6,205.9,205.1,205.3,9023,0
20240703,230000,205.1,205.3,204.3,204.9,8952,0
20240704,100000,204.3,205.4,203.2,205,62307,0
20240704,110000,205,206.8,205,206.4,21761,0
20240704,120000,206.4,206.7,204,205,55075,0
20240704,130000,205,205.2,203.5,204.2,41302,0
20240704,140000,204.2,206.3,204.2,205.2,51182,0
20240704,150000,205.3,205.4,203.6,204.5,52834,0
20240704,160000,204.5,204.7,203.2,203.5,29112,0
20240704,170000,203.6,204.5,203.2,204.1,31474,0
20240704,180000,204.1,204.4,203.4,203.5,22009,0
20240704,190000,203.4,204.1,203,203.4,18723,0
20240704,200000,203.3,205.5,203,204.9,39125,0
20240704,210000,204.5,205,203.6,203.6,4595,0
20240704,220000,203.6,204.3,203.4,203.7,4741,0
20240704,230000,203.5,203.7,203,203.4,11935,0
20240705,100000,203.8,204.9,201,201.1,89087,0
20240705,110000,201.1,201.1,198.4,199.3,98618,0
20240705,120000,199.4,202.5,199.4,202.2,67635,0
20240705,130000,202.2,203.5,202.1,202.5,37816,0
20240705,140000,202.3,202.9,201.3,202.6,49017,0
20240705,150000,202.6,202.7,200.3,201.6,41259,0
20240705,160000,201.5,202.5,201.5,201.8,22083,0
20240705,170000,201.7,202.2,200.4,201.2,20700,0
20240705,180000,201.2,201.7,200.5,200.5,17196,0
20240705,190000,200.5,201.4,200.5,201.2,11916,0
20240705,200000,201.2,201.6,200.8,201.3,6613,0
20240705,210000,201.3,201.5,200.8,201.3,12854,0
20240705,220000,200.9,201.6,200.8,201.4,14466,0
20240705,230000,201.2,201.3,200.8,201.3,6010,0
20240708,100000,198.1,200.6,197,199.9,119899,0
20240708,110000,199.9,201,199.4,200,56143,0
20240708,120000,199.7,201,199,200,72830,0
20240708,130000,199.7,201.3,198.4,201.2,109316,0
20240708,140000,200.6,202,200.4,201.4,71141,0
20240708,150000,201.3,201.9,200.8,201.3,13949,0
20240708,160000,201.3,208,200.5,205.5,117700,0
20240708,170000,205.5,207,204.5,205.1,50832,0
20240708,180000,205.1,205.3,204.3,205,36304,0
20240708,190000,205,205.6,204.9,205,9344,0
20240708,200000,205.1,205.1,204.8,205,5145,0
20240708,210000,205,205,204.5,204.9,9502,0
20240708,220000,204.5,204.9,204.4,204.8,3038,0
20240708,230000,204.6,204.9,204.3,204.9,14129,0
20240709,100000,204.3,204.9,201.7,202,33951,0
20240709,110000,202,202.5,200,201.1,82015,0
20240709,120000,201,201.5,200,201.5,69499,0
20240709,130000,201.5,202.7,201,201.3,59626,0
20240709,140000,201.1,202.5,201,201.2,44950,0
20240709,150000,201.1,201.7,199.9,200.3,60046,0
20240709,160000,200.4,201.8,200.1,201.2,40461,0
20240709,170000,200.9,201.6,200,201.3,45196,0
20240709,180000,201.3,201.6,199.9,200.1,54390,0
20240709,190000,200,201.5,200,200.2,39664,0
20240709,200000,200.2,200.4,200,200.2,8249,0
20240709,210000,200.1,200.4,199.7,199.8,10824,0
20240709,220000,199.8,199.9,199.4,199.7,8817,0
20240709,230000,199.5,200,199.2,200,5696,0
20240710,100000,199.4,200.2,197,197.8,60843,0
20240710,110000,197.9,199.1,197,199,69513,0
20240710,120000,198.5,201.1,198.5,200.8,56253,0
20240710,130000,200.7,201.4,200.4,201.2,42396,0
20240710,140000,201.2,201.3,200.2,200.8,13735,0
20240710,150000,200.7,200.8,199.4,199.5,19333,0
20240710,160000,199.4,201.6,199.1,200.8,51374,0
20240710,170000,200.7,201.5,199.3,199.6,85746,0
20240710,180000,199.3,200.3,198,199.5,72942,0
20240710,190000,199.2,200.2,198.6,199.2,24444,0
20240710,200000,198.9,199.3,197.8,197.9,22351,0
20240710,210000,197.8,198.7,197,197.9,53055,0
20240710,220000,197.9,198.6,197.3,197.7,10893,0
20240710,230000,197.4,197.9,196.8,197.5,20324,0
20240711,100000,196.5,198.9,195.1,196.6,96185,0
20240711,110000,196.3,197.6,195.7,196.8,60012,0
20240711,120000,197.1,200.1,196.8,199.2,121058,0
20240711,130000,199.1,200,198.9,199.7,54027,0
20240711,140000,199.6,201.1,199.5,200.8,50014,0
20240711,150000,200.8,202.8,200.7,202.3,34573,0
20240711,160000,202.1,203.5,202.1,202.7,42596,0
20240711,170000,202.5,203,202,202.3,27404,0
20240711,180000,202.3,203.7,202.2,202.6,24011,0
20240711,190000,202.6,206.4,202.6,205.7,113295,0
20240711,200000,205.6,205.8,202.7,204.6,36247,0
20240711,210000,204.6,204.7,203.9,204.4,9775,0
20240711,220000,204.2,204.6,203.9,204.6,6672,0
20240711,230000,204.6,204.6,203.3,204,2408,0
20240712,100000,203,204.3,202.3,202.4,25429,0
20240712,110000,202.4,204.4,201.3,204.3,31614,0
20240712,120000,204.4,205.7,203.8,205.5,25352,0
20240712,130000,205.6,205.7,204.2,205.3,19746,0
20240712,140000,205,205.3,204.4,205,7398,0
20240712,150000,205,205.4,204.4,205,11766,0
20240712,160000,205,205.6,204.6,205.1,34628,0
20240712,170000,205.1,205.4,204.5,204.9,7252,0
20240712,180000,204.7,204.9,204.5,204.5,8123,0
20240712,190000,204.5,204.7,204.5,204.7,4067,0
20240712,200000,204.5,204.9,203.4,203.4,27763,0
20240712,210000,203.4,204.1,203.2,203.7,4036,0
20240712,220000,203.4,203.9,203.2,203.7,820,0
20240712,230000,203.6,203.8,203.2,203.6,1313,0
20240715,100000,203.9,205.8,203.4,203.6,54748,0
20240715,110000,203.9,205,203.4,204.8,30794,0
20240715,120000,205,208.8,203.8,208.6,52897,0
20240715,130000,208.3,209.3,207.7,208.6,33870,0
20240715,140000,208.5,212,208.5,211,164852,0
20240715,150000,211,211.4,209,209.7,43721,0
20240715,160000,209.6,209.7,207.2,207.4,16488,0
20240715,170000,207.2,208.8,205.6,208.3,51871,0
20240715,180000,208,210.4,207.6,209.2,37618,0
20240715,190000,209.2,209.7,208.4,208.9,16811,0
20240715,200000,208.6,210.1,208.2,210,25635,0
20240715,210000,209.7,211.3,209.4,211.2,23567,0
20240715,220000,211.2,211.3,210.1,210.3,2618,0
20240715,230000,210.3,210.7,210,210.7,5629,0
20240716,100000,209.6,210.9,207,208.1,32632,0
20240716,110000,208,209.5,206.8,208.2,40879,0
20240716,120000,207.7,209.4,207.6,208.1,25849,0
20240716,130000,208.1,208.5,207.3,207.6,14310,0
20240716,140000,207.6,208.3,206.4,207.8,15219,0
20240716,150000,208.3,208.9,207.1,207.1,44308,0
20240716,160000,207.2,208.5,207.2,208.2,12474,0
20240716,170000,208.2,209.9,207.6,209.9,12655,0
20240716,180000,209.8,211.2,209,211,31782,0
20240716,190000,211,211.3,209.9,210.1,18079,0
20240716,200000,210.1,211.5,210,211.4,21381,0
20240716,210000,211.5,211.6,210.4,211.4,18210,0
20240716,220000,211.4,211.5,210.8,210.8,9194,0
20240716,230000,211,211.3,210.8,211,6444,0
20240717,100000,210.9,211.5,205.3,210.1,55403,0
20240717,110000,210.4,211.1,208.5,208.7,17220,0
20240717,120000,208.9,209,207.6,208.6,19906,0
20240717,130000,208.4,208.6,207.6,207.6,10000,0
20240717,140000,207.7,208.1,207.2,207.8,25834,0
20240717,150000,207.8,208,207.2,207.2,6523,0
20240717,160000,207.3,208.4,206.9,208.1,17005,0
20240717,170000,208.5,208.5,207.6,207.8,7450,0
20240717,180000,207.8,209.8,206.6,209.8,26566,0
20240717,190000,208.9,209.5,208.3,208.3,11946,0
20240717,200000,208.3,208.3,206.6,207.1,23647,0
20240717,210000,207,207.4,206.7,206.9,2247,0
20240717,220000,206.9,207.5,206.7,207,6835,0
20240717,230000,207,208,206.8,208,16571,0
20240718,100000,208,210.7,207,208.8,43686,0
20240718,110000,208.8,208.9,206.2,207.2,67658,0
20240718,120000,207.2,207.2,205.5,206,45529,0
20240718,130000,206,206.2,205,205.3,30879,0
20240718,140000,205.3,205.5,204,204.6,30360,0
20240718,150000,204.7,204.8,203.4,203.7,23771,0
20240718,160000,203.7,207.8,203.4,207,67439,0
20240718,170000,207,208.8,206.3,207.3,97315,0
20240718,180000,207.4,208,206.9,207,8268,0
20240718,190000,207,210,207,208.5,123214,0
20240718,200000,208.5,208.9,208.2,208.6,6026,0
20240718,210000,208.6,208.8,208.2,208.3,5003,0
20240718,220000,208.5,208.7,208.3,208.6,5598,0
20240718,230000,208.7,209,208.6,208.7,1896,0
20240719,100000,208.7,208.7,207.1,207.3,52816,0
20240719,110000,207.3,207.4,206.5,206.8,28445,0
20240719,120000,206.8,207.4,206.8,207,10323,0
20240719,130000,207,207.7,207,207.1,22658,0
20240719,140000,207.1,207.4,205.9,206.6,47240,0
20240719,150000,206.9,206.9,206.1,206.2,8761,0
20240719,160000,206.1,206.4,205.8,205.8,11227,0
20240719,170000,205.8,208,205.7,207,33153,0
20240719,180000,207.2,207.4,206.5,207.4,15487,0
20240719,190000,206.6,207,206.1,206.1,6340,0
20240719,200000,206.1,206.5,206,206,2754,0
20240719,210000,205.9,206,205.8,205.8,572,0
20240719,220000,205.8,206,205.7,205.8,1433,0
20240719,230000,205.8,206.2,205.6,205.6,5265,0
20240722,100000,205,205.7,204,204.1,35925,0
20240722,110000,204.1,204.3,203.6,203.9,28368,0
20240722,120000,203.9,204.7,203.8,204.5,23027,0
20240722,130000,204.5,205.8,204.2,205.4,64925,0
20240722,140000,205,205.4,204.1,204.3,17717,0
20240722,150000,204.3,204.7,204,204,11097,0
20240722,160000,204,205,203.5,203.7,26216,0
20240722,170000,204,204,202,202.4,28528,0
20240722,180000,202.4,203.2,202,202.3,20161,0
20240722,190000,202.1,203.1,202.1,202.5,14351,0
20240722,200000,202.5,202.8,202.3,202.7,5288,0
20240722,210000,202.6,202.8,202.3,202.7,5575,0
20240722,220000,202.7,202.9,202.6,202.7,2280,0
20240722,230000,202.8,202.8,202.2,202.4,4053,0
20240723,100000,202.3,204.1,200.3,203.8,64447,0
20240723,110000,203.6,204,203,203.2,46080,0
20240723,120000,203.1,206.9,203,206.6,88372,0
20240723,130000,206.6,210,206,208.1,113092,0
20240723,140000,208.1,208.3,206.5,207.4,33805,0
20240723,150000,207.5,208.4,206,206.6,43227,0
20240723,160000,206.7,206.9,206.1,206.5,11022,0
20240723,170000,206.5,207.2,206.5,206.8,12913,0
20240723,180000,206.8,207.5,206.8,207.3,6762,0
20240723,190000,207,207.5,207,207.1,2856,0
20240723,200000,207.1,207.5,207,207.2,3679,0
20240723,210000,207,207.6,207,207.1,5694,0
20240723,220000,207.1,207.7,207.1,207.1,2778,0
20240723,230000,207.1,207.4,207,207,6254,0
20240724,100000,206.6,214.8,206.3,212.6,202560,0
20240724,110000,212.5,214,210.8,211.1,31537,0
20240724,120000,211.3,234,210.3,230.3,824845,0
20240724,130000,230.2,232,221.2,222.9,318382,0
20240724,140000,222.7,224.5,220,222,168974,0
20240724,150000,222,226,221.4,224.2,182292,0
20240724,160000,224.2,224.2,217.6,219.4,147845,0
20240724,170000,219.1,219.1,215,217.5,116205,0
20240724,180000,217.7,218.9,216.4,217.9,60917,0
20240724,190000,217,217.8,215,215,56048,0
20240724,200000,215.4,215.4,215,215.2,22429,0
20240724,210000,215.2,216.5,215,216.3,17493,0
20240724,220000,216.3,220,216,219.8,58215,0
20240724,230000,219.7,219.7,217.2,217.2,19598,0
20240725,100000,218,219.2,212.7,215.4,98073,0
20240725,110000,215.4,216.2,212.7,213.1,72571,0
20240725,120000,213,213.6,212.1,213,16872,0
20240725,130000,213.3,213.4,212,212.4,42367,0
20240725,140000,212.4,214.2,212,214.2,59932,0
20240725,150000,214.2,224.5,214,216.5,303208,0
20240725,160000,216.7,217.6,214.3,214.7,64941,0
20240725,170000,214.7,220.8,214.7,217.9,187756,0
20240725,180000,217.8,218.1,215.2,215.4,39630,0
20240725,190000,215.4,217,215.2,215.9,25660,0
20240725,200000,216.2,216.3,215.1,215.7,8911,0
20240725,210000,215.7,215.8,215.1,215.6,5691,0
20240725,220000,215.6,215.7,214.8,215,10981,0
20240725,230000,215,215.6,214.9,215.6,7231,0
20240726,100000,215.1,217.4,213,217.1,84304,0
20240726,110000,217,219.4,216.1,216.5,88395,0
20240726,120000,216.5,217.5,216.1,216.2,23446,0
20240726,130000,216.3,220.4,213.9,214.6,148035,0
20240726,140000,214.4,216.8,212,212.1,58539,0
20240726,150000,212,212.9,212,212.1,73869,0
20240726,160000,212.1,216.5,211.4,215.5,79964,0
20240726,170000,215.1,216,213.5,213.8,22247,0
20240726,180000,214.2,215.1,213.2,213.3,42306,0
20240726,190000,213.2,214.6,213.2,213.7,10032,0
20240726,200000,213.7,214.2,213,213,42015,0
20240726,210000,213.3,213.5,213,213.2,4469,0
20240726,220000,213,213.4,213,213.1,7970,0
20240726,230000,213.4,213.4,213,213.1,4691,0
20240729,100000,211.9,213.4,210.9,212.2,45119,0
20240729,110000,212.2,217.6,212,213.7,82311,0
20240729,120000,213.7,214.8,212.4,213.5,32661,0
20240729,130000,213.3,216.4,213.1,215.5,41871,0
20240729,140000,215.3,216,215,215.2,35444,0
20240729,150000,215,215.8,215,215.2,37529,0
20240729,160000,215.3,218.4,215,217.3,65804,0
20240729,170000,217,217,214,215.1,38916,0
20240729,180000,215.1,215.2,214,214,24408,0
20240729,190000,214,214.7,214,214,25177,0
20240729,200000,214.1,214.3,214,214.3,3513,0
20240729,210000,214.2,214.2,214,214,3911,0
20240729,220000,214,214.1,214,214,6736,0
20240729,230000,214,215,214,215,6132,0
20240730,100000,214,215.9,213.1,215.3,28081,0
20240730,110000,215.3,216.3,215,215.3,26794,0
20240730,120000,215.3,216.5,215,215.8,33369,0
20240730,130000,215.9,217,215.9,216.2,14732,0
20240730,140000,216.1,216.6,215,215.7,29231,0
20240730,150000,215.8,216.1,215,215.7,18451,0
20240730,160000,215.7,216.2,215,216,21854,0
20240730,170000,216,216.3,216,216,28978,0
20240730,180000,216,216.8,216,216.8,13107,0
20240730,190000,216,217.4,215.5,216.2,12905,0
20240730,200000,216.2,216.8,216.1,216.3,2830,0
20240730,210000,216.4,230.7,216.4,225.6,343288,0
20240730,220000,225.7,226.8,221.1,221.6,109825,0
20240730,230000,222,222,219,219,36861,0
20240731,100000,219.4,223.8,217.7,220.9,124319,0
20240731,110000,221.2,221.5,215.5,215.6,90174,0
20240731,120000,215.9,216.6,215.5,215.5,71150,0
20240731,130000,215.5,218.4,215.5,216.2,37929,0
20240731,140000,216.2,216.8,216.1,216.1,15028,0
20240731,150000,216.1,218,215.6,216.8,36926,0
20240731,160000,217.5,218.5,216.4,216.9,29870,0
20240731,170000,217,217.7,216.2,217.6,15212,0
20240731,180000,217.6,218.8,216.7,217.2,33116,0
20240731,190000,216.7,217.6,216.2,216.5,36928,0
20240731,200000,216.5,218.6,216.3,217.8,23780,0
20240731,210000,218,222.4,217.5,219.7,106014,0
20240731,220000,219.1,222.4,218.8,221.8,80011,0
20240731,230000,221.9,222,217.5,218.6,57490,0
20240801,100000,220.1,227.8,218.1,219.9,244094,0
20240801,110000,220.2,222,218.7,221.2,41987,0
20240801,120000,220.8,221.1,219.9,219.9,18935,0
20240801,130000,220,223.7,219.9,223.6,61022,0
20240801,140000,223.6,223.6,221.2,221.8,41763,0
20240801,150000,221.8,222,220,220.2,27469,0
20240801,160000,220.2,221.8,220,220.7,28866,0
20240801,170000,220.7,221.4,220.3,220.4,32644,0
20240801,180000,220.3,221.8,220.1,220.5,29389,0
20240801,190000,220.5,221.5,220.5,220.9,11173,0
20240801,200000,220.9,222,220.9,221.6,13129,0
20240801,210000,221.6,222.1,220.8,220.8,19875,0
20240801,220000,220.8,221,220.1,220.2,15811,0
20240801,230000,220.2,221.8,220.2,221,13908,0
20240802,100000,221,222.2,217,218.5,91294,0
20240802,110000,218.1,218.1,216.1,217.1,38359,0
20240802,120000,217.3,217.3,216.7,217.1,12863,0
20240802,130000,216.8,217.2,216,216.1,15273,0
20240802,140000,216.1,216.9,215.2,216.5,26132,0
20240802,150000,216.5,216.5,216.1,216.5,16428,0
20240802,160000,216.4,216.5,215.1,215.3,21627,0
20240802,170000,215.5,218.6,215,215.3,134713,0
20240802,180000,215.6,216.2,215,215,20030,0
20240802,190000,215,216.1,215,215.2,8103,0
20240802,200000,215.2,215.3,215,215,3389,0
20240802,210000,215,216.3,215,215.5,21313,0
20240802,220000,215.5,216.2,215.1,215.2,5814,0
20240802,230000,215.4,215.5,215,215,7010,0
20240805,100000,214.8,224.6,210.6,215.2,238242,0
20240805,110000,215.4,216.8,214,215.1,49811,0
20240805,120000,215.1,216,215,215.1,25922,0
20240805,130000,215.2,216,215,215.5,14085,0
20240805,140000,215.5,216,215,215,15577,0
20240805,150000,215,215.8,215,215.2,20916,0
20240805,160000,215.2,215.7,215,215,17737,0
20240805,170000,215,217.1,215,215.3,32041,0
20240805,180000,215.4,215.7,215.1,215.1,22527,0
20240805,190000,215.2,215.6,215.1,215.3,24462,0
20240805,200000,215.2,215.4,215.1,215.1,5751,0
20240805,210000,215.1,215.3,215.1,215.2,7912,0
20240805,220000,215.1,215.6,215.1,215.4,6065,0
20240805,230000,215.1,215.4,215.1,215.1,4105,0
20240806,100000,215.3,218.1,215.3,217.7,20045,0
20240806,110000,217.8,219.2,217.8,218.4,24167,0
20240806,120000,218.4,221,217.8,218.1,76205,0
20240806,130000,218.3,219.4,218.2,218.3,14334,0
20240806,140000,218.5,219.1,217.8,218,22893,0
20240806,150000,218,221,218,220.2,32437,0
20240806,160000,219.6,220.6,218.5,218.8,13554,0
20240806,170000,218.8,220.7,218.6,219.5,17874,0
20240806,180000,219.5,220.1,218.8,219.5,12923,0
20240806,190000,219.5,222.2,219.5,220,72255,0
20240806,200000,219.9,220.2,218.8,219.1,14088,0
20240806,210000,219.5,219.5,218.1,218.2,11896,0
20240806,220000,218.2,218.8,218.1,218.4,5122,0
20240806,230000,218.6,225,218.5,222.5,75299,0
20240807,100000,223,229,215.7,227.2,305986,0
20240807,110000,227.2,228.3,216,221.9,167377,0
20240807,120000,221.6,223,221.1,222.3,33228,0
20240807,130000,222.8,223.4,222,222.4,21828,0
20240807,140000,222.4,223.9,221.6,222.2,37579,0
20240807,150000,222.2,222.5,221.4,221.7,30236,0
20240807,160000,221.5,222.4,221.5,222.1,15977,0
20240807,170000,222.1,228,222.1,224.5,60547,0
20240807,180000,224.5,228.9,224.3,228.3,57103,0
20240807,190000,228.3,228.3,226.3,227.4,16471,0
20240807,200000,227.4,227.7,225.2,226.2,7225,0
20240807,210000,226.1,226.7,225.6,226.6,3445,0
20240807,220000,226.6,228.4,225.9,228.3,23270,0
20240807,230000,227.7,228.1,226.1,226.1,5304,0
20240808,100000,226.6,229.6,224.1,228,96456,0
20240808,110000,228,228,225.7,226.3,50173,0
20240808,120000,225.9,228,225.6,226.5,29327,0
20240808,130000,226.2,226.7,225.6,226.5,14957,0
20240808,140000,226.4,227.3,226.3,227.1,9506,0
20240808,150000,226.8,227.1,226.1,226.5,4775,0
20240808,160000,226.1,227,225.3,225.9,21991,0
20240808,170000,226.2,227.2,226,226.9,16319,0
20240808,180000,226.6,229.2,226.4,227.9,64595,0
20240808,190000,227.7,229.2,227.7,228.2,11065,0
20240808,200000,228.2,228.3,224.6,225,53321,0
20240808,210000,225.1,226,217.6,221.4,111778,0
20240808,220000,221.8,224,220.2,223.7,33908,0
20240808,230000,223.9,225,223,224.8,7684,0
20240809,100000,223.3,224.9,221.6,224.2,27070,0
20240809,110000,223.9,224.2,221.5,222.6,12824,0
20240809,120000,222.6,224.4,222.3,224.2,25815,0
20240809,130000,224.2,225.6,224.2,224.8,23205,0
20240809,140000,224.8,227.7,224.5,226.4,35257,0
20240809,150000,226.1,226.5,226,226,4974,0
20240809,160000,226,227,226,226.5,98124,0
20240809,170000,226.5,227.4,226,226.9,44616,0
20240809,180000,226.9,227.1,226.2,226.2,7256,0
20240809,190000,226.2,227,226,226,6848,0
20240809,200000,226.2,226.3,226,226,11748,0
20240809,210000,226,226.3,226,226.3,3024,0
20240809,220000,226.3,226.5,226,226.1,4375,0
20240809,230000,226.1,226.4,226,226.4,9944,0
20240812,100000,227,229.9,226.4,228,67498,0
20240812,110000,228,229,224.9,225.1,46542,0
20240812,120000,225.1,225.1,224.2,224.2,45677,0
20240812,130000,224.2,225,224.2,224.3,26467,0
20240812,140000,224.3,226.2,224.2,225.4,14661,0
20240812,150000,225.4,226.1,225.4,225.8,16237,0
20240812,160000,225.8,229.8,225,228.5,123844,0
20240812,170000,228.5,229.5,226.7,227.3,55698,0
20240812,180000,227.6,227.9,225.9,227.6,22007,0
20240812,190000,226.7,228.2,226.7,228.1,7307,0
20240812,200000,228.2,228.9,226.7,226.7,11319,0
20240812,210000,226.7,227.2,225,226.4,11566,0
20240812,220000,226.5,227,225.6,225.6,3711,0
20240812,230000,225.6,225.9,225,225.4,5528,0
20240813,100000,225.5,226.8,224.8,225.8,34794,0
20240813,110000,225.9,226.7,225.2,226.2,11333,0
20240813,120000,226.4,227.9,226.4,227.7,11707,0
20240813,130000,227.5,228.9,226.8,228.1,32706,0
20240813,140000,228.2,229.2,228,228.6,22428,0
20240813,150000,228.6,232,228.6,230,105011,0
20240813,160000,229.9,232,228.9,230.8,137402,0
20240813,170000,230.8,231.1,227.2,227.2,159345,0
20240813,180000,227.2,227.3,226.2,227.3,30291,0
20240813,190000,227.3,227.3,226.7,227.1,8017,0
20240813,200000,227.1,228.6,227.1,228.5,31182,0
20240813,210000,228.6,229,227.8,228.2,7446,0
20240813,220000,227.8,228.4,227.8,227.8,1062,0
20240813,230000,228,228.5,227.9,228.3,840,0
20240814,100000,227.9,228.8,225.4,227,49673,0
20240814,110000,227,228.4,226.9,226.9,20232,0
20240814,120000,226.9,227.8,226.9,227.1,5645,0
20240814,130000,227.2,231.1,226.1,228.6,93141,0
20240814,140000,228.3,229.3,226.3,226.7,36458,0
20240814,150000,227,228,226.6,227.2,5784,0
20240814,160000,227.2,227.9,227.2,227.3,1045,0
20240814,170000,227.3,227.8,225.1,226.7,35625,0
20240814,180000,226.8,227.2,225.6,225.6,13968,0
20240814,190000,225.6,228.2,225.6,228.2,14695,0
20240814,200000,228.2,228.2,227.1,227.1,3090,0
20240814,210000,227,227.4,226.6,226.7,1618,0
20240814,220000,226.7,227.7,226.3,226.5,14108,0
20240814,230000,226.5,227,226.5,226.6,1281,0
20240815,100000,226.6,227.1,225,225.7,13492,0
20240815,110000,225.5,231.1,223.6,228,112813,0
20240815,120000,228,229.7,226.3,227,36330,0
20240815,130000,227,227.9,225.8,226.3,14560,0
20240815,140000,226.3,230,225.7,229,51171,0
20240815,150000,228.9,231.7,228.1,231,91393,0
20240815,160000,231.1,236.4,227,228.1,327177,0
20240815,170000,228.1,231.3,227.5,229,34084,0
20240815,180000,229.5,232.4,228.8,229.8,21903,0
20240815,190000,231.5,232.9,230.2,230.8,39778,0
20240815,200000,230.5,231.2,229.6,230.2,23426,0
20240815,210000,230.3,230.8,229.8,229.9,12196,0
20240815,220000,230,230.5,229.3,229.3,9021,0
20240815,230000,229.4,230.4,229.1,229.6,4532,0
20240816,100000,229.4,229.8,227,228.1,38830,0
20240816,110000,228,228,226.8,227.1,17324,0
20240816,120000,227.1,228.8,227,227.3,12585,0
20240816,130000,227.3,228,227,227.2,30011,0
20240816,140000,227.2,228.5,227.2,228.5,7127,0
20240816,150000,228.4,229.5,228,229.2,21044,0
20240816,160000,229.5,230,228.2,228.3,17442,0
20240816,170000,228.1,228.8,228,228,3934,0
20240816,180000,228,228.8,228,228,2296,0
20240816,190000,228,228.5,227.6,228.1,9429,0
20240816,200000,228.1,228.1,227,227.4,23529,0
20240816,210000,227.4,228.1,227,227.2,19328,0
20240816,220000,227.2,227.9,227,227.1,8033,0
20240816,230000,227,227.6,227,227,9979,0
20240819,100000,227.1,229.3,226.1,227.5,37219,0
20240819,110000,227.5,230.5,227.4,228.9,34410,0
20240819,120000,228.9,230.8,228.5,229.2,29810,0
20240819,130000,229.1,231,228.9,229.6,19522,0
20240819,140000,229.6,231.4,229,230.5,29886,0
20240819,150000,230.5,234.7,230.3,231,136109,0
20240819,160000,231,231.8,230,230.1,44471,0
20240819,170000,230.1,231.2,230,230.3,23981,0
20240819,180000,230.3,231.2,230.2,230.3,11073,0
20240819,190000,230.2,231.3,230.2,230.9,6532,0
20240819,200000,230.5,231.1,227.6,228.3,86107,0
20240819,210000,228.3,229.6,228.2,229.2,5127,0
20240819,220000,229.5,229.9,229.2,229.4,6768,0
20240819,230000,229.5,230,229.4,230,1737,0
20240820,100000,230.5,231,227.5,228.4,30468,0
20240820,110000,228.1,228.3,227.8,228,14629,0
20240820,120000,227.9,230.6,227.7,228.7,18322,0
20240820,130000,228.7,229.3,228.1,229,5915,0
20240820,140000,228.6,230.3,228.5,229,19940,0
20240820,150000,229,229.7,228.3,228.4,6817,0
20240820,160000,228.4,228.8,228.3,228.4,6495,0
20240820,170000,228.3,228.6,228.3,228.3,4420,0
20240820,180000,228.3,228.7,228,228.4,15892,0
20240820,190000,228.5,228.8,228.1,228.8,7528,0
20240820,200000,228.7,228.8,228.6,228.8,3170,0
20240820,210000,228.7,228.9,228.6,228.6,5236,0
20240820,220000,228.6,228.9,228.6,228.8,7237,0
20240820,230000,228.8,229.2,228.8,228.8,2965,0
20240821,100000,228.6,231.8,228.5,231.2,44111,0
20240821,110000,231.3,231.3,230.3,231,24686,0
20240821,120000,231,231.1,230.2,230.3,22710,0
20240821,130000,230.3,232,230.3,230.8,35797,0
20240821,140000,231,231.1,230.2,230.2,30195,0
20240821,150000,230.3,231.2,230.1,230.6,11647,0
20240821,160000,230.4,231.4,230.3,231,20434,0
20240821,170000,230.9,231,230,230.5,38635,0
20240821,180000,230.5,232,230.5,230.6,40636,0
20240821,190000,230.5,231.3,230.3,230.8,9660,0
20240821,200000,230.8,231.4,230.8,231,780,0
20240821,210000,231.4,231.7,231,231.3,1663,0
20240821,220000,231.3,232.5,231.2,232.2,12550,0
20240821,230000,231.7,233.3,231.4,233.2,13411,0
20240822,100000,233.2,234.9,230.5,233.9,70313,0
20240822,110000,233.5,234,232.8,233.5,18042,0
20240822,120000,233.5,236,233.5,235.2,105842,0
20240822,130000,235,238.6,234.8,237.3,121418,0
20240822,140000,237.3,237.3,234.4,234.6,27754,0
20240822,150000,234.6,236.1,234.6,235,16029,0
20240822,160000,234.6,235.2,234.5,234.6,40700,0
20240822,170000,234.6,239.9,234.6,235,171878,0
20240822,180000,235.1,236.7,234,234.2,35246,0
20240822,190000,234.4,234.5,228.1,233,119089,0
20240822,200000,233,233,230.6,231.4,9648,0
20240822,210000,230.9,231,230.5,230.5,14705,0
20240822,220000,230.5,233.6,230.5,232.9,13310,0
20240822,230000,232.9,233.5,232.2,232.3,2144,0
20240823,100000,231.9,234.3,230.6,232.5,44328,0
20240823,110000,232.4,233.3,232.4,233.2,30595,0
20240823,120000,233.2,234.6,233.2,233.2,13638,0
20240823,130000,233.4,234.3,233.2,233.7,14264,0
20240823,140000,233.7,234.2,233.2,233.5,17488,0
20240823,150000,233.5,235.8,233.5,235.1,48154,0
20240823,160000,235.7,235.7,233.8,233.8,35014,0
20240823,170000,233.9,234.9,233.5,234.3,35196,0
20240823,180000,234.3,235,234,234.5,19824,0
20240823,190000,234.5,235.6,234.5,235.2,7511,0
20240823,200000,235.2,235.5,234.6,235,4409,0
20240823,210000,234.8,234.8,233,233.3,24399,0
20240823,220000,233.2,234.8,233,233,19278,0
20240823,230000,233,233.7,233,233,9687,0
20240826,100000,235.5,236.8,231,234,80901,0
20240826,110000,234,236.5,234,235.3,31309,0
20240826,120000,235.3,238,235.2,237.3,48034,0
20240826,130000,237.9,244.5,237.9,239.3,183903,0
20240826,140000,239.2,244,239,242.9,42859,0
20240826,150000,243,243.3,239.2,239.6,38755,0
20240826,160000,239.6,240.6,238.3,239,35796,0
20240826,170000,239,240,237.4,238,27849,0
20240826,180000,238,239.6,238,239.2,7741,0
20240826,190000,238.5,239.7,238.5,239.2,3843,0
20240826,200000,239.2,239.3,238.5,238.5,3769,0
20240826,210000,238.5,239,238,238,18818,0
20240826,220000,238,238.3,236.8,237.3,18065,0
20240826,230000,237.3,238,237.1,237.1,2473,0
20240827,100000,236.6,238.8,236.2,238.6,28460,0
20240827,110000,238.2,238.8,236.4,236.4,31035,0
20240827,120000,236.4,237.4,235.4,236.1,54830,0
20240827,130000,236,236.3,235.6,235.7,11825,0
20240827,140000,235.7,236.4,235.6,236.1,11610,0
20240827,150000,236.5,236.6,235.2,235.5,42027,0
20240827,160000,235.5,236,235.4,236,6797,0
20240827,170000,236,236.3,235.7,235.7,9975,0
20240827,180000,235.7,236.2,235.4,235.4,28160,0
20240827,190000,235.3,236.7,235.3,236.2,5923,0
20240827,200000,236.2,236.6,235.8,236.6,3556,0
20240827,210000,236.7,237.5,236,236.3,8472,0
20240827,220000,236.3,237.2,234.6,234.6,41326,0
20240827,230000,234.6,235.4,234,235,10753,0
20240828,100000,235.4,236.9,233.6,235.5,54057,0
20240828,110000,235.2,235.5,234.3,234.5,37434,0
20240828,120000,234.5,235.3,234.1,235.2,14568,0
20240828,130000,235.1,235.3,230.9,233,139058,0
20240828,140000,232.8,233.2,229.3,231.6,123515,0
20240828,150000,231.6,233.7,230.5,231.8,39224,0
20240828,160000,231.8,233,231.7,231.8,11462,0
20240828,170000,231.8,232.3,230.8,231.5,15850,0
20240828,180000,231.5,232.3,230.5,232,12690,0
20240828,190000,232,232.7,232,232.1,3053,0
20240828,200000,232.1,232.4,232,232.4,2609,0
20240828,210000,232.4,232.9,232.4,232.9,1520,0
20240828,220000,232.7,232.7,232.1,232.1,2867,0
20240828,230000,232.1,232.9,232,232.4,3292,0
20240829,100000,230.2,239,230.2,236.5,104441,0
20240829,110000,236.5,238.8,233.8,234.2,25997,0
20240829,120000,234.5,235.6,234.2,235,15793,0
20240829,130000,235,237.5,235,236.8,16024,0
20240829,140000,236.8,237.4,236.1,236.4,11829,0
20240829,150000,236.5,238.4,236.5,237,38950,0
20240829,160000,237,239,236.8,237.9,37645,0
20240829,170000,237.9,239.3,237.3,238.3,12376,0
20240829,180000,238.2,238.5,238,238.5,8670,0
20240829,190000,238,238.7,237.6,238,8606,0
20240829,200000,238,238.6,237.9,238.1,13818,0
20240829,210000,238.1,238.4,237.3,237.8,21251,0
20240829,220000,237.8,238.1,237.1,237.1,16170,0
20240829,230000,237.2,237.5,236.6,236.6,66961,0
20240830,100000,236.4,240.3,235.7,238.7,67257,0
20240830,110000,238.9,244.8,238.7,242.1,140309,0
20240830,120000,242.1,242.9,241,241.8,65805,0
20240830,130000,242,242,238,238.3,40975,0
20240830,140000,238.3,238.7,237.6,237.6,59188,0
20240830,150000,237.6,238.9,237.5,237.8,54778,0
20240830,160000,237.8,239.5,237.6,239.3,77853,0
20240830,170000,239.1,239.4,238.5,238.5,16629,0
20240830,180000,238.5,239,237.8,238,43425,0
20240830,190000,237.7,239,237.5,237.5,42224,0
20240830,200000,238,238.4,237.5,238.1,5746,0
20240830,210000,238.5,238.5,237.3,237.6,9591,0
20240830,220000,237.6,237.7,237.6,237.6,1804,0
20240830,230000,237.6,238.4,237.5,238.3,25887,0
20240902,100000,238,239.1,237,237.5,29263,0
20240902,110000,237.5,238,237,237.1,39891,0
20240902,120000,237.1,239,236.5,237.1,85004,0
20240902,130000,237.1,237.9,237.1,237.5,12953,0
20240902,140000,237.5,237.7,237.2,237.5,13574,0
20240902,150000,237.5,238.4,237.3,238.4,25720,0
20240902,160000,238.1,238.6,237.7,237.7,16052,0
20240902,170000,237.7,238.7,237.6,238.1,22627,0
20240902,180000,238.1,238.1,237.8,237.8,15886,0
20240902,190000,237.7,238,237.7,238,15360,0
20240902,200000,238,238.5,237.8,238,12596,0
20240902,210000,238,238.1,237.9,237.9,8198,0
20240902,220000,238,238.5,237.9,238.4,15285,0
20240902,230000,238.4,238.4,238,238,2657,0
20240903,100000,236.6,238.1,235.6,237.8,33081,0
20240903,110000,237.8,238.1,237.7,237.8,38178,0
20240903,120000,237.9,238.1,237.7,237.9,14381,0
20240903,130000,237.8,238.6,237.8,237.8,75820,0
20240903,140000,237.8,238,237.6,237.6,32499,0
20240903,150000,237.8,238.1,237.6,237.8,17720,0
20240903,160000,237.8,238,237.6,237.8,35109,0
20240903,170000,237.6,238,237.1,237.1,148000,0
20240903,180000,237.1,237.2,236.8,236.8,75042,0
20240903,190000,236.8,236.8,236.2,236.3,13839,0
20240903,200000,236.5,236.8,236.3,236.6,8434,0
20240903,210000,236.6,236.7,236.6,236.6,7786,0
20240903,220000,236.6,236.9,236.6,236.6,5425,0
20240903,230000,236.6,236.9,236.6,236.6,9172,0
20240904,100000,236,236.4,235.7,235.8,53748,0
20240904,110000,235.8,236.7,235.8,236,62663,0
20240904,120000,236,236.2,236,236.1,14377,0
20240904,130000,236.1,236.1,236,236,16401,0
20240904,140000,236,236.2,236,236.1,21408,0
20240904,150000,236.1,237,236.1,236.2,21799,0
20240904,160000,236.2,236.5,235.9,236.3,60932,0
20240904,170000,236.3,236.5,236.3,236.4,26049,0
20240904,180000,236.4,237.2,236.4,237.2,21509,0
20240904,190000,236.6,236.8,236.4,236.4,9777,0
20240904,200000,236.4,236.7,236.4,236.4,7645,0
20240904,210000,236.4,236.5,236.4,236.4,8384,0
20240904,220000,236.4,236.5,236.4,236.4,4275,0
20240904,230000,236.4,236.9,236.4,236.9,4195,0
20240905,100000,235.6,236.3,232.2,235.5,65747,0
20240905,110000,235.5,238.4,235.1,236.7,89390,0
20240905,120000,236.7,238.5,236.2,238.2,25425,0
20240905,130000,238.4,240,238.2,239.1,63727,0
20240905,140000,239.2,240.6,239,240.5,34799,0
20240905,150000,240.5,240.6,239.8,240.3,32607,0
20240905,160000,240.3,241,240,240.7,24949,0
20240905,170000,240.7,241.1,240.5,240.5,26716,0
20240905,180000,240.5,241.2,240.4,241.2,23148,0
20240905,190000,241.5,242.3,241.2,241.5,20182,0
20240905,200000,241.4,241.5,241.4,241.4,11582,0
20240905,210000,241.4,241.5,241.4,241.4,5936,0
20240905,220000,241.4,241.6,241.4,241.5,7042,0
20240905,230000,241.5,241.6,241.1,241.1,8358,0
20240906,100000,240.7,245.1,239.2,244.5,101743,0
20240906,110000,244.5,244.8,243.3,243.4,33752,0
20240906,120000,243.4,244.2,243.3,243.8,13871,0
20240906,130000,243.8,244.8,243.8,244.1,23824,0
20240906,140000,244.1,245.3,244.1,245.2,56065,0
20240906,150000,245,248,245,245.5,71329,0
20240906,160000,245.6,245.6,244.5,245.5,34183,0
20240906,170000,245,245.5,244.1,244.1,11033,0
20240906,180000,244.1,244.5,244.1,244.1,25397,0
20240906,190000,244.1,244.5,244.1,244.1,10109,0
20240906,200000,244.2,244.4,244.1,244.1,2355,0
20240906,210000,244.1,244.3,244.1,244.2,927,0
20240906,220000,244.3,244.4,244.1,244.3,1570,0
20240906,230000,244.2,244.3,244.2,244.2,5389,0
20240909,100000,235.6,243.3,235,242.5,264940,0
20240909,110000,242.5,244,242.5,243.1,83862,0
20240909,120000,243.1,244.5,242.5,242.5,60575,0
20240909,130000,242.5,243.2,242.5,243,25099,0
20240909,140000,243,243.1,242.5,242.6,20959,0
20240909,150000,242.6,244.5,242.1,243,45703,0
20240909,160000,243.1,243.2,243,243.2,18443,0
20240909,170000,243,243.2,241.7,241.7,70531,0
20240909,180000,241.7,242.6,241.7,242.6,8002,0
20240909,190000,242.2,242.5,241.6,241.6,8633,0
20240909,200000,241.6,242.3,241.5,242,12511,0
20240909,210000,242.3,242.6,242,242.1,5726,0
20240909,220000,242.1,242.5,241.6,242.2,4414,0
20240909,230000,242,242.2,241.6,241.7,4350,0
20240910,100000,241.7,245.1,241.3,244.3,66324,0
20240910,110000,245,245.2,244,244.5,49715,0
20240910,120000,244.5,246,244.5,245.3,47946,0
20240910,130000,245.3,248.5,245.3,247.6,61930,0
20240910,140000,247.6,247.9,246.7,247.5,10261,0
20240910,150000,247.5,248.5,247.1,247.2,24257,0
20240910,160000,247.2,247.7,246.5,247.2,94462,0
20240910,170000,247.2,248.2,246,246.9,92553,0
20240910,180000,246.9,247.4,245.5,247.4,25327,0
20240910,190000,246.2,247.2,245,245.2,47009,0
20240910,200000,245.2,245.9,245.1,245.1,23006,0
20240910,210000,245.2,246.1,245,245.1,7949,0
20240910,220000,245.1,245.3,244.5,245,16086,0
20240910,230000,245,246.1,245,245.3,2585,0
20240911,100000,244.7,247.7,244,247.5,54082,0
20240911,110000,247.1,247.9,246.4,246.6,60761,0
20240911,120000,246.5,248.5,246.4,247.5,85344,0
20240911,130000,247.4,250.4,247.4,250,132949,0
20240911,140000,250,250.2,249.1,249.4,61952,0
20240911,150000,249.1,250.1,249.1,249.7,100333,0
20240911,160000,249.7,250.2,249.3,250,118643,0
20240911,170000,250,250.4,249.7,250,34284,0
20240911,180000,250,250.7,249.5,250.7,27309,0
20240911,190000,250,250.7,248.5,249.5,48710,0
20240911,200000,249.2,250.2,248.5,248.9,55429,0
20240911,210000,248.6,250,248.4,248.7,15505,0
20240911,220000,248.4,250.2,248.2,249.3,18693,0
20240911,230000,248.7,250.8,248.2,250.8,26148,0
20240912,100000,249.7,249.7,247.8,248.5,36592,0
20240912,110000,248.5,248.6,246.5,246.6,51462,0
20240912,120000,246.6,247.3,245.4,245.8,42231,0
20240912,130000,246,247.8,245.6,245.8,25006,0
20240912,140000,245.8,247,245.6,246.3,31492,0
20240912,150000,246.3,246.6,245.8,246,18471,0
20240912,160000,246,246.4,245.8,246,18553,0
20240912,170000,246,247,246,246.9,42843,0
20240912,180000,247,248,247,247.5,19831,0
20240912,190000,247.5,250.3,247.5,249.8,72805,0
20240912,200000,249.8,251,249,249,26455,0
20240912,210000,249.1,249.5,248.9,248.9,10644,0
20240912,220000,248.9,249,248.1,248.2,14217,0
20240912,230000,248.1,248.8,248.1,248.1,8549,0
20240913,100000,247.8,252.3,245.3,252,115317,0
20240913,110000,252,257,250,254.7,143344,0
20240913,120000,254.7,255.5,253.3,253.3,42695,0
20240913,130000,253.5,255,252.8,253.5,31329,0
20240913,140000,253.5,253.5,250.3,252.6,80853,0
20240913,150000,252.7,256,251,252.1,112745,0
20240913,160000,252.1,256,252.1,253.2,33822,0
20240913,170000,253.2,254,251,252.6,54835,0
20240913,180000,252.6,253.8,251.5,252.5,20791,0
20240913,190000,252.3,252.4,252,252,3037,0
20240913,200000,252,252.4,252,252,2101,0
20240913,210000,252.2,252.2,251.7,251.7,2951,0
20240913,220000,251.7,252.6,251.6,252.5,3368,0
20240913,230000,252.5,252.8,252,252,6092,0
20240916,100000,249.2,253.9,248,250.3,54058,0
20240916,110000,250.3,250.9,249,249.6,40870,0
20240916,120000,249.7,251.1,249,251.1,45625,0
20240916,130000,251.1,261,251.1,257,201909,0
20240916,140000,257,257.1,256.1,256.1,41311,0
20240916,150000,256.1,261,256.1,257.6,129744,0
20240916,160000,258,258.7,257,258,47846,0
20240916,170000,257.5,262.8,257.1,262.7,98670,0
20240916,180000,262.7,266,262,263.4,168855,0
20240916,190000,263.4,263.5,262.5,263.1,29157,0
20240916,200000,263.1,263.5,263,263,9729,0
20240916,210000,263,266.1,263,265.4,55596,0
20240916,220000,265.4,266,265,265,10248,0
20240916,230000,265,265.2,264.6,264.7,4658,0
20240917,100000,263.7,275.5,257.9,274,140590,0
20240917,110000,273.7,276,270.4,271.9,82497,0
20240917,120000,271.1,277,270.1,275,83908,0
20240917,130000,275,277.5,268.1,276.6,79567,0
20240917,140000,276.6,277.5,275,275.2,63717,0
20240917,150000,275.4,279.1,275,275.8,89166,0
20240917,160000,275.8,276.4,272,276,73788,0
20240917,170000,276,278.5,271.1,278,108544,0
20240917,180000,277.9,280.5,277,280,103162,0
20240917,190000,277.1,278.9,274.5,277.1,24354,0
20240917,200000,277.1,277.3,275.5,275.5,18576,0
20240917,210000,275.9,279.4,274.2,277.6,21696,0
20240917,220000,278.5,279.4,276.7,277,8963,0
20240917,230000,276.7,276.7,275.5,275.5,10756,0
20240918,100000,274.4,277.3,272.3,274,55149,0
20240918,110000,274,276.9,271.2,273.7,139650,0
20240918,120000,273.7,277.2,273.5,276,77711,0
20240918,130000,275.8,276.5,274.1,274.2,63098,0
20240918,140000,274.2,274.9,272.1,273,84080,0
20240918,150000,272.8,274.5,271.5,273.1,103562,0
20240918,160000,273.1,275,271.2,273.9,95120,0
20240918,170000,273.8,277.3,272.4,277.1,148835,0
20240918,180000,277.1,278,274,274,31482,0
20240918,190000,273.1,275.7,273.1,273.5,26955,0
20240918,200000,273.5,273.5,270.1,273.4,39791,0
20240918,210000,273.4,280,271.9,273.8,129035,0
20240918,220000,273.8,274.1,273.2,273.3,10712,0
20240918,230000,273.3,274,272.2,272.2,6001,0
20240919,100000,269.3,278.5,268.8,275.9,127456,0
20240919,110000,276,277.6,272.4,273.8,76020,0
20240919,120000,273.9,274,263.1,270.3,390843,0
20240919,130000,270.1,271,267,270.4,174843,0
20240919,140000,270.3,272.6,270,271.2,162660,0
20240919,150000,270.6,270.9,268,268.1,97194,0
20240919,160000,268.1,271.5,268.1,268.7,151812,0
20240919,170000,268.7,269.4,266.1,266.5,151845,0
20240919,180000,266.6,268,266.5,267,96095,0
20240919,190000,266.5,266.9,265,265,51180,0
20240919,200000,265,265,264,264,35610,0
20240919,210000,264,264.2,264,264,27579,0
20240919,220000,264,264.1,261.3,261.3,23193,0
20240919,230000,261.3,262,261.2,261.4,20764,0
20240920,100000,258.2,280.3,256.8,270.1,381709,0
20240920,110000,270,272.2,262.3,269.8,206536,0
20240920,120000,269.8,270.6,267,269.9,138691,0
20240920,130000,269.9,270.7,267.1,269.6,156333,0
20240920,140000,269.3,269.6,261,265.8,105849,0
20240920,150000,265.7,267.7,260.5,263.2,138848,0
20240920,160000,263.4,271.5,261,270.7,154061,0
20240920,170000,270.9,274,266.2,266.7,196909,0
20240920,180000,266.9,267,260.2,260.2,79387,0
20240920,190000,260.2,260.9,256.6,257,71904,0
20240920,200000,256.6,260,256.6,256.9,43096,0
20240920,210000,256.6,256.9,255.1,256,29090,0
20240920,220000,256,259.8,255.5,257.4,25687,0
20240920,230000,257.4,258.2,255.3,256.1,30431,0
20240923,100000,253.1,256.1,247,248.7,329428,0
20240923,110000,248.6,264.9,246,246.1,291360,0
20240923,120000,246,247.9,240,245.2,261836,0
20240923,130000,245,254.4,244,251,265180,0
20240923,140000,250.7,253.6,250,252.6,149453,0
20240923,150000,252.5,257.9,252,255.1,163465,0
20240923,160000,255,256.8,250,255.4,173925,0
20240923,170000,255.3,260.1,253,253.8,305871,0
20240923,180000,253.8,259,253.2,254,182126,0
20240923,190000,254,264,254,263.6,167743,0
20240923,200000,263.9,267,255.2,258.4,117295,0
20240923,210000,258.5,265.1,257.5,261.3,100714,0
20240923,220000,261,264.2,256.3,257.2,84990,0
20240923,230000,257.1,272.4,256.3,270,193313,0
