20230703,100000,505.9,507.8,500.6,501.2,485416,0
20230703,110000,501.3,502.7,500.8,501.9,180778,0
20230703,120000,501.9,504.6,501.8,504,107859,0
20230703,130000,504,504.2,502.7,503.1,81122,0
20230703,140000,502.9,503.5,501.3,503.4,129149,0
20230703,150000,503.4,503.5,501.1,501.8,101303,0
20230703,160000,501.8,503.5,501.5,503.1,145827,0
20230703,170000,503.1,503.1,501.6,502.7,99838,0
20230703,180000,502.7,503.4,501.4,503.4,197692,0
20230703,190000,503.3,503.3,502,502.5,23456,0
20230703,200000,502.5,502.5,501.3,501.8,45116,0
20230703,210000,501.8,502.3,501.6,501.8,26142,0
20230703,220000,501.8,501.9,499.2,499.2,98242,0
20230703,230000,499.2,500.6,499.2,500.1,62056,0
20230704,100000,500.1,500.7,491.8,495,750575,0
20230704,110000,495,495,492,493.9,386756,0
20230704,120000,493.9,494.6,493.4,493.6,148474,0
20230704,130000,493.6,493.7,492.8,493.2,173860,0
20230704,140000,493.1,494.4,493,493.9,80055,0
20230704,150000,494,494.9,493.9,494.4,108599,0
20230704,160000,494.4,494.4,492.9,493.6,95443,0
20230704,170000,493.7,495.1,493.1,495.1,137011,0
20230704,180000,495.1,498.7,495,498.6,210909,0
20230704,190000,498.7,498.9,497,497.2,54383,0
20230704,200000,497.2,498,496,496,60404,0
20230704,210000,496.1,496.1,493.6,493.9,90766,0
20230704,220000,493.8,494.7,493.5,493.6,48728,0
20230704,230000,493.9,494,493.1,493.4,39602,0
20230705,100000,494.9,497.6,494.4,497.5,176282,0
20230705,110000,497.5,502.6,497.5,501.9,452181,0
20230705,120000,501.9,502,498.8,500,195981,0
20230705,130000,500,500.2,497.1,497.4,178295,0
20230705,140000,497.4,498.4,497.1,498.2,101069,0
20230705,150000,498.2,499.2,497.1,499.1,113487,0
20230705,160000,499,501.7,498.2,501.6,263918,0
20230705,170000,501.6,502.4,501.1,501.7,303072,0
20230705,180000,501.7,502.5,500.9,502.5,239147,0
20230705,190000,501.7,501.9,498.7,500.7,77428,0
20230705,200000,500.7,500.7,499.8,500.7,31148,0
20230705,210000,500.7,501,500.4,501,35832,0
20230705,220000,501,501.8,500.8,501.7,53639,0
20230705,230000,501.7,501.8,501.4,501.7,45684,0
20230706,100000,501.9,502.7,499.3,500.4,380100,0
20230706,110000,500.3,501.6,500.3,501.3,230115,0
20230706,120000,501.2,501.7,500.4,501.2,136681,0
20230706,130000,501.2,501.3,500.2,500.3,82102,0
20230706,140000,500.2,500.8,500,500.7,47761,0
20230706,150000,500.8,501,498.9,499,120176,0
20230706,160000,499.1,499.9,498.7,499.6,74595,0
20230706,170000,499.5,500.5,499,499.6,132787,0
20230706,180000,499.6,502,499.4,502,264656,0
20230706,190000,502,502,499.3,500.3,62455,0
20230706,200000,500.3,500.3,499.3,500,25513,0
20230706,210000,500,500.2,499.7,500.1,33389,0
20230706,220000,500.2,500.6,499.8,500,41204,0
20230706,230000,499.9,500.2,498.8,499.2,83796,0
20230707,100000,497.5,499.6,496.1,497.6,460459,0
20230707,110000,497.7,498.9,497.1,498.5,287399,0
20230707,120000,498.3,499.7,498,499.3,173618,0
20230707,130000,499.5,500,498.4,498.7,300175,0
20230707,140000,498.6,499.3,498.2,498.4,109193,0
20230707,150000,498.5,500,498.4,499.4,275037,0
20230707,160000,499.4,499.8,498.9,499.5,160246,0
20230707,170000,499.4,499.7,498.6,498.8,239635,0
20230707,180000,498.8,500,498.5,499.8,267256,0
20230707,190000,499.1,499.8,498.4,499.2,193392,0
20230707,200000,499.1,500,499,499.9,250691,0
20230707,210000,500,502,499.8,500,271659,0
20230707,220000,500.2,502,499.8,501.1,227659,0
20230707,230000,501.3,501.4,499.8,501,393506,0
20230710,100000,476.6,488.5,475.2,488.1,2961768,0
20230710,110000,488.1,488.6,485.3,487.8,572241,0
20230710,120000,487.9,488.3,485.8,487.4,343893,0
20230710,130000,487.4,487.7,486.1,486.4,135812,0
20230710,140000,486.4,487.1,485,485.2,310748,0
20230710,150000,485.2,487,485.2,486.3,132519,0
20230710,160000,486.3,487.1,485.9,487,135627,0
20230710,170000,487,488.1,486.9,488,142978,0
20230710,180000,488,489,487.7,489,214521,0
20230710,190000,489.2,489.2,486.2,488,136876,0
20230710,200000,487.9,488.5,487.8,488.4,50992,0
20230710,210000,488.4,488.5,488.1,488.4,39043,0
20230710,220000,488.4,488.6,488.3,488.3,52358,0
20230710,230000,488.4,488.5,487.2,487.9,76458,0
20230711,100000,487.9,492.3,486.2,491.9,657189,0
20230711,110000,491.9,491.9,490.4,490.9,104592,0
20230711,120000,490.9,491.2,488.4,489.9,206551,0
20230711,130000,489.9,490.5,488.1,490.4,122670,0
20230711,140000,490.4,490.7,490.2,490.7,64101,0
20230711,150000,490.6,490.8,490,490.3,124583,0
20230711,160000,490.4,490.4,489.4,489.9,124529,0
20230711,170000,489.9,490.4,489.2,490.4,90888,0
20230711,180000,490.4,490.4,488.5,488.5,68494,0
20230711,190000,488.6,490.9,488.5,489.8,52245,0
20230711,200000,489.8,490.3,488.9,489.9,35879,0
20230711,210000,490,490,489.8,490,16420,0
20230711,220000,490,490.5,489.9,490.4,35349,0
20230711,230000,490.4,490.7,490.2,490.7,23426,0
20230712,100000,492,492,488.7,491.2,236622,0
20230712,110000,491.3,492,491,492,109428,0
20230712,120000,492,492,491.2,491.6,69569,0
20230712,130000,491.6,492.3,491.2,492,78462,0
20230712,140000,492,493.3,491.7,493.1,115128,0
20230712,150000,493,493.1,492.2,493,220606,0
20230712,160000,493,494.4,492.6,493.8,264860,0
20230712,170000,494.1,495.7,493.5,495.5,185338,0
20230712,180000,495.5,496.7,495.2,496.7,169323,0
20230712,190000,496.1,497.8,495.1,495.2,95527,0
20230712,200000,495.3,495.5,492.2,493.6,174605,0
20230712,210000,493.6,496.5,493.4,496.1,61990,0
20230712,220000,496.5,496.5,494.6,495,44059,0
20230712,230000,494.9,495.7,494.9,495.6,23503,0
20230713,100000,496,499.6,496,496.3,479590,0
20230713,110000,496.3,498.5,494.6,497.5,324375,0
20230713,120000,497.5,498.5,496.3,497.1,92414,0
20230713,130000,497.1,497.1,493.5,494.4,161874,0
20230713,140000,494.4,495.6,494.3,495,53031,0
20230713,150000,495.1,497,494.9,496.7,125445,0
20230713,160000,496.7,496.9,496,496.4,84047,0
20230713,170000,496.4,496.9,496,496.3,77432,0
20230713,180000,496.4,496.8,493.7,493.7,167093,0
20230713,190000,494.8,495.2,493.5,494.8,79796,0
20230713,200000,494.8,494.9,493.5,494.2,35518,0
20230713,210000,494,495,493.7,494.2,22154,0
20230713,220000,494.2,495.1,494.2,495.1,18805,0
20230713,230000,495,495.9,494.5,494.7,53192,0
20230714,100000,493.5,494.4,492,493.7,214769,0
20230714,110000,493.7,495.3,493.3,494.8,111538,0
20230714,120000,494.9,495.6,494.5,494.9,91752,0
20230714,130000,495,496.2,494.9,496.1,84279,0
20230714,140000,496.1,496.5,495.4,496.5,66491,0
20230714,150000,496.3,496.7,495.9,495.9,62063,0
20230714,160000,496.1,496.5,495.7,495.8,86505,0
20230714,170000,496,496.1,495,495.4,126363,0
20230714,180000,495.5,497,494.9,497,222011,0
20230714,190000,496.1,496.7,495.8,496.2,44881,0
20230714,200000,496.3,496.6,496,496.2,32913,0
20230714,210000,496.2,496.4,495.8,496.4,25654,0
20230714,220000,496.3,496.5,496,496.4,35373,0
20230714,230000,496.4,496.4,495.9,496,47693,0
20230717,100000,494,496.4,493.1,495.7,237052,0
20230717,110000,495.7,496.6,495.1,496.6,178870,0
20230717,120000,496.6,498.9,496.4,497.7,187383,0
20230717,130000,497.8,499.3,495.5,498.5,300982,0
20230717,140000,498.5,499.2,497.3,498.3,122668,0
20230717,150000,498.3,499,498,498.5,86650,0
20230717,160000,498.5,498.5,497,497.6,104128,0
20230717,170000,497.6,497.7,495.4,495.5,290916,0
20230717,180000,495.5,496.3,495.1,496.3,327017,0
20230717,190000,496.3,497.2,495.7,497.1,37421,0
20230717,200000,497.1,497.2,496.2,496.6,30041,0
20230717,210000,496.6,496.8,496.4,496.6,13224,0
20230717,220000,496.5,496.7,495.7,496.5,62177,0
20230717,230000,496.4,496.6,495.7,496.4,25998,0
20230718,100000,496.7,497.6,495.6,497.1,164019,0
20230718,110000,497.1,498.5,496.2,498.5,191653,0
20230718,120000,498.5,498.6,496.7,497.7,113988,0
20230718,130000,497.6,498,496.8,497.3,72548,0
20230718,140000,497.4,498.5,496.8,497.7,111425,0
20230718,150000,497.5,498,497.3,497.9,57184,0
20230718,160000,497.9,497.9,496.5,497,74517,0
20230718,170000,497,497.6,496.1,497.6,101713,0
20230718,180000,497.6,498.6,496.6,498.6,170464,0
20230718,190000,498.1,498.3,497.5,497.8,50369,0
20230718,200000,497.8,497.9,497.6,497.8,25866,0
20230718,210000,497.7,497.8,497.5,497.8,20699,0
20230718,220000,497.8,497.8,497.4,497.6,18786,0
20230718,230000,497.6,497.7,497.4,497.7,58073,0
20230719,100000,497.7,498.5,497.1,498.2,203600,0
20230719,110000,498.2,498.2,496.8,497.7,170683,0
20230719,120000,497.6,497.8,495.9,497.1,137652,0
20230719,130000,497,497.3,495.6,495.9,79563,0
20230719,140000,495.8,496.1,495.3,496,54028,0
20230719,150000,496.1,498,495.9,496.6,88002,0
20230719,160000,496.5,497,496.1,496.3,47710,0
20230719,170000,496.5,497,496.1,496.4,50919,0
20230719,180000,496.5,497.2,496.2,497,48163,0
20230719,190000,497,497.1,496,496.6,40572,0
20230719,200000,496.8,496.8,496.6,496.7,19075,0
20230719,210000,496.7,496.8,496.6,496.7,19005,0
20230719,220000,496.7,496.8,496,496.2,21092,0
20230719,230000,496.3,496.6,496.1,496.5,9520,0
20230720,100000,496.5,496.9,493.7,495.1,189247,0
20230720,110000,495,495.1,492.5,492.6,179460,0
20230720,120000,492.6,492.6,487.1,491.6,418058,0
20230720,130000,491.5,492,488.4,491.2,266747,0
20230720,140000,491.3,492.5,491.1,492.4,74368,0
20230720,150000,492.4,493.3,492.3,493.3,88565,0
20230720,160000,493.3,494.5,492.8,493,152926,0
20230720,170000,493,493.6,491.6,492.9,151506,0
20230720,180000,493.1,493.2,489.7,490.7,119743,0
20230720,190000,490.8,491,488.6,489,95107,0
20230720,200000,489,490,488,489.8,91155,0
20230720,210000,489.8,490,488.6,489.1,54264,0
20230720,220000,489.1,489.1,488.2,488.5,24978,0
20230720,230000,488.4,489,488.1,488.6,32956,0
20230721,100000,489.5,491.8,488,491.7,150169,0
20230721,110000,491.8,493.1,491.5,493.1,238234,0
20230721,120000,493.1,493.7,490.7,492.5,296959,0
20230721,130000,492.5,493,489,491.2,165031,0
20230721,140000,491.2,491.6,489,490.2,167810,0
20230721,150000,490.4,491.7,490.1,491,94632,0
20230721,160000,491,492.8,490.7,491.4,100396,0
20230721,170000,491.4,492.8,491.4,492.5,94564,0
20230721,180000,492.3,495,492.2,495,187106,0
20230721,190000,494.8,495,493.5,493.9,74681,0
20230721,200000,493.9,494.5,493.6,494.4,19782,0
20230721,210000,494.4,494.8,494.2,494.7,29325,0
20230721,220000,494.8,495.2,494.7,495,38174,0
20230721,230000,494.8,495,493.9,494.7,43394,0
20230724,100000,495,497.3,493.3,496.7,249792,0
20230724,110000,496.5,497.9,495.3,496.8,223700,0
20230724,120000,496.8,496.9,495.6,496.1,62340,0
20230724,130000,496.1,496.7,495.5,496.6,63669,0
20230724,140000,496.5,497.4,496,496.7,75720,0
20230724,150000,496.7,497,496.5,497,44471,0
20230724,160000,496.9,497,496,496.3,59928,0
20230724,170000,496.2,496.4,495.9,496,38687,0
20230724,180000,496.1,496.9,495.9,496.9,63031,0
20230724,190000,496.4,497.8,496.2,497.6,59325,0
20230724,200000,497.6,497.6,497,497.4,34273,0
20230724,210000,497.5,497.8,497.2,497.6,36371,0
20230724,220000,497.8,498.5,497.6,498.3,66611,0
20230724,230000,498.4,498.8,497.1,498.1,60527,0
20230725,100000,499,508,498.3,503.6,1115121,0
20230725,110000,503.6,503.9,502.1,503,180132,0
20230725,120000,502.9,503.6,502.7,503.3,108735,0
20230725,130000,503.2,504,503.1,503.9,130670,0
20230725,140000,503.9,504.2,503,504.2,164436,0
20230725,150000,504.2,505.4,503.8,504.3,217541,0
20230725,160000,504.4,506,504.1,505.9,204514,0
20230725,170000,505.8,507,505.8,507,208615,0
20230725,180000,507,512.2,506.8,512.2,498566,0
20230725,190000,511.5,511.5,509.1,509.4,291941,0
20230725,200000,509.3,511,509.1,510.5,83912,0
20230725,210000,510.5,512.2,508,509.8,312020,0
20230725,220000,509.9,510,509.3,509.9,48403,0
20230725,230000,509.9,509.9,509.3,509.3,38712,0
20230726,100000,509.4,513.5,505.1,506.5,537587,0
20230726,110000,506.5,506.7,502.5,506.7,276316,0
20230726,120000,506.7,507.2,504.9,504.9,113514,0
20230726,130000,504.9,507.5,504.1,507.4,98236,0
20230726,140000,507.5,510.9,507.4,509.2,242007,0
20230726,150000,509.4,510,508,509.4,104988,0
20230726,160000,509.4,510.4,509,509.9,120344,0
20230726,170000,509.9,510,507.2,507.8,205431,0
20230726,180000,508,509.1,506.3,506.3,260902,0
20230726,190000,506.8,506.9,505.5,506.8,59105,0
20230726,200000,506.8,507,505.9,507,90902,0
20230726,210000,507,507.2,506,506.4,40280,0
20230726,220000,506.3,506.8,506.1,506.6,17496,0
20230726,230000,506.6,506.7,506.1,506.4,24155,0
20230727,100000,507.9,509.3,506.4,508.7,212299,0
20230727,110000,508.5,510.7,508.4,510.3,208563,0
20230727,120000,510.1,510.6,509.1,510.1,148442,0
20230727,130000,510,510.7,510,510.2,196850,0
20230727,140000,510.4,510.7,509.4,509.9,94923,0
20230727,150000,509.8,510.6,509.6,510.1,142056,0
20230727,160000,510.1,511.6,509.6,510.9,213297,0
20230727,170000,510.8,511.1,510.1,510.2,135601,0
20230727,180000,510.2,511.2,509.2,509.2,193237,0
20230727,190000,509.2,510.7,507.2,510.2,105340,0
20230727,200000,510.2,512.6,509.4,510.7,136381,0
20230727,210000,510.7,511.3,506.1,510,119334,0
20230727,220000,510,510.6,508.3,509.1,62309,0
20230727,230000,509,509.7,508.6,509.4,26627,0
20230728,100000,509.7,511,506.9,510.3,175557,0
20230728,110000,510.3,511.9,510,511.8,172582,0
20230728,120000,511.8,512.5,510.8,511.9,170436,0
20230728,130000,511.9,519.8,511.9,517.9,844223,0
20230728,140000,517.9,518,514.3,514.7,384995,0
20230728,150000,514.8,516.3,514.4,516,163165,0
20230728,160000,516,516.7,515.4,516,76104,0
20230728,170000,516.1,518,515.1,517.2,172393,0
20230728,180000,517.5,517.6,516.3,517.5,132026,0
20230728,190000,518,518,516,516.1,50413,0
20230728,200000,516,516.6,515.6,516,30524,0
20230728,210000,516.3,516.9,515.5,516.9,55186,0
20230728,220000,516.9,517.4,516.6,517,68388,0
20230728,230000,516.9,517,516,516.5,43726,0
20230731,100000,519.4,525.5,518.7,523.5,959491,0
20230731,110000,523.5,524.3,520.1,522.5,360608,0
20230731,120000,522.4,523,521.1,522,146018,0
20230731,130000,521.9,523,520.2,522.6,221017,0
20230731,140000,522.7,523,520.1,520.7,225152,0
20230731,150000,520.7,521.1,516.3,518.7,523646,0
20230731,160000,518.8,520.3,518,519.4,141772,0
20230731,170000,519.4,520.5,519.1,519.6,174613,0
20230731,180000,519.6,523.5,518.1,523.5,284657,0
20230731,190000,522.7,523,521.4,522,125176,0
20230731,200000,522,522.2,521,521.8,31497,0
20230731,210000,521.8,522.7,521,522.6,62138,0
20230731,220000,522.6,524.3,522.5,523.4,96871,0
20230731,230000,523.3,524,522.8,523.5,36273,0
20230801,100000,525,525,518.7,521,397156,0
20230801,110000,521.1,522.9,519.8,520.9,243488,0
20230801,120000,520.8,524,520.8,522.8,237906,0
20230801,130000,522.8,523.3,521.4,523.2,133926,0
20230801,140000,523.2,523.8,522,523.4,125751,0
20230801,150000,523.4,525.7,522.7,524.2,286928,0
20230801,160000,524.4,529.6,523,528.4,363544,0
20230801,170000,528.4,531.6,527.1,527.5,411218,0
20230801,180000,527.4,527.6,523.4,523.4,298693,0
20230801,190000,524,527.2,523.1,526.9,160754,0
20230801,200000,527,527.4,525,525,45477,0
20230801,210000,525.1,525.5,525,525.5,60909,0
20230801,220000,525.4,527,525,527,57368,0
20230801,230000,527,527,525.7,526.5,34555,0
20230802,100000,526.7,529.5,521.9,524.7,390323,0
20230802,110000,524.8,526.7,524.6,526.4,121764,0
20230802,120000,526.4,528.4,525.1,527.4,171339,0
20230802,130000,527.4,535,526.4,533.7,626450,0
20230802,140000,533.7,535.5,533.5,533.8,472114,0
20230802,150000,533.8,534,532,533,307406,0
20230802,160000,533,540.1,533,537.7,660735,0
20230802,170000,537.7,538.6,535,536.2,542857,0
20230802,180000,536.2,538.2,535,535.1,208575,0
20230802,190000,536,538.5,535,537.2,121026,0
20230802,200000,537.2,538.3,537,537.3,41908,0
20230802,210000,537.5,537.7,537.2,537.7,35043,0
20230802,220000,537.8,538,537.5,537.9,40411,0
20230802,230000,537.8,538,537.2,537.5,38822,0
20230803,100000,539,539.9,531.6,534,607090,0
20230803,110000,533.7,539.6,533.7,537.4,281874,0
20230803,120000,537.4,542.3,536,541.5,302845,0
20230803,130000,541.3,543.9,540.1,543.7,268524,0
20230803,140000,543.9,544.4,542.2,543.9,188040,0
20230803,150000,544,545,542.3,542.5,341570,0
20230803,160000,542.5,543.7,541.4,543,198968,0
20230803,170000,542.9,546,542.9,544.8,293464,0
20230803,180000,544.7,549,544.1,548,269390,0
20230803,190000,549,549.3,547.1,548.4,71644,0
20230803,200000,548.5,548.5,547.1,547.4,37548,0
20230803,210000,547.4,549,547.1,549,34680,0
20230803,220000,549,549,547.4,547.8,42961,0
20230803,230000,547.6,549,547.2,547.7,57818,0
20230804,100000,548,551.8,547.9,551.6,485904,0
20230804,110000,551.5,564.3,550.8,563.5,717755,0
20230804,120000,563.7,572,561.8,565.9,1074349,0
20230804,130000,565.9,569.7,565.5,567.8,466246,0
20230804,140000,567.8,568.7,552.2,559.3,947162,0
20230804,150000,559.2,559.3,535.1,552,1715527,0
20230804,160000,552,557,551.4,551.7,544322,0
20230804,170000,551.7,553.6,545.8,551.4,555816,0
20230804,180000,551.4,551.7,540.3,540.3,332032,0
20230804,190000,540.9,541.3,527,534,596722,0
20230804,200000,533.9,542.4,533.5,539.1,235712,0
20230804,210000,539.1,541.8,538.3,541.7,79512,0
20230804,220000,541.7,543,540.7,541.5,74581,0
20230804,230000,541.5,542,538.3,541.9,75160,0
20230807,100000,546,565,545.9,565,1423085,0
20230807,110000,565,565.6,558.4,560.8,1028716,0
20230807,120000,560.4,562,556,558,457911,0
20230807,130000,558,560,555.6,559.5,222380,0
20230807,140000,559.7,562.9,559.3,561.4,257194,0
20230807,150000,561.4,561.7,558.3,559.1,256131,0
20230807,160000,558.8,561.7,558.2,561.7,129854,0
20230807,170000,561.7,561.9,550,551.8,703746,0
20230807,180000,551.9,552,542.3,542.3,642849,0
20230807,190000,543.1,548.6,542.3,545.6,322805,0
20230807,200000,545.7,548.2,542.5,547.7,199042,0
20230807,210000,548.1,548.3,545.5,546.9,103066,0
20230807,220000,546.8,548.8,546.7,548,102120,0
20230807,230000,548.1,549,546.8,548.7,44963,0
20230808,100000,549.1,557.2,542.7,548.5,1087183,0
20230808,110000,548.6,549.3,542,548.9,568566,0
20230808,120000,548.9,551.8,547.2,549.5,293716,0
20230808,130000,549.5,551,549.2,550,198110,0
20230808,140000,550,551,549.5,551,261702,0
20230808,150000,550.9,551,545.2,546.8,417750,0
20230808,160000,546.9,549.5,545.6,549.1,133527,0
20230808,170000,549.2,551.9,548.8,550.9,180889,0
20230808,180000,550.8,551,549.1,549.3,93006,0
20230808,190000,550.5,553.3,550,552.5,95461,0
20230808,200000,552.4,555.2,552.1,553.9,145505,0
20230808,210000,554,554.3,553.2,553.8,56079,0
20230808,220000,553.8,554.9,553.6,554.9,56923,0
20230808,230000,554.9,555.8,554.8,555.5,69176,0
20230809,100000,557,559.6,552.5,557.3,360725,0
20230809,110000,557.3,559.3,557.3,558.6,138323,0
20230809,120000,558.6,563.6,558.1,560.7,437336,0
20230809,130000,560.8,562.7,556.5,560,353485,0
20230809,140000,560,562.8,559,560.3,236818,0
20230809,150000,560.5,562.9,560.3,562.4,148876,0
20230809,160000,562.3,563.9,560.8,563.6,238289,0
20230809,170000,563.6,564,562,562.5,123872,0
20230809,180000,562.6,565,562.4,562.4,371838,0
20230809,190000,562.9,564.7,562.7,564.1,116795,0
20230809,200000,564.2,564.5,564,564.2,31162,0
20230809,210000,564.2,566.9,564,566.2,207392,0
20230809,220000,566.2,569.3,566.2,568.7,237929,0
20230809,230000,568.7,569.8,568.1,569.5,84415,0
20230810,100000,571.7,579,571,574.3,1070361,0
20230810,110000,574.5,578,573.9,576.5,435985,0
20230810,120000,576.3,579.5,575.7,578.9,352393,0
20230810,130000,579,579.3,574.5,577.1,299934,0
20230810,140000,577.5,578.5,576.5,578,217167,0
20230810,150000,578,578.1,573.1,575.9,297612,0
20230810,160000,575.5,576,573.2,574,262707,0
20230810,170000,574.1,574.2,573.6,574.1,215365,0
20230810,180000,574.1,576.5,574,576.5,186938,0
20230810,190000,576,576.5,573.7,575.9,276223,0
20230810,200000,575.9,576,574,575.6,129528,0
20230810,210000,575.8,576,574.9,575.4,44389,0
20230810,220000,575.4,575.8,574.3,574.5,43585,0
20230810,230000,574.5,575.3,573.8,574.9,64516,0
20230811,100000,575.9,578.6,567.7,577.2,635340,0
20230811,110000,577,577.3,572.6,573.9,197917,0
20230811,120000,573.6,575.8,572,574.5,149358,0
20230811,130000,574.5,577.1,574.4,576.5,154738,0
20230811,140000,576.6,579,575.2,577.2,462937,0
20230811,150000,577.3,578.8,576.4,578.7,172414,0
20230811,160000,578.6,578.7,576.7,577.5,153835,0
20230811,170000,577.7,578.7,575.2,577.9,173379,0
20230811,180000,577.9,578.3,575.5,575.5,193098,0
20230811,190000,576,577.4,575,577,127843,0
20230811,200000,577,577,576,577,64173,0
20230811,210000,576.9,577,576.4,576.8,81107,0
20230811,220000,577,577,576.3,576.8,66044,0
20230811,230000,576.8,577.5,576.3,577.4,80548,0
20230814,100000,587.2,598.2,581,595,2792639,0
20230814,110000,595.1,595.9,590.5,593.5,514360,0
20230814,120000,593.5,595,592.4,593.4,249485,0
20230814,130000,593.2,597.3,593,597.2,446555,0
20230814,140000,597.2,597.3,593.5,594,249071,0
20230814,150000,593.9,594.9,593,594.7,223892,0
20230814,160000,594.7,597,594.3,595,256400,0
20230814,170000,595,595.4,556.9,588.8,2634257,0
20230814,180000,588.7,589.3,575.5,576.1,886533,0
20230814,190000,576.1,587.2,572.6,581.8,455585,0
20230814,200000,581.8,582.9,573,574.8,457121,0
20230814,210000,574.8,575.4,564.9,574.8,496764,0
20230814,220000,574.8,579.7,574.5,576.9,193631,0
20230814,230000,576.9,577.8,574.3,576.3,86337,0
20230815,100000,575.5,590,564.6,589,1626577,0
20230815,110000,588.7,589,580,582.9,427908,0
20230815,120000,582.9,588,582.3,586.8,223057,0
20230815,130000,586.5,587.4,584.3,586.2,209844,0
20230815,140000,586.2,588.9,586,587.9,177171,0
20230815,150000,587.6,587.9,584.2,584.7,233189,0
20230815,160000,584.7,586.1,584,584.8,96780,0
20230815,170000,584.7,588.5,581,586.1,909755,0
20230815,180000,586,586.3,575.3,578.1,574660,0
20230815,190000,580.9,582.8,578.9,580.5,119261,0
20230815,200000,580.4,581.5,579.1,581.2,57263,0
20230815,210000,581.2,581.6,578.6,579.6,70564,0
20230815,220000,579.6,580,574.2,576.9,110698,0
20230815,230000,576.8,576.8,572,574,137840,0
20230816,100000,575,581.5,572.8,574.5,598717,0
20230816,110000,574.6,574.7,563.1,566.2,656789,0
20230816,120000,566.5,571.8,561,562.5,594894,0
20230816,130000,562.4,571.5,560,568,797222,0
20230816,140000,568.1,568.1,560.9,561.2,331433,0
20230816,150000,561,563.7,551.5,559.1,851419,0
20230816,160000,559.1,561.7,555,560.4,405466,0
20230816,170000,560.8,561.5,556.9,561.3,266881,0
20230816,180000,561.3,563.7,560,560.4,132509,0
20230816,190000,560.8,569.2,560.5,564,212957,0
20230816,200000,564,564.8,561.2,564.1,94220,0
20230816,210000,564.2,564.4,561.3,562.3,49221,0
20230816,220000,562.3,562.9,561,562.1,40449,0
20230816,230000,562.1,563,561.7,563,35607,0
20230817,100000,565,570,562.6,567.6,512477,0
20230817,110000,567.6,569.9,566,569.4,267938,0
20230817,120000,569.4,569.9,558.7,561,559123,0
20230817,130000,561.1,565.3,559.8,563.4,232273,0
20230817,140000,563.7,567.9,563.7,564.9,197923,0
20230817,150000,564.6,565.4,561.6,563,154032,0
20230817,160000,563.4,565.4,562.5,565.2,100284,0
20230817,170000,565.4,566.8,563.8,565.9,239502,0
20230817,180000,565.9,566.1,564.3,564.3,152596,0
20230817,190000,564.3,565.3,564.2,565,25869,0
20230817,200000,565,565.3,564.4,565.3,24778,0
20230817,210000,565.3,567,565,567,47037,0
20230817,220000,567,569,565.1,567.7,116003,0
20230817,230000,567.7,568.9,567.1,568.2,38566,0
20230818,100000,568.5,572.4,565.1,566.9,485644,0
20230818,110000,566.9,568.9,566.1,568.9,93867,0
20230818,120000,568.9,569.6,566.2,567.3,100885,0
20230818,130000,567.5,569.2,566.6,567.4,74977,0
20230818,140000,567.3,568.8,565.9,567.2,93310,0
20230818,150000,566.8,568.2,563.4,564.1,245448,0
20230818,160000,564.4,568,564.1,567.5,116115,0
20230818,170000,567.2,569.2,566.7,568.8,123068,0
20230818,180000,568.8,576.4,568.4,576.4,395481,0
20230818,190000,575.6,576.6,573.1,573.9,212184,0
20230818,200000,573.8,576.7,573.3,575.7,60338,0
20230818,210000,575.7,575.8,575,575.5,32171,0
20230818,220000,575.5,575.7,575,575.2,36717,0
20230818,230000,575.2,575.2,574.7,575.1,43485,0
20230821,100000,578.7,583,577.6,582,557544,0
20230821,110000,582,583.9,579.1,583.1,409194,0
20230821,120000,583,583.2,580,582.5,266166,0
20230821,130000,582.6,585.5,582,585.5,342872,0
20230821,140000,585.4,586.6,585,585.9,146341,0
20230821,150000,585.9,587.3,584.7,587,185885,0
20230821,160000,587,587,582,583,218569,0
20230821,170000,583,584.8,578.6,581.3,508245,0
20230821,180000,581.1,584.7,581,582.2,188275,0
20230821,190000,582.9,583.4,581.3,583,72098,0
20230821,200000,583,583.7,582.7,583.7,39397,0
20230821,210000,583.5,583.8,582.5,582.8,23716,0
20230821,220000,582.8,585,582.5,584.7,60210,0
20230821,230000,584.7,584.9,583.9,584.6,24687,0
20230822,100000,584,584.6,581,584.6,301625,0
20230822,110000,584.4,585.2,583.3,583.8,294396,0
20230822,120000,583.9,584.4,582.5,583.8,104340,0
20230822,130000,583.8,584.6,583.1,583.3,70274,0
20230822,140000,583.2,583.5,582.5,582.9,93686,0
20230822,150000,582.9,584.2,581.7,583.6,244408,0
20230822,160000,583.7,587.7,583.6,586.2,909613,0
20230822,170000,586.2,587,585.1,586.3,524104,0
20230822,180000,586.2,587,585.7,586.4,94110,0
20230822,190000,586.9,592.5,586.2,590.6,329020,0
20230822,200000,590.6,592,588.1,590.5,162449,0
20230822,210000,590.5,590.5,589.5,590.5,77792,0
20230822,220000,590.5,590.5,589.5,590.2,78339,0
20230822,230000,590.2,590.5,589.8,590.3,39119,0
20230823,100000,591.9,593.9,590,591.3,348057,0
20230823,110000,591.3,591.7,585,588.1,321556,0
20230823,120000,588.3,589.9,587,587.2,144596,0
20230823,130000,587.4,588.3,586.1,587.9,102390,0
20230823,140000,587.4,588.5,582.8,583.7,293008,0
20230823,150000,583.5,584.2,577.5,578.4,365583,0
20230823,160000,578.4,581,574.1,580.3,727010,0
20230823,170000,580.1,581.9,576.4,581.8,267870,0
20230823,180000,581.8,583.2,580.1,583.2,329154,0
20230823,190000,582.9,585.7,580.2,583.6,182070,0
20230823,200000,583.6,583.6,576.8,579.9,208984,0
20230823,210000,579.9,581.2,571.4,576.4,300132,0
20230823,220000,576.3,577.4,572,574,211522,0
20230823,230000,574,579,573.1,575.9,118355,0
20230824,100000,576,584.6,574.5,580.6,435615,0
20230824,110000,580.6,581,578.5,579.9,149129,0
20230824,120000,580,580,577.3,580,130055,0
20230824,130000,580,580,574.3,575.3,136408,0
20230824,140000,575.2,579.4,575,579.1,119041,0
20230824,150000,579.3,579.9,575.4,578.7,184255,0
20230824,160000,578.7,580.4,577.9,578.8,106885,0
20230824,170000,578.7,580.9,578.3,580.3,38526,0
20230824,180000,580.6,581,577.7,580.2,87811,0
20230824,190000,579.9,583.9,579,582.1,115410,0
20230824,200000,582,584.5,581.5,583,123552,0
20230824,210000,583,583.8,581.8,582.6,39693,0
20230824,220000,582.6,582.8,581,581.4,37185,0
20230824,230000,581.2,582,580.4,581.6,25235,0
20230825,100000,583,583.8,578,581.9,327819,0
20230825,110000,581.9,582.2,579.1,580.2,103811,0
20230825,120000,580,583.8,579.9,582,291994,0
20230825,130000,582,585.5,582,585.1,237234,0
20230825,140000,585,585.5,583,584,193963,0
20230825,150000,584,584.2,582.5,583.3,101785,0
20230825,160000,583.5,584.1,582.3,583.2,120627,0
20230825,170000,583,585,582.9,584.8,99188,0
20230825,180000,584.8,585,583.8,585,64314,0
20230825,190000,585,585.5,583.8,584.3,41479,0
20230825,200000,584.3,584.6,583.2,583.6,36440,0
20230825,210000,583.6,587.8,583.3,587.7,217128,0
20230825,220000,587.7,587.8,586.1,586.8,106283,0
20230825,230000,586.8,587.8,586.3,587.7,56511,0
20230828,100000,589.2,590.4,587.6,590,360980,0
20230828,110000,590,590,585.6,588.4,434817,0
20230828,120000,588.1,588.6,586.4,586.5,148480,0
20230828,130000,586.7,587,585.1,585.8,148871,0
20230828,140000,585.8,587.7,585.3,587.6,150075,0
20230828,150000,587.6,588,584.2,586.7,253211,0
20230828,160000,586.5,588,585.3,586.3,188355,0
20230828,170000,586.3,587.3,585.2,587.3,293233,0
20230828,180000,587.2,587.7,586.2,587.7,180100,0
20230828,190000,587.7,588,586.6,587.5,81897,0
20230828,200000,587.5,588,587.1,587.6,39340,0
20230828,210000,587.6,587.7,586.6,587.3,34382,0
20230828,220000,587.3,588.2,587.2,588.1,43368,0
20230828,230000,588.2,588.2,587.3,587.5,26778,0
20230829,100000,588.3,589.9,586.2,587.1,503655,0
20230829,110000,587.1,588.9,586,587.1,388288,0
20230829,120000,587,587.8,586,586.3,243659,0
20230829,130000,586.3,588,585.5,586.3,232934,0
20230829,140000,586.3,587.4,585.4,585.8,167523,0
20230829,150000,585.8,586.1,585,585.8,268051,0
20230829,160000,586,586.2,584.4,585.3,159607,0
20230829,170000,585.4,586.5,584.5,585,193596,0
20230829,180000,585.1,587,585,587,252397,0
20230829,190000,586.1,587.6,586.1,586.7,78718,0
20230829,200000,586.7,586.8,586,586.2,66736,0
20230829,210000,586.2,586.7,586,586.6,29283,0
20230829,220000,586.5,587.3,586,586.6,59212,0
20230829,230000,586.7,587.1,586.2,586.5,21534,0
20230830,100000,586.9,589.6,586.7,589.1,319254,0
20230830,110000,589.2,589.3,587.3,588.5,172707,0
20230830,120000,588.6,589.4,587,588,214630,0
20230830,130000,587.8,589.9,586.6,589.8,264819,0
20230830,140000,589.9,592.3,589.6,591.2,525941,0
20230830,150000,591.2,591.5,590,590.8,179675,0
20230830,160000,590.8,590.8,587,587.1,268109,0
20230830,170000,587,588.3,585.5,588,275617,0
20230830,180000,588.1,589.2,587.8,587.8,90982,0
20230830,190000,586.2,589.5,586.2,589.3,62059,0
20230830,200000,589.2,589.6,588.6,589.3,44955,0
20230830,210000,589.3,589.3,588.6,588.8,26036,0
20230830,220000,589,589.6,588.7,589.2,33239,0
20230830,230000,589.3,591,588.4,589.4,72706,0
20230831,100000,592,592.8,589.1,591,378427,0
20230831,110000,590.8,595.5,590.8,594.2,574647,0
20230831,120000,594,594.4,590.3,591.5,311330,0
20230831,130000,591.5,594.3,591,592.8,182000,0
20230831,140000,592.7,593.3,591.1,591.7,118185,0
20230831,150000,591.7,592,590.2,591.3,208351,0
20230831,160000,591.3,591.6,587.3,587.4,370107,0
20230831,170000,587.3,589.6,587.1,588.7,141587,0
20230831,180000,589,590.4,587.7,590.4,134707,0
20230831,190000,589.6,590.6,589.2,589.4,74375,0
20230831,200000,589.3,590.2,589.3,589.7,25369,0
20230831,210000,589.7,590.1,589.3,589.7,38178,0
20230831,220000,589.7,590,589.3,589.9,31817,0
20230831,230000,589.9,590.5,589.6,590.2,21745,0
20230901,100000,591,591.6,587.3,587.8,220168,0
20230901,110000,587.8,588.5,587.4,588,156799,0
20230901,120000,588,591.4,587.7,591.1,328276,0
20230901,130000,591.1,592.7,591,592,249510,0
20230901,140000,591.9,592.3,591.3,591.9,152808,0
20230901,150000,591.7,592,590,591.2,226662,0
20230901,160000,591.2,592,591,591.8,66125,0
20230901,170000,591.8,592.9,590.8,592.5,194300,0
20230901,180000,592.3,594,592.1,594,192050,0
20230901,190000,593.6,593.8,592.7,593.2,45765,0
20230901,200000,593.3,593.3,592.3,593,38957,0
20230901,210000,593,593.6,592.4,593.2,43320,0
20230901,220000,593.3,593.7,592.4,593.1,39070,0
20230901,230000,593.2,593.4,592.6,593,29376,0
20230904,100000,595.2,603.5,594.6,601,964359,0
20230904,110000,601,601.5,598.9,600.1,224383,0
20230904,120000,600.1,600.4,598,599.9,149368,0
20230904,130000,599.8,600.4,598.7,599.7,126765,0
20230904,140000,599.9,600.4,599,599.5,98078,0
20230904,150000,599.5,600.4,598.2,600.2,149089,0
20230904,160000,600.3,600.7,598.7,599.9,172564,0
20230904,170000,599.8,600.9,599,600.9,197947,0
20230904,180000,600.9,603.5,600.8,603.5,289974,0
20230904,190000,602.7,603.2,600,602.1,117919,0
20230904,200000,602.1,602.5,601,601.9,67547,0
20230904,210000,602,602.9,601.2,602.2,72267,0
20230904,220000,602.2,602.4,601.4,602.4,34883,0
20230904,230000,602.4,602.6,602.2,602.5,36964,0
20230905,100000,603.4,607,602,605.7,581856,0
20230905,110000,605.6,609.7,604.2,608.9,353303,0
20230905,120000,608.9,609,597,600.4,829455,0
20230905,130000,600.4,603.5,598.9,603.4,289558,0
20230905,140000,603.3,608,603,604.3,360411,0
20230905,150000,604.3,606.4,604,605.8,146585,0
20230905,160000,605.8,607,605.7,606.3,199706,0
20230905,170000,606.4,607.4,605,606.5,185390,0
20230905,180000,606.4,607.6,606.2,607.1,119248,0
20230905,190000,607.1,608.3,605.1,607.5,84418,0
20230905,200000,607.4,607.9,606.3,606.5,30579,0
20230905,210000,606.8,607,605,606.7,65004,0
20230905,220000,606.9,606.9,606.2,606.8,25058,0
20230905,230000,606.9,607.2,606.2,607.2,31439,0
20230906,100000,607.3,607.9,602.8,603.3,402926,0
20230906,110000,603.5,605,602.8,603.7,236806,0
20230906,120000,603.8,606.6,603.6,606.3,130014,0
20230906,130000,606.2,606.4,603.7,605,156980,0
20230906,140000,604.8,607,604.2,605.4,172601,0
20230906,150000,605,607.1,604.7,606.8,155848,0
20230906,160000,606.7,609,606.7,608.9,242787,0
20230906,170000,608.9,612.4,608,612.1,440558,0
20230906,180000,612.2,612.5,608.1,608.1,279333,0
20230906,190000,607.4,609.4,607,609.1,53326,0
20230906,200000,609.1,610.5,609,609.7,53051,0
20230906,210000,609.6,609.9,608.9,609.3,63125,0
20230906,220000,609.3,610.3,608.1,609.6,45566,0
20230906,230000,609.8,610.4,608.2,608.8,47294,0
20230907,100000,608.8,620.5,608.8,618.3,1122693,0
20230907,110000,618.4,620,616.4,617.1,570486,0
20230907,120000,617.1,620.5,616.5,618.1,564473,0
20230907,130000,618.1,619,613.4,615,999219,0
20230907,140000,615.1,618,610,612.6,1084733,0
20230907,150000,612.5,614.5,605,606.7,630464,0
20230907,160000,606.6,609.6,604,606,458783,0
20230907,170000,606.2,606.2,583,596,1525284,0
20230907,180000,596,605,595.8,600.4,577673,0
20230907,190000,602,608.2,600.3,601.7,345668,0
20230907,200000,601.8,603.8,599.2,600.6,119138,0
20230907,210000,600.6,604.3,600.3,603.9,91877,0
20230907,220000,603.9,609.1,603.1,603.5,144986,0
20230907,230000,603.6,604,602,603.7,45799,0
20230908,100000,603.7,606.5,589.7,593.9,933122,0
20230908,110000,594,604,591.5,597.5,786536,0
20230908,120000,597.5,599.1,592.4,593.4,281754,0
20230908,130000,593.3,598.9,593.3,597.9,181709,0
20230908,140000,597.9,599.5,596.7,599.3,186315,0
20230908,150000,599.1,599.5,597,598,201619,0
20230908,160000,598,598.6,594.6,596.7,145699,0
20230908,170000,596.5,597.3,595.2,597,103959,0
20230908,180000,597.1,599.5,596.3,596.3,153821,0
20230908,190000,596.8,598,595.9,596.8,63132,0
20230908,200000,596.8,597.2,596.2,597,21922,0
20230908,210000,597,597.3,595.3,595.6,36862,0
20230908,220000,595.5,596,595,595.5,62652,0
20230908,230000,595.5,596.7,594.5,595.5,44047,0
20230911,100000,597,600,592.2,596,578182,0
20230911,110000,595.8,597.5,593,593.3,203228,0
20230911,120000,593.3,593.5,588,589,362471,0
20230911,130000,588.9,589.8,583.1,588.1,427859,0
20230911,140000,588,589.4,585.2,589.4,104724,0
20230911,150000,589.5,593.1,587.7,591.5,161838,0
20230911,160000,591.5,593,588.5,592.5,170186,0
20230911,170000,592.8,593,589.3,590.3,161506,0
20230911,180000,590.6,591.5,588.8,591.5,118321,0
20230911,190000,590.4,592,589.2,589.2,67488,0
20230911,200000,589.2,590,588.5,589.9,28347,0
20230911,210000,589.9,590,589,589.1,30472,0
20230911,220000,589.1,589.5,586.3,587.1,53228,0
20230911,230000,587.1,588.6,586.8,588.4,32416,0
20230912,100000,588.8,597.8,587.1,597.5,503682,0
20230912,110000,597.7,601.3,597.3,600.7,344349,0
20230912,120000,600.7,601.7,598.2,598.7,161499,0
20230912,130000,598.4,600.8,598.2,599.7,110629,0
20230912,140000,600.2,601,596.5,598,155168,0
20230912,150000,598,599.6,595,598.7,308687,0
20230912,160000,598.9,600,598,599,108163,0
20230912,170000,599,600.5,598.6,599,168220,0
20230912,180000,599,603.1,598.9,603.1,322600,0
20230912,190000,602,605.6,602,605.6,154350,0
20230912,200000,605.6,606,604.6,605.2,55155,0
20230912,210000,605.2,605.9,604.2,604.6,55466,0
20230912,220000,604.6,605.9,604.2,605.7,59437,0
20230912,230000,605.8,606.8,605.4,606.6,75424,0
20230913,100000,608.4,611.2,607,610.1,351968,0
20230913,110000,610.5,610.5,607.1,607.5,117091,0
20230913,120000,607.6,609.9,607.5,609.9,226773,0
20230913,130000,609.8,609.9,606.1,607.6,273982,0
20230913,140000,607.4,610,606.7,606.7,219890,0
20230913,150000,607,610,606.5,610,176898,0
20230913,160000,610,613,608.4,608.7,382912,0
20230913,170000,608.6,609,608.1,608.6,119451,0
20230913,180000,608.6,610.4,605.6,605.6,285155,0
20230913,190000,606.6,607.3,604.2,606.1,111410,0
20230913,200000,606,606.8,606,606.8,20225,0
20230913,210000,606.8,607,606.3,606.7,12250,0
20230913,220000,606.6,606.9,604,604.3,96087,0
20230913,230000,604.3,605.9,602.6,604.7,69202,0
20230914,100000,606.4,608,600,602.3,507367,0
20230914,110000,602.2,602.3,596.1,597,363407,0
20230914,120000,597,599.7,594.7,595.5,355065,0
20230914,130000,595.5,600,593,598.6,379721,0
20230914,140000,598.6,598.9,595.9,598.4,88022,0
20230914,150000,598.3,598.5,596.2,597.6,79202,0
20230914,160000,598.1,605,597.4,605,211114,0
20230914,170000,605,605,600.4,601.4,110306,0
20230914,180000,601.4,606.4,601.4,606.4,191183,0
20230914,190000,605.7,606.1,604,604.3,94152,0
20230914,200000,604.3,604.8,602.8,602.9,65471,0
20230914,210000,603.1,603.4,599.7,600.4,116789,0
20230914,220000,600.5,602.7,600.4,602,29113,0
20230914,230000,602,602.5,600.8,602.5,17030,0
20230915,100000,602.6,610,600.2,608.6,502044,0
20230915,110000,608.6,610,606.2,606.8,215922,0
20230915,120000,606.8,607.1,603.5,605,154735,0
20230915,130000,605.1,612.6,603.9,608.9,530419,0
20230915,140000,608.8,611.8,605.8,609.8,306115,0
20230915,150000,609.8,611,607.5,609,179974,0
20230915,160000,609,611.7,608.6,610.5,158487,0
20230915,170000,610.5,613.6,609.1,612,280721,0
20230915,180000,612,612.8,610.6,612.4,115056,0
20230915,190000,612.4,612.9,610,611.7,76625,0
20230915,200000,611.7,613.1,611.2,612.4,63544,0
20230915,210000,612.2,612.5,611.7,612.3,42993,0
20230915,220000,612.4,613.9,612,612.5,79344,0
20230915,230000,612.4,615,612,614.8,151276,0
20230918,100000,619,628.1,616.4,624.3,966307,0
20230918,110000,624.2,626.9,622.2,624.3,322742,0
20230918,120000,624.2,624.9,620,620.3,317112,0
20230918,130000,620.3,623.4,619.1,622.5,304517,0
20230918,140000,622.5,623,620.1,621.1,360374,0
20230918,150000,621.1,623.7,619.4,622.9,312336,0
20230918,160000,622.5,623.5,620.2,623,254684,0
20230918,170000,623,625,621.8,622,263477,0
20230918,180000,622.1,626,620.5,626,538004,0
20230918,190000,625.1,625.4,622.2,623.5,148091,0
20230918,200000,623.2,625,623.2,624.6,63574,0
20230918,210000,624.6,625,623.8,624.8,66078,0
20230918,220000,624.9,625,624.3,625,137139,0
20230918,230000,624.9,626.5,624.9,626.2,119536,0
20230919,100000,627.5,630,623.7,627.7,747565,0
20230919,110000,627.8,627.8,621.5,624.5,618264,0
20230919,120000,624.2,624.9,619.2,621.8,344725,0
20230919,130000,621.6,624.9,616.3,622.5,543688,0
20230919,140000,622.5,622.6,615.4,618.2,333476,0
20230919,150000,617.9,618.7,609.3,612.9,723653,0
20230919,160000,612.8,615,610,614.1,388979,0
20230919,170000,614,618,612.7,614.2,266176,0
20230919,180000,614.2,617.1,614.1,616.8,108751,0
20230919,190000,616,621,615.1,620,176571,0
20230919,200000,620,623,616.7,616.7,140572,0
20230919,210000,617,618.9,615.3,616,61623,0
20230919,220000,616,618.3,614,614.2,82633,0
20230919,230000,614.1,614.1,605.2,610.1,225723,0
20230920,100000,610.8,615.4,601.8,608.2,844498,0
20230920,110000,607.9,615,602.4,615,805427,0
20230920,120000,615,620.7,615,618.8,809489,0
20230920,130000,618.8,619,609.5,611.5,432530,0
20230920,140000,611.6,617.2,611.2,613.8,229956,0
20230920,150000,613.8,617.8,613.5,616.5,129441,0
20230920,160000,616.5,617.6,616,616.6,93771,0
20230920,170000,616.6,617,611.2,611.7,178409,0
20230920,180000,611.8,616.4,610.7,612.5,205016,0
20230920,190000,613.3,613.3,611,611.9,85178,0
20230920,200000,611.9,612.9,611.8,612.8,35265,0
20230920,210000,612.8,614.6,612.6,614.5,42467,0
20230920,220000,614.5,614.6,611.2,612,61382,0
20230920,230000,611.6,613,610.1,611.8,58447,0
20230921,100000,612,612,606.5,610,404137,0
20230921,110000,610,611.7,606.2,609.5,245508,0
20230921,120000,609.5,612,609.1,611,170696,0
20230921,130000,611,615.5,610.9,615.4,310816,0
20230921,140000,615.5,615.7,608.2,610.1,225585,0
20230921,150000,610.2,611.3,605,605.7,514738,0
20230921,160000,605.7,608.8,605.6,606.2,218792,0
20230921,170000,606.2,606.9,594.6,599.1,763750,0
20230921,180000,599.4,599.8,593.6,599.4,283875,0
20230921,190000,599,601.4,596.4,601.1,127972,0
20230921,200000,601.1,602.6,597.7,598.2,110357,0
20230921,210000,598.1,601,595.1,598.7,141259,0
20230921,220000,598.7,598.8,595.3,595.6,70866,0
20230921,230000,595.6,597.9,595,597.6,100017,0
20230922,100000,597,600.1,588.1,594.9,1055473,0
20230922,110000,594.8,594.8,590,590.6,346564,0
20230922,120000,590.7,592.8,590,592,186525,0
20230922,130000,592,594.9,590,591.3,262371,0
20230922,140000,591.2,596.4,591,594.7,118345,0
20230922,150000,594.7,600.9,593.9,600.8,215360,0
20230922,160000,600.8,604.6,600.4,604.6,269258,0
20230922,170000,604.6,605.7,602.6,605.1,216758,0
20230922,180000,605,605.2,603,603,138083,0
20230922,190000,603,604.7,602,603.1,53026,0
20230922,200000,603,610,601.5,608.8,177582,0
20230922,210000,608.9,610.1,608.1,609.2,77702,0
20230922,220000,609.2,610,609,609.8,40151,0
20230922,230000,609.6,611,609.5,610.8,44994,0
20230925,100000,607.4,608.9,598.5,602.3,587716,0
20230925,110000,602.3,607,601.3,605.1,165895,0
20230925,120000,605,606.3,602.3,603.7,133397,0
20230925,130000,603.8,603.8,601.2,603,92266,0
20230925,140000,603,604.2,602.6,604,46123,0
20230925,150000,603.8,604.9,601.8,602.3,85151,0
20230925,160000,602.3,603.8,601.6,602.9,54969,0
20230925,170000,602.9,604.2,602.2,604,61510,0
20230925,180000,604,606.8,603.6,606.8,106678,0
20230925,190000,606.5,607.5,604,605.4,55649,0
20230925,200000,605.8,606.3,604.2,606,24487,0
20230925,210000,605.9,606.2,604.7,605.1,11869,0
20230925,220000,605.1,605.1,603.6,603.8,27921,0
20230925,230000,603.9,604.8,603.1,604.6,22193,0
20230926,100000,604.6,604.6,599.1,599.8,209469,0
20230926,110000,599.8,599.9,595.2,596.5,375637,0
20230926,120000,596.5,599,596.1,598.1,230989,0
20230926,130000,598.1,599.8,598,598.7,73015,0
20230926,140000,598.7,599.8,598,598,64675,0
20230926,150000,598.1,600,598,599,82799,0
20230926,160000,599,600.9,598.6,600.3,96924,0
20230926,170000,600.2,605,600,603.7,294900,0
20230926,180000,603.7,606.2,603,606.2,151742,0
20230926,190000,607.4,607.4,605.4,606.2,75729,0
20230926,200000,606.1,606.2,605.2,605.4,29004,0
20230926,210000,605.3,605.4,603.4,603.5,74288,0
20230926,220000,603.7,604,603.4,604,30973,0
20230926,230000,604,604.4,603.4,603.4,16180,0
20230927,100000,605.1,611.8,604.7,609.7,262920,0
20230927,110000,609.7,610.7,609.5,609.6,112110,0
20230927,120000,609.5,610.9,609.5,609.9,84279,0
20230927,130000,610,612.4,609.8,611.6,110891,0
20230927,140000,611.6,613,611.2,613,88384,0
20230927,150000,613,614.9,612.1,613.9,116691,0
20230927,160000,613.7,615.4,613,614.1,125664,0
20230927,170000,614.1,614.8,609.5,611.4,178226,0
20230927,180000,611.3,614.8,610.9,611.2,160051,0
20230927,190000,612,612.6,611.4,611.6,44278,0
20230927,200000,611.6,613,611.5,612.3,22279,0
20230927,210000,612.3,613,612.1,612.4,15851,0
20230927,220000,612.4,613,611.6,612.9,31489,0
20230927,230000,612.9,615.7,612.6,615.3,93497,0
20230928,100000,616.7,621.7,616,620.5,452843,0
20230928,110000,620.5,620.9,618,618.8,174756,0
20230928,120000,618.9,621.6,618.8,620.4,166880,0
20230928,130000,620.4,622.6,620.1,621.8,148223,0
20230928,140000,621.8,623.1,618.6,618.9,176589,0
20230928,150000,618.8,620.8,613.6,617.4,694427,0
20230928,160000,617.4,620,616.9,620,273169,0
20230928,170000,620,620,618.4,619,89911,0
20230928,180000,619.4,621.5,618.5,621.5,185572,0
20230928,190000,621.4,621.4,618.5,619.9,67113,0
20230928,200000,619.8,619.9,616,616.8,84489,0
20230928,210000,617,618,616.5,617.4,36730,0
20230928,220000,617.4,618.5,616.9,618.5,50372,0
20230928,230000,618.3,619.7,617,619.4,45737,0
20230929,100000,620,624,612.2,619.2,535103,0
20230929,110000,619.1,619.9,618.8,619.5,105671,0
20230929,120000,619.8,621.7,619.5,621.3,192222,0
20230929,130000,621.3,625.3,621.1,625.1,287637,0
20230929,140000,625.1,625.1,621.6,623,176747,0
20230929,150000,623.5,624.4,622.8,624,115721,0
20230929,160000,624,624.1,621.2,622.1,138878,0
20230929,170000,622.1,624.5,621.7,623.7,102999,0
20230929,180000,623.6,624.9,622,622,226061,0
20230929,190000,622.9,623.8,621.2,622.6,93368,0
20230929,200000,622.5,624.1,622.2,622.5,82709,0
20230929,210000,622.6,623.8,622.5,623,21995,0
20230929,220000,623.1,624.1,622.7,624,26212,0
20230929,230000,623.7,625.4,623.5,625.4,187277,0
20231002,100000,627.9,635.8,625.9,634,1187959,0
20231002,110000,634,638.5,632.4,634.8,454723,0
20231002,120000,634.9,637.2,634.4,636.7,260447,0
20231002,130000,636.9,637,633,634,212809,0
20231002,140000,634,635,634,634.9,157364,0
20231002,150000,634.8,635,634,634,207120,0
20231002,160000,634,635.5,634,635,301108,0
20231002,170000,635,637.8,635,637.3,222373,0
20231002,180000,637.4,639.7,636.5,639.7,277881,0
20231002,190000,639.1,639.6,637.6,637.6,109989,0
20231002,200000,637.7,638.3,636.6,636.9,84687,0
20231002,210000,636.9,639,636.8,638.3,34952,0
20231002,220000,638.3,638.8,637.4,637.7,34240,0
20231002,230000,638,639.5,637.8,639.3,48775,0
20231003,100000,639,641.4,634.2,637.2,1043439,0
20231003,110000,637.2,638.8,636.1,636.6,273712,0
20231003,120000,636.6,637.5,633.8,634,218066,0
20231003,130000,633.9,634.4,631,632.3,330617,0
20231003,140000,632.7,635.3,632,634.1,151893,0
20231003,150000,633.8,634.9,632,634.2,160991,0
20231003,160000,634.2,636.9,633.2,636.1,226711,0
20231003,170000,636,637.8,634.7,637.4,165281,0
20231003,180000,637.3,640.1,637.3,640.1,286114,0
20231003,190000,640.2,641,638.6,639.5,86932,0
20231003,200000,639.9,640,638.8,639.8,41029,0
20231003,210000,639.9,639.9,638.2,638.6,54228,0
20231003,220000,638.6,639,638,638.4,48988,0
20231003,230000,638.4,639.2,638.2,639.1,20699,0
20231004,100000,639.5,643.1,637.1,641.7,425165,0
20231004,110000,641.8,642.8,638.5,639.8,275420,0
20231004,120000,639.9,640,638.4,639.6,131705,0
20231004,130000,639.7,640,636.5,637.4,202751,0
20231004,140000,637.1,638,636.4,636.8,110258,0
20231004,150000,636.8,639.4,636.2,639.2,166972,0
20231004,160000,639.3,639.4,638,638.6,134777,0
20231004,170000,638.6,639.8,637,638.8,210394,0
20231004,180000,639,640,637.1,637.1,167803,0
20231004,190000,637.3,638.1,637.2,637.2,59270,0
20231004,200000,637.2,637.7,636.1,636.2,88564,0
20231004,210000,636.1,637,634.5,636.2,113660,0
20231004,220000,636,636.4,633.7,634.5,58789,0
20231004,230000,634.5,635.9,634.2,634.2,39177,0
20231005,100000,634.4,638,631,633.5,372520,0
20231005,110000,633.6,636.6,632.2,633.8,141502,0
20231005,120000,633.9,638.6,633.5,637.2,234170,0
20231005,130000,637.4,638.5,636.7,636.8,102639,0
20231005,140000,636.8,637,634.8,635.8,132732,0
20231005,150000,635.7,637,635.5,635.8,85794,0
20231005,160000,635.8,636,634.4,635.5,213189,0
20231005,170000,635.4,635.9,635.1,635.7,94492,0
20231005,180000,635.7,636.7,635.5,636.7,92386,0
20231005,190000,635,636.5,635,636,31769,0
20231005,200000,636,636,633.3,633.3,47705,0
20231005,210000,633.4,633.7,631.9,632.4,94826,0
20231005,220000,632.4,633.6,631.7,633,38921,0
20231005,230000,633,633.8,632,633.8,26994,0
20231006,100000,635.1,636.7,632.5,633,219871,0
20231006,110000,632.9,633,630.4,632,272238,0
20231006,120000,632,633.5,631.8,632.7,66529,0
20231006,130000,632.7,636,632.4,635.8,204882,0
20231006,140000,635.8,636.7,634.5,635,273832,0
20231006,150000,635,636,634,635.4,95218,0
20231006,160000,635.4,636.7,634.9,636.3,140672,0
20231006,170000,636.4,639.9,636.2,639.7,311725,0
20231006,180000,639.7,640,638.6,639.5,290174,0
20231006,190000,639,640.7,639,640.4,107713,0
20231006,200000,640.5,641.4,638.7,639.5,115718,0
20231006,210000,639.5,640,639.4,640,116413,0
20231006,220000,639.7,640,637,639,88493,0
20231006,230000,638.8,639.7,637.6,638,58056,0
20231009,100000,640.2,647.2,640.2,644,1006234,0
20231009,110000,644,644,641,642.5,314132,0
20231009,120000,642.8,642.9,639.2,640.9,442493,0
20231009,130000,640.8,642.7,640.6,642.1,221157,0
20231009,140000,642.1,642.9,640.7,642,262842,0
20231009,150000,641.9,643,640.4,640.7,248311,0
20231009,160000,640.6,641.8,640.5,640.9,329799,0
20231009,170000,640.9,643.7,640.9,642.9,319008,0
20231009,180000,643.3,643.5,641.5,642.7,203122,0
20231009,190000,641.1,642.3,640.3,640.7,129531,0
20231009,200000,640.7,642.8,640.3,642.8,69084,0
20231009,210000,642.8,642.9,641.9,642.5,95703,0
20231009,220000,642.4,642.7,641.7,642.4,55943,0
20231009,230000,642.4,644,641.7,643.7,93079,0
20231010,100000,645.1,645.8,643,643.7,437872,0
20231010,110000,643.7,645,642.1,643.4,342170,0
20231010,120000,643.4,646.8,643.4,646.4,378264,0
20231010,130000,646.4,649.2,645.8,648.7,330813,0
20231010,140000,648.6,649.9,647.4,648.5,322782,0
20231010,150000,648.5,649.7,648,648.6,176369,0
20231010,160000,648.7,649.1,647.3,649,180847,0
20231010,170000,649,650,648.6,649.8,308179,0
20231010,180000,649.9,650,648.3,648.3,380080,0
20231010,190000,648.3,649.6,647.3,649.1,266401,0
20231010,200000,649,649.8,648.2,649.2,196393,0
20231010,210000,649.1,649.7,649,649.5,207455,0
20231010,220000,649.5,649.7,648.9,649.4,239754,0
20231010,230000,649.4,649.5,647.5,649.5,486140,0
20231011,100000,624.3,629.2,622.1,626.8,3581719,0
20231011,110000,626.8,631.5,626.6,631.3,1048084,0
20231011,120000,631.4,633,628,628.6,939681,0
20231011,130000,628.6,628.8,627,627.1,590112,0
20231011,140000,627.1,629,627,627.7,474995,0
20231011,150000,627.5,628,625.5,626,485957,0
20231011,160000,626,627.2,625.8,626.9,334514,0
20231011,170000,627,628.2,626.2,627.2,667228,0
20231011,180000,627.1,629.3,626,629.3,237430,0
20231011,190000,628.4,629,626.1,628.3,152918,0
20231011,200000,628.3,629.2,628,628.8,81195,0
20231011,210000,628.8,629.9,628.5,629.8,117526,0
20231011,220000,629.8,630,619.1,623.5,775497,0
20231011,230000,623.5,623.5,617,618.8,433582,0
20231012,100000,616.8,622.6,608.5,620.5,1152807,0
20231012,110000,620.5,620.6,616.1,619.9,475405,0
20231012,120000,619.8,619.9,612.3,613.5,574439,0
20231012,130000,613.5,614.9,608.5,614,963285,0
20231012,140000,614,616.8,612.3,612.4,527219,0
20231012,150000,612.4,613.9,610.3,612.9,314659,0
20231012,160000,612.9,618,611.7,617.5,624195,0
20231012,170000,617.4,619,616,617.3,465438,0
20231012,180000,617.4,618.7,616,618.7,113017,0
20231012,190000,618.6,618.6,615.4,616.4,85061,0
20231012,200000,616.4,616.4,615.5,616.2,39080,0
20231012,210000,616.2,618.2,615.6,616.7,55932,0
20231012,220000,616.9,617.4,615.9,617.3,43267,0
20231012,230000,617,618,617,617.6,33771,0
20231013,100000,618.9,619.8,615.2,618.4,487658,0
20231013,110000,618.4,618.6,616.2,616.2,294081,0
20231013,120000,616.2,618,615.5,615.8,325647,0
20231013,130000,615.8,620.8,615.6,618.6,600609,0
20231013,140000,618.6,620,617.1,618.9,329396,0
20231013,150000,618.9,622.7,618.2,622.5,643176,0
20231013,160000,622.5,623.7,620.3,622,383535,0
20231013,170000,622.3,624.7,621.6,624.5,231867,0
20231013,180000,624.5,627.9,621.6,623.7,455925,0
20231013,190000,624.3,626,623.8,625.7,126269,0
20231013,200000,625.7,630,625.5,627.6,356923,0
20231013,210000,627.7,628.4,626,628.1,116972,0
20231013,220000,628,628.4,626.6,627.2,98632,0
20231013,230000,627.2,628.8,627,628.3,92185,0
20231016,100000,634.9,637.5,631.5,631.5,1257009,0
20231016,110000,631.7,633.5,629.2,630.2,703743,0
20231016,120000,630.2,632.2,629.1,630.4,600617,0
20231016,130000,630.4,630.8,626.6,627.1,463934,0
20231016,140000,627.1,629.3,625.1,625.2,384342,0
20231016,150000,625.2,628,625.2,627.9,339710,0
20231016,160000,627.8,628,625.1,627.4,350563,0
20231016,170000,627.5,629.6,627.1,629.5,275420,0
20231016,180000,629.5,630.1,629.3,630.1,189725,0
20231016,190000,629.6,629.9,628.3,629.5,80572,0
20231016,200000,629.5,629.5,629,629.4,34220,0
20231016,210000,629.3,629.4,628.7,629,47506,0
20231016,220000,629,629,628,628.2,50877,0
20231016,230000,628.3,629,628,628.9,46926,0
20231017,100000,629.5,629.6,626.1,627.1,301790,0
20231017,110000,627.1,629.8,626.3,628.9,182229,0
20231017,120000,628.9,630,628.7,629.2,144323,0
20231017,130000,629.1,629.4,627.6,628.1,94692,0
20231017,140000,628.2,629.4,627.5,627.8,112591,0
20231017,150000,627.8,628.5,626.1,628.2,186205,0
20231017,160000,628.2,629.1,627.3,628.7,104877,0
20231017,170000,628.7,629,627.4,628.4,153378,0
20231017,180000,628.6,628.8,627.4,627.4,113027,0
20231017,190000,627.4,628.2,627,627.1,53135,0
20231017,200000,627.2,628,626.5,627.3,56240,0
20231017,210000,627.4,627.4,626.6,627.2,41356,0
20231017,220000,627.4,628,627.2,628,33368,0
20231017,230000,628,628.6,627.5,628.5,45759,0
20231018,100000,629.6,630,628,629.3,271963,0
20231018,110000,629.4,629.4,627,628.9,153979,0
20231018,120000,628.9,634.1,628,632.7,799677,0
20231018,130000,632.7,637.9,632.7,635.4,1161240,0
20231018,140000,635.4,636.2,633.2,633.7,265104,0
20231018,150000,633.5,635,629.3,629.6,342854,0
20231018,160000,629.7,631,623.2,630.9,768123,0
20231018,170000,630.9,635,630,633.8,461539,0
20231018,180000,633.7,634.5,633.1,634.5,173502,0
20231018,190000,634.3,634.3,631.5,633.8,98382,0
20231018,200000,633.8,634.6,632.4,632.7,90017,0
20231018,210000,632.5,633.6,632,632.2,42785,0
20231018,220000,632.4,633.2,632.2,633,25852,0
20231018,230000,633,633.3,630.5,632.3,43592,0
20231019,100000,631,634.2,627.5,628.7,308028,0
20231019,110000,628.8,631.7,628,629.9,178928,0
20231019,120000,629.8,630.3,628,628.1,130143,0
20231019,130000,628.2,629.8,627.8,629.8,91464,0
20231019,140000,629.7,629.9,628,628.9,73814,0
20231019,150000,628.9,630,628.2,629.9,91447,0
20231019,160000,630,630.3,629,629.5,151214,0
20231019,170000,629.5,629.7,628,629.4,67382,0
20231019,180000,629.4,630.5,628,630.5,143252,0
20231019,190000,629.9,630.5,629.3,630.3,51643,0
20231019,200000,630.3,630.4,629.2,630,42428,0
20231019,210000,630,631.5,629.7,631.4,64468,0
20231019,220000,631.3,633,630.4,632.7,87107,0
20231019,230000,632.7,634,632.3,633.1,102369,0
20231020,100000,633.8,633.8,627.8,628.4,316591,0
20231020,110000,628.4,629,626.2,628.6,190166,0
20231020,120000,628.5,628.6,626.5,627.3,114318,0
20231020,130000,627.2,628.2,625.5,628,126884,0
20231020,140000,628,628.2,626.5,628.1,97282,0
20231020,150000,628.1,630.5,627.9,630.4,190505,0
20231020,160000,630.4,630.7,628.7,629.2,104525,0
20231020,170000,629.2,631,628.7,630.7,132555,0
20231020,180000,630.7,633.8,630.6,633.8,317094,0
20231020,190000,632.8,633.3,631,631.4,133201,0
20231020,200000,631.5,632,630.7,630.7,43611,0
20231020,210000,630.8,631.3,630,630.6,50389,0
20231020,220000,630.6,631.4,630.5,630.7,39248,0
20231020,230000,630.7,631,630,630.4,99357,0
20231023,100000,630.8,632,630.1,630.2,183756,0
20231023,110000,630.2,630.4,627.7,628,181518,0
20231023,120000,627.8,629.1,627,627.5,140602,0
20231023,130000,627.7,627.7,624.1,627.4,168323,0
20231023,140000,627.4,628,626.4,626.9,88297,0
20231023,150000,626.8,627.9,626.5,627.2,70488,0
20231023,160000,627,627.6,626.3,626.4,60826,0
20231023,170000,626.4,627.7,626.1,626.9,121000,0
20231023,180000,626.9,628,626.5,628,110334,0
20231023,190000,627.8,627.8,626,627,36535,0
20231023,200000,626.9,627,626.1,626.5,27891,0
20231023,210000,626.5,626.7,626.1,626.3,13696,0
20231023,220000,626.4,626.6,626,626.1,17193,0
20231023,230000,626.2,627.8,626,626.6,43109,0
20231024,100000,626.7,627.5,620,624.2,412699,0
20231024,110000,624,624.9,622.8,624.8,128336,0
20231024,120000,624.9,626.8,624.7,626.6,104009,0
20231024,130000,626.5,626.7,625.1,625.4,67864,0
20231024,140000,625.4,626.3,624.6,624.9,50650,0
20231024,150000,624.9,625,624.3,624.8,58372,0
20231024,160000,624.8,625,624.4,624.9,39092,0
20231024,170000,624.9,627,624.9,627,63080,0
20231024,180000,627,627.8,626.1,627.5,108350,0
20231024,190000,627,627,626,626.6,29953,0
20231024,200000,626.6,626.9,626.1,626.7,16879,0
20231024,210000,626.7,626.9,626.1,626.9,23746,0
20231024,220000,626.8,627,626.1,626.4,27402,0
20231024,230000,626.3,626.6,625.5,625.5,40944,0
20231025,100000,624.4,625,622,622.1,201255,0
20231025,110000,622.1,622.4,620.5,622.3,228132,0
20231025,120000,622.1,623.6,621.6,622.3,163246,0
20231025,130000,622.3,622.5,618.2,619.5,261370,0
20231025,140000,619.6,620,619,619.8,100497,0
20231025,150000,619.8,620.8,619.2,619.3,97846,0
20231025,160000,619.3,619.9,619,619.4,247036,0
20231025,170000,619.4,620.2,619.3,620.2,93449,0
20231025,180000,620.2,622,619.8,622,137990,0
20231025,190000,621.9,622,620.9,622,49341,0
20231025,200000,622,623,621.8,623,74922,0
20231025,210000,623,623,622.1,622.6,17954,0
20231025,220000,622.7,623.4,622.6,623.2,33494,0
20231025,230000,623.4,623.4,622,622.3,22958,0
20231026,100000,622.7,625,622.5,623.3,196422,0
20231026,110000,623.5,625.2,623.4,625.2,112776,0
20231026,120000,625.1,626.4,625.1,626.1,115054,0
20231026,130000,626,626.2,623,623.6,145455,0
20231026,140000,623.8,623.8,620.5,622.1,292925,0
20231026,150000,622.1,624,621.5,623.7,115968,0
20231026,160000,623.7,625.9,622.8,623.8,106760,0
20231026,170000,623.8,623.8,620,620.2,204886,0
20231026,180000,620,620.4,618,618,256132,0
20231026,190000,618.2,618.8,616,618.5,78823,0
20231026,200000,618.7,618.7,616.7,616.9,59201,0
20231026,210000,616.9,617,616,616.4,50341,0
20231026,220000,616.3,617.9,616.3,617.5,30667,0
20231026,230000,617.4,617.5,613,613.6,117062,0
20231027,100000,613.5,618.8,613.3,618.2,231589,0
20231027,110000,618.3,622.2,618.2,619.6,142952,0
20231027,120000,619.6,622.4,618.6,622,119903,0
20231027,130000,622,622.1,613.5,613.8,361266,0
20231027,140000,613.7,617.2,612.2,614.5,269967,0
20231027,150000,614.4,616.9,614,616.9,117292,0
20231027,160000,616.9,620.6,615.9,620.3,135125,0
20231027,170000,620.4,620.9,618.3,618.8,67247,0
20231027,180000,618.8,619.3,618.1,619.1,97870,0
20231027,190000,618.1,619.8,618,618.4,53640,0
20231027,200000,618.5,623.3,618,622.8,100245,0
20231027,210000,622.8,623,619.6,621.4,116561,0
20231027,220000,621.4,622.7,620.5,622.3,42147,0
20231027,230000,622.4,622.9,622,622.4,38540,0
20231030,100000,622.4,623.6,617.3,619,253115,0
20231030,110000,619,622.4,619,621.9,148441,0
20231030,120000,621.9,624.2,621.8,624,177509,0
20231030,130000,624,624.8,622.4,623.6,124749,0
20231030,140000,623.6,623.6,622.2,623,61708,0
20231030,150000,623,623.7,622.4,623.5,50577,0
20231030,160000,623.5,624.8,623.1,624.7,87145,0
20231030,170000,624.7,624.9,623.1,624.2,69653,0
20231030,180000,624.3,624.3,620.4,622.6,205869,0
20231030,190000,622.6,624.1,621.6,622.4,43498,0
20231030,200000,622.7,622.7,621.3,621.6,23674,0
20231030,210000,621.6,622.2,621.3,621.7,8470,0
20231030,220000,621.7,622,621.5,621.5,7833,0
20231030,230000,621.5,621.7,621.1,621.2,15207,0
20231031,100000,621.2,621.9,617,617.1,246930,0
20231031,110000,617,617.9,613.6,614.4,285736,0
20231031,120000,614.4,615.5,613.4,614.4,144007,0
20231031,130000,614.4,614.4,608.2,610.8,429155,0
20231031,140000,610.8,611.1,602.5,608.5,447779,0
20231031,150000,608.5,609,606.1,608.6,196267,0
20231031,160000,608.5,611,605.1,605.6,225825,0
20231031,170000,605.6,606.6,604,604.5,139925,0
20231031,180000,604.6,608.3,604.3,607.1,127529,0
20231031,190000,608,608,604.9,605.9,54756,0
20231031,200000,606,606.6,605,606.4,28525,0
20231031,210000,606.4,606.6,604.2,605,54778,0
20231031,220000,605.1,605.2,603.6,604.6,46742,0
20231031,230000,604.6,607.8,604.2,607.6,43318,0
20231101,100000,609,610.5,605.3,607,173312,0
20231101,110000,607,610,604.5,609.9,178999,0
20231101,120000,610,612.4,609.2,611,172884,0
20231101,130000,611,612.2,610,611,138733,0
20231101,140000,611,613.7,610,610.6,171415,0
20231101,150000,610.5,610.7,609.1,609.9,148675,0
20231101,160000,609.9,610,607.4,607.9,170679,0
20231101,170000,607.9,610.2,606.9,607,180968,0
20231101,180000,606.9,607,603.1,603.1,271244,0
20231101,190000,603.9,606.1,603.5,606.1,87407,0
20231101,200000,606.1,606.4,595,600.5,281871,0
20231101,210000,600.5,604.4,600,604.3,138266,0
20231101,220000,604.3,606.1,603.6,605.8,73237,0
20231101,230000,605.7,606.5,605.7,606.3,23419,0
20231102,100000,607.9,610.1,607.6,608.4,256029,0
20231102,110000,608.4,608.5,606.1,606.3,147327,0
20231102,120000,606.2,606.4,602.7,603.3,142057,0
20231102,130000,603.3,604.8,602.5,604,121680,0
20231102,140000,604,604,601.7,601.8,175971,0
20231102,150000,601.9,604.6,601.1,603.1,300803,0
20231102,160000,603.1,605.8,602.8,605.7,99223,0
20231102,170000,605.7,605.7,602,602.6,139494,0
20231102,180000,602.6,604,602,602.2,50861,0
20231102,190000,602.2,602.9,601.2,602.3,67576,0
20231102,200000,602.3,602.9,602,602.3,38806,0
20231102,210000,602.2,603.3,602.2,602.6,31639,0
20231102,220000,602.9,603,602.1,602.9,21123,0
20231102,230000,602.8,603.2,602,602.7,20397,0
20231103,100000,603.1,604.8,600,601.1,256839,0
20231103,110000,601,604.3,596,602.2,500832,0
20231103,120000,602.3,603.8,600.6,601.1,160098,0
20231103,130000,601.2,601.5,598,598.1,134683,0
20231103,140000,598.1,601.9,596.8,601.2,174991,0
20231103,150000,601.2,601.6,599.2,600,67419,0
20231103,160000,600,603.4,599.9,603,160940,0
20231103,170000,602.9,603.1,601.2,601.5,68584,0
20231103,180000,601.3,603,600.6,603,107776,0
20231103,190000,603.2,603.2,602,602.5,56466,0
20231103,200000,602.5,602.9,601.8,602,26332,0
20231103,210000,601.8,602.5,601.5,602.1,47311,0
20231103,220000,602.1,602.6,601.8,602.4,15868,0
20231103,230000,602.5,602.7,601,601.7,35540,0
20231106,100000,602.1,603,600,601.7,103207,0
20231106,110000,601.7,602.8,600.7,602.8,49846,0
20231106,120000,602.8,604.7,602.7,604.1,82207,0
20231106,130000,604.1,604.1,602.6,603,39754,0
20231106,140000,603,606.8,602.6,606.2,141354,0
20231106,150000,606.2,606.5,604,604.7,50075,0
20231106,160000,604.7,605.5,604.5,605.5,25681,0
20231106,170000,605.5,608.3,605.3,608.1,94603,0
20231106,180000,608.3,609.8,607,607,129508,0
20231106,190000,607.3,609.2,605.4,608.4,86978,0
20231106,200000,608.8,609.4,607.7,608.5,37706,0
20231106,210000,608.3,608.8,607.5,608.5,27207,0
20231106,220000,608.5,609,608.4,609,14822,0
20231106,230000,609,609.8,608.1,609.7,32496,0
20231107,100000,609.9,611,606.1,607.8,199534,0
20231107,110000,607.8,609,606.3,608.4,104236,0
20231107,120000,608.5,611.4,607.8,609.2,163986,0
20231107,130000,609.1,609.6,604.2,606.7,154808,0
20231107,140000,606.7,610,606.3,609.5,121418,0
20231107,150000,609.6,609.7,608.3,609,57043,0
20231107,160000,608.8,609.3,608.1,608.9,78984,0
20231107,170000,608.9,611.5,608.8,611.1,147272,0
20231107,180000,611,613,611,613,144523,0
20231107,190000,612.5,613,612,612.6,47129,0
20231107,200000,612.4,612.7,611.2,611.8,42778,0
20231107,210000,611.8,611.8,610.2,610.3,31260,0
20231107,220000,610.3,611.9,610.2,611.7,36253,0
20231107,230000,611.8,612.1,610.6,611.2,33663,0
20231108,100000,611.1,611.8,608.2,611.6,190717,0
20231108,110000,611.7,617.8,611.5,617,415112,0
20231108,120000,616.9,618.7,615.1,618.5,180120,0
20231108,130000,618.5,619,615.2,616.1,165421,0
20231108,140000,616.2,618.6,616.1,618,88655,0
20231108,150000,618.2,619.9,617.6,618.1,152803,0
20231108,160000,618,620,616.2,616.5,176410,0
20231108,170000,616.4,619.1,616.4,618.2,87355,0
20231108,180000,618.2,619.9,617.5,617.5,195757,0
20231108,190000,617.5,617.9,613.4,614.2,130989,0
20231108,200000,614.1,616.1,613.2,614.6,64020,0
20231108,210000,614.6,616.5,614.4,614.7,42590,0
20231108,220000,614.9,614.9,613.3,613.8,41718,0
20231108,230000,613.8,614.9,613.1,614.5,38608,0
20231109,100000,616,616.4,613.3,614.8,120325,0
20231109,110000,614.7,614.8,611.1,613.1,130292,0
20231109,120000,613,615,612,614.6,51465,0
20231109,130000,614.6,616.4,614,615.9,111906,0
20231109,140000,615.9,619,615.1,618.9,181130,0
20231109,150000,618.9,618.9,617.4,617.6,64354,0
20231109,160000,617.6,619.4,617.3,617.8,207633,0
20231109,170000,617.7,618.7,616.4,616.5,52282,0
20231109,180000,616.6,618.7,616.5,618.7,81362,0
20231109,190000,618.1,618.3,616.5,616.7,33456,0
20231109,200000,616.7,617.2,616.3,616.5,16436,0
20231109,210000,616.3,616.5,615.1,615.5,36052,0
20231109,220000,615.6,616.5,615.2,615.6,28426,0
20231109,230000,615.6,615.6,614.6,615.2,22246,0
20231110,100000,617.1,618,614.1,617,103018,0
20231110,110000,616.8,618.5,615.5,618.1,71093,0
20231110,120000,618.1,620.5,618,619.8,242664,0
20231110,130000,619.6,619.7,617.1,618,77446,0
20231110,140000,618,618.4,617.1,617.8,37421,0
20231110,150000,618.1,618.1,615.9,616.2,95923,0
20231110,160000,616.3,618.2,616.2,617.1,53729,0
20231110,170000,617.5,620,617.4,619.9,152381,0
20231110,180000,619.9,620,619.2,620,73379,0
20231110,190000,620,620.3,619.2,620,53206,0
20231110,200000,619.9,620,619.5,620,42847,0
20231110,210000,619.9,620,618.9,619.7,38410,0
20231110,220000,619.4,620,619.1,619.5,37730,0
20231110,230000,619.6,620,619.4,620,35119,0
20231113,100000,620.1,623.3,620.1,621.3,239016,0
20231113,110000,621.3,621.6,618.4,620.4,162611,0
20231113,120000,620.5,622.2,618,618.2,148095,0
20231113,130000,618.3,619.1,617,617.9,102887,0
20231113,140000,617.9,618.8,617,617.7,93764,0
20231113,150000,617.8,620,617,619,138490,0
20231113,160000,618.9,620,617.6,619.2,82606,0
20231113,170000,619.1,620,618.7,619.2,83855,0
20231113,180000,619.1,620.6,618,620.6,99538,0
20231113,190000,620.6,620.6,616.4,616.5,75714,0
20231113,200000,616.5,617.4,615.9,617,35465,0
20231113,210000,617,617.8,616.5,616.8,18961,0
20231113,220000,616.6,616.8,615.9,616.7,21098,0
20231113,230000,616.7,616.7,616.1,616.3,8863,0
20231114,100000,616.4,618.5,611.2,614.7,346049,0
20231114,110000,614.7,614.9,611.1,611.9,156204,0
20231114,120000,611.9,612,606.3,607.8,266370,0
20231114,130000,607.8,608.2,607,608.1,63673,0
20231114,140000,608.2,609.3,605.1,607.3,173203,0
20231114,150000,607.3,618.7,606.9,614.1,782566,0
20231114,160000,613.8,617.4,611.8,615.3,174392,0
20231114,170000,615.3,616.2,607.8,610,356446,0
20231114,180000,609.9,612.5,609.4,612.5,98357,0
20231114,190000,612.3,612.4,610.5,611.7,32831,0
20231114,200000,611.7,612.1,610.1,610.2,20717,0
20231114,210000,610.6,610.8,609.9,610.1,18338,0
20231114,220000,610.5,610.6,609.4,609.6,11925,0
20231114,230000,609.5,611.9,607.1,610.7,49074,0
20231115,100000,610.6,610.7,606.6,608.1,231576,0
20231115,110000,608.1,609.5,608,609.3,53376,0
20231115,120000,609.3,609.9,608.1,609.7,82311,0
20231115,130000,609.6,610,609,610,58279,0
20231115,140000,610,612.4,608.3,610.6,90628,0
20231115,150000,610.5,611.6,609.5,610.3,49395,0
20231115,160000,610.3,613.5,610,612.7,93671,0
20231115,170000,612.7,614.8,612.2,614.8,101767,0
20231115,180000,614.7,614.8,611.3,611.3,121586,0
20231115,190000,611.9,612.3,610.5,611.6,63572,0
20231115,200000,611.4,611.6,611.1,611.4,15443,0
20231115,210000,611.4,611.5,610,610.7,34554,0
20231115,220000,610.7,611.2,610.4,611,14690,0
20231115,230000,611.2,612.1,610.9,611.8,16114,0
20231116,100000,611.8,613,608.8,610.4,101801,0
20231116,110000,610.4,610.7,608,609.1,143300,0
20231116,120000,609.1,609.9,608.6,609.7,56406,0
20231116,130000,609.7,610,608.5,609,62008,0
20231116,140000,609,610.1,607.6,609.2,131068,0
20231116,150000,609.3,610,608.2,608.7,38615,0
20231116,160000,608.5,609,608.5,608.7,33323,0
20231116,170000,608.7,609.7,607.4,607.9,86384,0
20231116,180000,607.9,607.9,606.2,607.4,92449,0
20231116,190000,606.7,607.7,600.5,603.5,187860,0
20231116,200000,603.5,605.2,600.4,603.5,152419,0
20231116,210000,603.5,604.8,601.9,604.4,43155,0
20231116,220000,604.3,604.4,601.2,601.3,27901,0
20231116,230000,601.5,604.4,601,602.1,45011,0
20231117,100000,602.1,607.7,598.1,607.2,311222,0
20231117,110000,607.3,607.4,601.1,602.2,232554,0
20231117,120000,602.3,605.7,601.8,605.1,87063,0
20231117,130000,605.1,607.5,604.2,605.2,181386,0
20231117,140000,605.4,613.5,605.3,613.5,464107,0
20231117,150000,613.6,614.6,612.2,614.4,258975,0
20231117,160000,614.4,616.5,614.1,615.7,323276,0
20231117,170000,615.7,619,615.2,617.9,462622,0
20231117,180000,617.9,618.5,616,616,178214,0
20231117,190000,616.1,617.5,614,616,81202,0
20231117,200000,616,616,614.1,614.7,28326,0
20231117,210000,614.5,615.5,614,614.4,32647,0
20231117,220000,614.4,615.5,614.3,615.5,34031,0
20231117,230000,615.5,616,615.3,615.5,34586,0
20231120,100000,616.8,618.7,612.1,614.3,370310,0
20231120,110000,614.3,615,612,614.4,135690,0
20231120,120000,614.8,616,613.3,613.7,66949,0
20231120,130000,613.7,613.7,611.5,612.6,121764,0
20231120,140000,612.6,613.4,612,612.5,75178,0
20231120,150000,612.6,613.8,612,613.4,76817,0
20231120,160000,613.4,614.3,612.4,613.5,95545,0
20231120,170000,613.4,613.6,612.2,613.2,50969,0
20231120,180000,613.2,616.1,613,616.1,194056,0
20231120,190000,615.4,615.9,615,615.1,50806,0
20231120,200000,615,615.5,614.1,614.4,30391,0
20231120,210000,614.4,617.2,614.2,617.2,54174,0
20231120,220000,617.1,617.8,615.3,615.8,50425,0
20231120,230000,615.7,616.4,614.6,615.4,8893,0
20231121,100000,614.5,615,612.4,613.5,92412,0
20231121,110000,613.4,614,611.1,611.7,83654,0
20231121,120000,611.5,614.2,611.5,612.8,45562,0
20231121,130000,612.8,613.8,612.1,612.9,53012,0
20231121,140000,612.8,614.9,612.3,614.3,61018,0
20231121,150000,614.4,614.6,613.8,614.3,31019,0
20231121,160000,614.3,630,611.9,629.3,2208957,0
20231121,170000,629.4,631.6,628.1,630.8,1355497,0
20231121,180000,630.7,634,630.5,633,777905,0
20231121,190000,633,633,628.6,631.3,308204,0
20231121,200000,631.2,631.8,629.4,631.6,127292,0
20231121,210000,631.5,632.2,630.4,631.1,77245,0
20231121,220000,631.1,633.8,630.8,632.7,156953,0
20231121,230000,633,634.4,632.8,634.2,94276,0
20231122,100000,635.9,638.8,634.3,636.1,803518,0
20231122,110000,636.1,636.6,634.2,634.9,236543,0
20231122,120000,634.9,636.8,634.5,636.6,153273,0
20231122,130000,636.5,638,635.7,637.8,214934,0
20231122,140000,637.9,638,636.4,637.3,194055,0
20231122,150000,637.2,638,633.1,635.6,340249,0
20231122,160000,635.7,640,634.8,640,851347,0
20231122,170000,639.7,643.4,639.2,642.8,742226,0
20231122,180000,642.9,642.9,638.9,639,312589,0
20231122,190000,639,640.8,638.1,640,104764,0
20231122,200000,639.8,640.4,638.7,640.2,27409,0
20231122,210000,640.2,640.3,639.2,639.7,45176,0
20231122,220000,639.7,640.1,638.2,640.1,59542,0
20231122,230000,640.1,641,640,640.8,85591,0
20231123,100000,642.3,642.5,639,640,298868,0
20231123,110000,640,643.2,639.7,642.5,331955,0
20231123,120000,642.6,643.4,641.7,642.9,232462,0
20231123,130000,642.8,643.2,641,643.2,242620,0
20231123,140000,643.2,645,642.8,644.6,322222,0
20231123,150000,644.8,645,643.2,644.2,186311,0
20231123,160000,644.2,645.8,644.1,644.8,152205,0
20231123,170000,644.8,644.9,640.3,640.4,189201,0
20231123,180000,640.6,644,640.6,644,118274,0
20231123,190000,644,644.2,641.4,641.6,85250,0
20231123,200000,641.6,641.9,638.6,640,131607,0
20231123,210000,640,641.6,639.3,640.5,40319,0
20231123,220000,640.4,643.3,640.2,642,68019,0
20231123,230000,642,642,639.6,641.1,31802,0
20231124,100000,643.1,644,641.4,642.9,190707,0
20231124,110000,642.9,647,642.5,646.8,366776,0
20231124,120000,646.8,647.7,645.7,646.9,245916,0
20231124,130000,646.7,647.9,645.8,647.5,148064,0
20231124,140000,647.6,647.8,645.8,646.3,122605,0
20231124,150000,646.3,646.6,644.3,645.4,239829,0
20231124,160000,645.4,647.4,644,647.1,185834,0
20231124,170000,647.2,648.5,646.2,648.5,204800,0
20231124,180000,648.5,649,646.4,646.4,234387,0
20231124,190000,646.9,648.8,646.5,647.3,78052,0
20231124,200000,647.3,648.6,647,648.5,58657,0
20231124,210000,648.5,649.4,648,648.1,64996,0
20231124,220000,648.1,648.1,646.8,647.8,49321,0
20231124,230000,647.8,648.7,647.3,648,50821,0
20231127,100000,649.1,649.9,643,648.6,579536,0
20231127,110000,648.7,648.8,646.1,648.6,180650,0
20231127,120000,648.4,649.3,645.3,646,188332,0
20231127,130000,646,646.4,644.2,645.6,206742,0
20231127,140000,645.3,645.8,644.5,644.5,121368,0
20231127,150000,644.5,644.7,641.3,642,180781,0
20231127,160000,642,642.5,639.1,639.4,227907,0
20231127,170000,639.4,640,636.8,638,218527,0
20231127,180000,638,642.5,636.4,642,227208,0
20231127,190000,641,642.5,638.7,639.4,36353,0
20231127,200000,639.4,641.2,639.2,640.3,33131,0
20231127,210000,640.3,640.6,639.4,639.9,16377,0
20231127,220000,639.7,639.9,638.4,638.6,35439,0
20231127,230000,638.6,640.4,638.2,638.4,40524,0
20231128,100000,638.2,639.8,632.6,633.2,271272,0
20231128,110000,633.2,636.5,632.3,634.7,155443,0
20231128,120000,634.7,636,633.5,635,80780,0
20231128,130000,635,636,634.9,634.9,46461,0
20231128,140000,635,635,633,633.7,78091,0
20231128,150000,633.7,636.9,633.5,636.2,178181,0
20231128,160000,636.2,638.3,634.5,638,150240,0
20231128,170000,637.9,640,637.8,639.9,133394,0
20231128,180000,640,643.7,639.9,643.4,248217,0
20231128,190000,643.4,643.7,640,641.5,66826,0
20231128,200000,641.7,641.9,640.4,641.7,24294,0
20231128,210000,641.7,641.8,640.3,640.7,11248,0
20231128,220000,640.8,641.3,640.3,640.6,23492,0
20231128,230000,640.6,641.9,640.2,641.2,14943,0
20231129,100000,641.9,644.2,637.2,638.9,238313,0
20231129,110000,639.1,640.8,636.6,637.9,99867,0
20231129,120000,638,639.6,637,637.9,98171,0
20231129,130000,637.9,641.7,637.8,640.8,80187,0
20231129,140000,640.7,641.4,640.1,640.3,44693,0
20231129,150000,640.3,641.4,640.3,641.2,39053,0
20231129,160000,641.2,642.1,640.7,641,41954,0
20231129,170000,641.1,641.9,641,641.5,56958,0
20231129,180000,641.6,641.6,638.1,638.1,112323,0
20231129,190000,638.3,639.2,637.7,638.9,45607,0
20231129,200000,638.9,639.3,638.6,638.7,19063,0
20231129,210000,638.7,639.1,638.3,639,16283,0
20231129,220000,639,639,638.1,638.9,24642,0
20231129,230000,638.9,639.5,638.5,638.7,15447,0
20231130,100000,639,640,636,636.8,128196,0
20231130,110000,636.8,639.4,635,639.4,126222,0
20231130,120000,639.2,640,638.5,639.3,82035,0
20231130,130000,639.3,644,639.2,643.4,179239,0
20231130,140000,643.4,643.4,641,643,86698,0
20231130,150000,643,643.9,642.6,643.2,84913,0
20231130,160000,643.3,643.3,639,640.7,126937,0
20231130,170000,640.7,643.5,640.1,642.8,77039,0
20231130,180000,642.8,643,638.6,638.6,143611,0
20231130,190000,639,639.9,638.1,638.7,54332,0
20231130,200000,638.7,639,637.7,638.7,39050,0
20231130,210000,638.7,639.4,638.4,638.7,9589,0
20231130,220000,638.7,638.8,638,638.3,20593,0
20231130,230000,638.3,638.8,638,638.8,12099,0
20231201,100000,638.8,638.8,635.3,637.4,83623,0
20231201,110000,637.4,638.5,635.8,638.4,69359,0
20231201,120000,638.4,639.9,638.3,639.9,54354,0
20231201,130000,639.7,641,639.5,639.6,61588,0
20231201,140000,639.6,640.7,638.8,639.6,59198,0
20231201,150000,639.7,640.5,637.2,637.8,65883,0
20231201,160000,637.8,638.3,636.9,637.8,68678,0
20231201,170000,637.8,639,625.6,635.1,515826,0
20231201,180000,635.2,636.2,633.6,634.5,282885,0
20231201,190000,634.5,635,632.3,632.8,35617,0
20231201,200000,632.7,634.3,632.6,634.3,32215,0
20231201,210000,634.3,635.3,633,633.1,28098,0
20231201,220000,633,633.9,632.9,632.9,32147,0
20231201,230000,633,633.5,632.4,632.5,19384,0
20231204,100000,630.6,631.3,622.7,628.7,339062,0
20231204,110000,628.9,630.2,622.8,623.7,277824,0
20231204,120000,623.7,624,620,623.2,303391,0
20231204,130000,623.2,626,623.2,624.8,101020,0
20231204,140000,624.8,625.1,622.8,624.2,41665,0
20231204,150000,624.1,625.4,622.8,624.8,60357,0
20231204,160000,624.4,627.6,624.4,626.1,173332,0
20231204,170000,626.3,632,626,631.9,282211,0
20231204,180000,631.9,633.5,627.7,627.7,359554,0
20231204,190000,627.7,627.7,622.7,624.3,98929,0
20231204,200000,624.2,625.7,623.4,625.7,54860,0
20231204,210000,625.7,626.5,624.8,625.8,31266,0
20231204,220000,625.8,625.8,622.5,623.4,57145,0
20231204,230000,623.4,624.8,622.8,623.7,17449,0
20231205,100000,624.9,629.8,624.2,628.4,151462,0
20231205,110000,628.5,628.8,622.4,626,113477,0
20231205,120000,625.9,629.5,625,628.1,67311,0
20231205,130000,628.1,629.5,628,629.5,86456,0
20231205,140000,629.5,632.8,629.4,632.3,88499,0
20231205,150000,632.4,633.5,631.2,631.6,58075,0
20231205,160000,631.9,633.4,630.1,632,130150,0
20231205,170000,631.9,636,631.9,635.7,125264,0
20231205,180000,635.7,637.2,632.8,632.8,136945,0
20231205,190000,632.9,634.6,632.8,634.4,32711,0
20231205,200000,634.4,635.6,634.2,635.5,18484,0
20231205,210000,635.6,635.8,635,635.5,13440,0
20231205,220000,635.5,635.8,634,634.1,18794,0
20231205,230000,634,635.2,634,635.2,7638,0
20231206,100000,636,636.9,633.1,633.1,99663,0
20231206,110000,633.2,633.5,630.6,632.2,67692,0
20231206,120000,631.9,632.8,627.9,629.6,98000,0
20231206,130000,629.5,631.1,624.2,628.9,129194,0
20231206,140000,628.8,629,627.1,628.1,48378,0
20231206,150000,628,633.9,628,633.8,98255,0
20231206,160000,633.7,634,627,628.8,93633,0
20231206,170000,628.6,629.4,626.5,629.1,104065,0
20231206,180000,629.1,629.2,622.1,622.1,216498,0
20231206,190000,622.1,626.2,622,623.3,128974,0
20231206,200000,623.4,624,619.3,621.9,110478,0
20231206,210000,621.9,623.9,621.7,623.5,25368,0
20231206,220000,623.2,623.7,622,623,15143,0
20231206,230000,623,623.5,621.8,622.2,15904,0
20231207,100000,622.2,627.7,619.8,619.9,222564,0
20231207,110000,619.9,627.9,619.1,627.7,285514,0
20231207,120000,627.8,631.9,627.4,631.5,279429,0
20231207,130000,631.5,634.2,629.8,634.1,276171,0
20231207,140000,634.2,634.5,629.9,633,297781,0
20231207,150000,633.1,635.8,631.6,634.7,275830,0
20231207,160000,634.3,636.5,632.3,633.8,125894,0
20231207,170000,633.8,634.4,631.1,632.5,92866,0
20231207,180000,632.5,633.3,624.3,624.3,275117,0
20231207,190000,624.9,628,624.8,626.9,85260,0
20231207,200000,626.9,627.7,625.7,627.4,21093,0
20231207,210000,627.4,627.8,626.5,627.2,8150,0
20231207,220000,627.4,627.8,626.5,626.9,13223,0
20231207,230000,626.9,626.9,626,626.2,16274,0
20231208,100000,626.9,635.9,626.5,631.3,229881,0
20231208,110000,631.3,634.5,630.6,632.4,68603,0
20231208,120000,632.4,632.9,632,632.2,53058,0
20231208,130000,632.2,632.6,630.5,631.2,73921,0
20231208,140000,631.2,631.9,630,630.7,26734,0
20231208,150000,630.7,631,629,629.2,68072,0
20231208,160000,629.3,631.9,629,631.9,51050,0
20231208,170000,631.9,633.3,631.8,632.5,69469,0
20231208,180000,632.5,637.8,631.4,637.8,201861,0
20231208,190000,637.4,637.7,635.6,636.4,77747,0
20231208,200000,636.4,637.7,636.2,636.3,32680,0
20231208,210000,636.4,636.7,636.1,636.3,13124,0
20231208,220000,636.4,637.4,636.3,637.1,27817,0
20231208,230000,637.1,637.8,636.7,637.7,66208,0
20231211,100000,638.7,638.9,633.7,634.2,164020,0
20231211,110000,634.2,637.5,632.8,635.4,116449,0
20231211,120000,635.2,636.6,631,635,184878,0
20231211,130000,634.9,635.2,631.5,632.1,65366,0
20231211,140000,632.6,634.3,630,631.6,208841,0
20231211,150000,631.5,633.2,631,632.5,99247,0
20231211,160000,632.5,633.3,628.3,628.4,188619,0
20231211,170000,628.4,630.7,628.2,628.8,103965,0
20231211,180000,628.8,629.7,624.7,624.7,108702,0
20231211,190000,625,625.9,622.9,625.8,97873,0
20231211,200000,625.8,627.3,624,625.1,32110,0
20231211,210000,624.6,625.2,623.5,624.8,25279,0
20231211,220000,624.8,624.9,623.4,623.7,23840,0
20231211,230000,623.8,625.3,623.1,625,18940,0
20231212,100000,625.5,628.9,623.7,626.9,143903,0
20231212,110000,627,627,620,623.9,221244,0
20231212,120000,624,624.5,621.6,622.5,65300,0
20231212,130000,622.5,627.3,622.4,626.5,89685,0
20231212,140000,626.5,630,626.1,629.6,89473,0
20231212,150000,629.4,630,627.6,629.6,68175,0
20231212,160000,629.6,631.8,628.2,628.6,147720,0
20231212,170000,628.5,629.1,625.6,627,97094,0
20231212,180000,627,629,622,622,163602,0
20231212,190000,623,624.4,622.3,623.2,63383,0
20231212,200000,623.3,625.2,623.2,624.7,59133,0
20231212,210000,624.5,624.8,622.8,623.6,16606,0
20231212,220000,623.5,625.1,623.2,624.2,16293,0
20231212,230000,624.1,625.5,624.1,625.5,24927,0
20231213,100000,624.2,626,621.3,625.2,91916,0
20231213,110000,625.2,627,625,626.9,48338,0
20231213,120000,626.9,629.8,626.9,628.7,75440,0
20231213,130000,628.7,629.3,628.1,628.6,26308,0
20231213,140000,628.7,630.2,627.9,630.1,72602,0
20231213,150000,630.2,630.3,627.1,628.6,77712,0
20231213,160000,628.5,629.3,626.7,627.2,49907,0
20231213,170000,627.2,627.7,625.6,626.8,45177,0
20231213,180000,626.8,628.1,626,628.1,42661,0
20231213,190000,627.9,628,626.3,627.2,16010,0
20231213,200000,627.5,628.3,627.3,627.9,5980,0
20231213,210000,627.7,628.9,627.6,628.9,9634,0
20231213,220000,628.9,629.5,628.4,628.5,6402,0
20231213,230000,628.4,629.4,627,628.7,13531,0
20231214,100000,630,631.2,627.4,628,50698,0
20231214,110000,628,628.1,627,627.6,38388,0
20231214,120000,627.7,629.5,627.6,628.1,28407,0
20231214,130000,628.1,628.5,627,627.1,18973,0
20231214,140000,627.3,627.6,625.1,626.1,33624,0
20231214,150000,625.8,626.8,624.9,625.2,48514,0
20231214,160000,625.2,626.3,623.6,625.7,53667,0
20231214,170000,625.7,626,621,621.4,116274,0
20231214,180000,621.4,625.3,619.1,625.3,223018,0
20231214,190000,624.3,624.6,620.1,620.6,149277,0
20231214,200000,620.6,620.9,616.8,617,73985,0
20231214,210000,617,619.3,615.2,618.9,57026,0
20231214,220000,618.9,620.8,617.8,619.4,38632,0
20231214,230000,619.5,619.5,616.2,617,39740,0
20231215,100000,616.6,624.5,616.2,624,218391,0
20231215,110000,623.7,629.3,623.6,626.1,242714,0
20231215,120000,626.7,627,625.2,626.6,46281,0
20231215,130000,626.9,631.1,626.6,628.6,276454,0
20231215,140000,628.6,634.5,628.6,631.2,227732,0
20231215,150000,631.2,633.9,630.2,632.4,220000,0
20231215,160000,632.4,634.5,631.4,634.3,102575,0
20231215,170000,634.2,636.5,633,635.7,151038,0
20231215,180000,635.8,636.4,634.7,634.7,123499,0
20231215,190000,634,635.4,632.7,633.8,36994,0
20231215,200000,633.7,635.5,633.7,634.8,30758,0
20231215,210000,634.9,635.1,634,634.6,30415,0
20231215,220000,634.3,634.7,633.6,634.3,19773,0
20231215,230000,634,635.5,634,635.3,34785,0
20231218,100000,640,648.1,635.5,644.9,544461,0
20231218,110000,644.9,645,644,644.8,126955,0
20231218,120000,644.8,645,644,644.9,139587,0
20231218,130000,644.9,645,642.8,643.7,90806,0
20231218,140000,643.6,645.9,643.2,645.3,139219,0
20231218,150000,645,645.6,644.3,644.5,59794,0
20231218,160000,644.6,645.3,642,645.2,155367,0
20231218,170000,645.2,645.5,643.8,644.5,96585,0
20231218,180000,644.8,647.8,641.3,641.3,325462,0
20231218,190000,642.4,644.9,642.1,643.6,127392,0
20231218,200000,643.7,644.5,643.5,644.3,16146,0
20231218,210000,644.3,645.3,644.2,644.8,26749,0
20231218,220000,644.8,645.1,644.1,644.9,23908,0
20231218,230000,644.8,644.9,643.6,643.6,17012,0
20231219,100000,643.7,645,640.5,643.9,207649,0
20231219,110000,644,644.9,642.2,644.6,118233,0
20231219,120000,644.4,649.5,644.4,648.5,406211,0
20231219,130000,648.3,654,648,652.9,626528,0
20231219,140000,652.9,653,647.2,649.8,262143,0
20231219,150000,649.9,649.9,644.9,646.5,202108,0
20231219,160000,646.5,650.6,645.6,650.2,118190,0
20231219,170000,650.2,652.4,648.7,652.2,154206,0
20231219,180000,652.3,652.5,650.3,650.3,81869,0
20231219,190000,650.8,653,650.8,652,62616,0
20231219,200000,652,652.8,651.7,652,28617,0
20231219,210000,652,652.5,651.5,652.2,23849,0
20231219,220000,652.3,653.8,651.8,653.3,65089,0
20231219,230000,653.3,654,653.2,653.4,54248,0
20231220,100000,654.9,657,652,654.7,379223,0
20231220,110000,654.6,660,654,658.4,280379,0
20231220,120000,658.5,659,657.2,658,83274,0
20231220,130000,657.8,659.9,657.7,659.3,90876,0
20231220,140000,659.3,659.8,657.5,659.8,98087,0
20231220,150000,659.7,661.6,659,661,191592,0
20231220,160000,661,661.3,660,661.1,93854,0
20231220,170000,660.9,663.9,660.8,662.8,214832,0
20231220,180000,662.8,663.1,660.2,660.2,168719,0
20231220,190000,660.8,661.5,659.1,661,86553,0
20231220,200000,660.9,662,660,661,52623,0
20231220,210000,661,661.2,658.6,659.1,36323,0
20231220,220000,659,660.4,658.9,659.2,37930,0
20231220,230000,659.2,660.2,658,658.4,43065,0
20231221,100000,660,662,654.1,658.7,236106,0
20231221,110000,658.6,659.2,656,658.3,117341,0
20231221,120000,658.2,660.9,657,659.3,91090,0
20231221,130000,659.6,660.6,658.4,660.1,41934,0
20231221,140000,660,661.4,659.5,660.8,143424,0
20231221,150000,660.9,661,648.7,650.5,535007,0
20231221,160000,650.5,656.9,650.5,653.4,268375,0
20231221,170000,653.4,655,652.1,654.8,85549,0
20231221,180000,654.9,661.3,654.6,661.3,363784,0
20231221,190000,660,660.4,658.6,658.6,59501,0
20231221,200000,658.7,658.9,657.1,658.8,32474,0
20231221,210000,658.5,658.8,657.9,658.3,18464,0
20231221,220000,658.4,659,658,658.6,15499,0
20231221,230000,658.6,659,657.4,658.5,15333,0
20231222,100000,660.9,666,659.5,665,277493,0
20231222,110000,664.7,665.3,660.8,664.5,115390,0
20231222,120000,664.5,665,662.5,663.4,98450,0
20231222,130000,663.5,663.7,661.1,661.9,93766,0
20231222,140000,661.9,662.9,660,660.8,108124,0
20231222,150000,661.2,662,660,660.6,142709,0
20231222,160000,660.5,663.9,660.5,662.9,72823,0
20231222,170000,663,664,662.9,663.9,73684,0
20231222,180000,663.9,664,660.7,660.7,139940,0
20231222,190000,660.8,662.4,660.8,661.8,56180,0
20231222,200000,661.8,662,661.2,662,16586,0
20231222,210000,662,662,661.1,661.9,6800,0
20231222,220000,661.9,662,661.3,661.5,20500,0
20231222,230000,661.5,662,661.3,661.5,30000,0
20231225,100000,660.3,666.6,657.6,666.5,400363,0
20231225,110000,666.6,670.8,666.5,668.7,465390,0
20231225,120000,668.4,675.5,668.4,674.7,304761,0
20231225,130000,674.6,674.7,672.5,673.8,149326,0
20231225,140000,674,674.6,668.7,673.2,247448,0
20231225,150000,673.2,674,671,671.5,158694,0
20231225,160000,671.5,673.9,670.8,672.9,176420,0
20231225,170000,673,677.3,672.5,677.2,246007,0
20231225,180000,677.2,677.6,674.3,674.3,199919,0
20231225,190000,674.9,677.8,674.8,676.1,56700,0
20231225,200000,676,677.3,675.5,676.3,47499,0
20231225,210000,676.2,676.4,675.8,676.3,16895,0
20231225,220000,676.3,677.1,676,676.5,28591,0
20231225,230000,676.5,677.1,676,676,31116,0
20231226,100000,678.2,682,677.1,678,358281,0
20231226,110000,678.1,680.6,676.7,679.8,226483,0
20231226,120000,679.8,682.5,679.3,679.8,222333,0
20231226,130000,679.8,681.8,679.8,681.4,86531,0
20231226,140000,681.2,684.5,681.2,684.4,365821,0
20231226,150000,684.4,693,684.3,693,520880,0
20231226,160000,693,696,689.1,689.7,551321,0
20231226,170000,689.7,691.8,687.5,691.8,253934,0
20231226,180000,691.8,691.8,688.7,689.4,166510,0
20231226,190000,689.5,691.9,689.5,691.4,67910,0
20231226,200000,691.3,693.1,691.3,693.1,72236,0
20231226,210000,693.1,695.5,692.5,695.4,90894,0
20231226,220000,695.3,700,695.3,697.7,214765,0
20231226,230000,697.6,698.8,696.1,698.3,105430,0
20231227,100000,699.1,715.9,697.5,715,1263083,0
20231227,110000,715,715.8,708.5,710.2,494680,0
20231227,120000,710.2,714.7,710.2,712.2,281975,0
20231227,130000,712.2,712.7,710.8,711.1,149640,0
20231227,140000,711.4,712.9,710.8,712,163464,0
20231227,150000,711.9,714,711,712.3,190723,0
20231227,160000,712.4,712.8,708.7,712.2,275331,0
20231227,170000,712.3,712.7,710.5,711,164447,0
20231227,180000,711.2,711.3,703.7,703.7,760768,0
20231227,190000,704.2,709,704,708.4,288240,0
20231227,200000,708.5,712.8,708.4,712,183719,0
20231227,210000,712,712.8,710.9,711.1,82482,0
20231227,220000,711.1,713,711.1,712.7,74294,0
20231227,230000,712.9,720,712.8,717.7,403242,0
20231228,100000,718.6,718.6,704.1,712.9,850872,0
20231228,110000,713,714,708,708.3,278662,0
20231228,120000,708.3,712,708,708.5,183322,0
20231228,130000,708.4,710,705,709.3,228783,0
20231228,140000,709.3,712.3,706.5,710.7,312411,0
20231228,150000,710.7,714,709.3,713.1,211811,0
20231228,160000,713.1,713.1,708.2,710.4,255811,0
20231228,170000,710.4,711.4,709,709.8,90774,0
20231228,180000,709.7,711.5,708.2,711.5,164906,0
20231228,190000,711.6,711.6,708.5,709.2,58297,0
20231228,200000,709.3,710.8,709,710.4,34807,0
20231228,210000,710.4,710.6,709.1,709.2,29669,0
20231228,220000,709.2,710.5,709.1,709.6,40295,0
20231228,230000,709.6,710.2,708,708.2,50192,0
