20251217,070000,608.3,610.2,608,609.9,13156,0
20251217,080000,609.9,614,609.9,611.5,79724,0
20251217,090000,611.5,612,609.2,609.6,64417,0
20251217,100000,609.6,610.3,606.2,607.9,141201,0
20251217,110000,607.9,611.4,607.1,607.1,100566,0
20251217,120000,607.1,607.9,603.9,605.6,234229,0
20251217,130000,605.4,607,604.7,605.8,44109,0
20251217,140000,605.7,606.2,601.8,603.2,130711,0
20251217,150000,603.1,604.5,601.1,602.3,60684,0
20251217,160000,602.3,603.6,600.7,602,141265,0
20251217,170000,602.1,602.9,597.2,600.2,291722,0
20251217,180000,600.2,604,597.4,604,125724,0
20251217,190000,603.8,605.8,602.2,602.3,110711,0
20251217,200000,602.2,604.8,602,603.4,41801,0
20251217,210000,603.3,604.1,603,603.6,10960,0
20251217,220000,603.4,604.6,600.5,602.6,42357,0
20251217,230000,602.4,604.7,602.4,604.2,18959,0
20251218,070000,604.5,605.5,603.2,604,26085,0
20251218,080000,604,604.1,603.3,603.7,4918,0
20251218,090000,603.3,603.4,600,601.6,39355,0
20251218,100000,601.5,604.9,601.1,602.1,131847,0
20251218,110000,602.3,602.3,598,598.8,225284,0
20251218,120000,598.8,599.8,597,597.5,427466,0
20251218,130000,597.5,598.7,595.8,598.3,270231,0
20251218,140000,598.4,598.5,591.8,593.4,406839,0
20251218,150000,593.5,596.2,592.1,592.7,420476,0
20251218,160000,592.6,595.4,588.9,589.9,298176,0
20251218,170000,589.8,590,584,584.3,588406,0
20251218,180000,584.3,586.8,583.2,583.2,374928,0
20251218,190000,584.7,588.3,582.5,587.1,287146,0
20251218,200000,587.1,587.7,584,587.6,119997,0
20251218,210000,587.6,587.7,586.9,587.7,33876,0
20251218,220000,587.7,589.7,587.6,589.5,86046,0
20251218,230000,589.5,590,588.1,589,74002,0
20251219,070000,589,590,585.9,589.5,75616,0
20251219,080000,589.5,590.9,588.9,590.4,35970,0
20251219,090000,590.3,591.4,588.4,589.8,87449,0
20251219,100000,589.7,593.2,589,592.7,286578,0
20251219,110000,592.7,595,592,595,181970,0
20251219,120000,595,597.5,594.4,594.9,217349,0
20251219,130000,595,595.1,581,586.3,1002832,0
20251219,140000,586.2,589.8,585.6,589.8,181704,0
20251219,150000,589.8,590,583.5,583.8,217669,0
20251219,160000,583.8,590,583.6,587.5,234060,0
20251219,170000,587.5,587.9,582.3,585.3,214578,0
20251219,180000,585.3,587,584.6,584.9,56649,0
20251219,190000,585.5,587.6,585.5,587.1,59245,0
20251219,200000,587.1,589.2,586.6,588.1,36256,0
20251219,210000,588.3,588.5,586.7,587,27576,0
20251219,220000,587,587.4,586.4,587.2,9314,0
20251219,230000,587.1,587.6,584.9,585.9,43562,0
20251220,090000,585.9,585.9,585.9,585.9,167,0
20251220,100000,585.9,588.3,585.1,587.6,21418,0
20251220,110000,587.6,587.9,586.9,587.9,4227,0
20251220,120000,587.9,588,586.2,586.6,7859,0
20251220,130000,586.6,586.8,584.4,585,20315,0
20251220,140000,585,585.3,583.7,584.2,19172,0
20251220,150000,584.3,585.4,584,585.4,7359,0
20251220,160000,585.4,586.3,584.7,586.2,8379,0
20251220,170000,586.2,586.2,585.4,585.8,8203,0
20251220,180000,585.8,586.4,585.3,585.3,20283,0
20251221,090000,587,587,587,587,56,0
20251221,100000,587,587.4,584.7,586,4532,0
20251221,110000,586,586,585.1,585.6,8102,0
20251221,120000,585.6,585.6,584.5,585,18277,0
20251221,130000,585,585.1,584.9,585.1,3736,0
20251221,140000,585.1,585.1,584.9,585.1,2484,0
20251221,150000,585.1,585.6,584.7,585.5,6697,0
20251221,160000,585.5,586,584.2,584.3,11312,0
20251221,170000,584.6,585.7,584.1,584.7,8022,0
20251221,180000,584.6,586.3,584.3,586.2,10886,0
20251222,070000,586,588.3,585,586,53516,0
20251222,080000,586,586.9,585.2,585.4,10145,0
20251222,090000,585.4,585.4,581.5,582.7,107249,0
20251222,100000,582.7,582.7,578.2,579.3,237543,0
20251222,110000,579.2,581.4,578.1,578.5,133118,0
20251222,120000,578.5,584.3,576.6,581.5,267763,0
20251222,130000,581.5,582.8,580.3,581,98853,0
20251222,140000,581,582.4,578.4,578.9,124263,0
20251222,150000,578.9,579,574.4,577.2,200169,0
20251222,160000,577.1,577.1,574.5,574.9,69299,0
20251222,170000,574.9,575.3,571,571.2,144716,0
20251222,180000,571.2,573.9,571.1,573.9,94226,0
20251222,190000,573.4,575.4,573,574.8,53906,0
20251222,200000,574.9,575.2,573.1,573.8,28563,0
20251222,210000,573.7,574,573,573.6,19016,0
20251222,220000,573.6,574.5,573.5,574.2,8981,0
20251222,230000,574.2,575.1,574.1,575.1,10399,0
20251223,070000,574.7,576.7,573,576.5,14861,0
20251223,080000,576.5,576.5,574.6,575,13383,0
20251223,090000,574.8,574.8,570.5,572.3,79374,0
20251223,100000,572.2,576.1,571.3,574.5,71849,0
20251223,110000,574.5,575,570.5,572.8,84870,0
20251223,120000,572.8,573.4,570.5,571.4,95219,0
20251223,130000,571.3,574,571,573.1,86894,0
20251223,140000,573.1,576,571.8,575.7,60740,0
20251223,150000,575.7,577.1,574.3,575,112465,0
20251223,160000,575,576.9,574.3,576.9,55475,0
20251223,170000,576.9,578.6,574.4,576.4,154926,0
20251223,180000,576.3,579.8,576.3,579.3,96332,0
20251223,190000,579.3,580.6,577.2,577.4,49485,0
20251223,200000,577.4,577.5,576.2,576.5,22470,0
20251223,210000,576.6,578,576.5,577.9,19647,0
20251223,220000,578,578.4,577.7,577.7,9005,0
20251223,230000,577.7,577.7,575.2,576.5,27165,0
20251224,070000,578.1,579.1,576.3,577.9,20154,0
20251224,080000,577.9,578.6,577.4,577.9,7373,0
20251224,090000,577.7,577.9,574,574.9,68570,0
20251224,100000,574.8,576.8,572.8,575.9,62678,0
20251224,110000,575.8,577.9,573.4,574.4,120043,0
20251224,120000,574.3,577.3,573.8,576.1,70926,0
20251224,130000,576.2,578.5,575.6,576.4,38830,0
20251224,140000,576.5,577,574.5,574.6,49438,0
20251224,150000,574.6,575,572.4,574,82389,0
20251224,160000,574,574.5,572.6,573.9,41884,0
20251224,170000,573.9,574.2,572.8,573.2,31675,0
20251224,180000,573.1,574,571.2,571.7,64221,0
20251224,190000,572.3,573,571.2,571.8,43105,0
20251224,200000,571.8,572.8,571.7,572.7,7434,0
20251224,210000,572.8,573.1,572.3,572.9,32467,0
20251224,220000,572.9,573.1,572.6,573.1,9513,0
20251224,230000,573.1,573.1,571.5,572.9,20503,0
20251225,070000,572.3,573.7,571.8,572.8,9565,0
20251225,080000,572.8,573.3,572.4,573,4652,0
20251225,090000,573.1,573.4,571.6,572.7,26096,0
20251225,100000,572.7,572.7,570.5,570.7,56314,0
20251225,110000,570.8,573.4,570.7,571.4,75452,0
20251225,120000,571.4,571.5,570,570.6,65089,0
20251225,130000,570.4,571.2,568.5,568.7,64266,0
20251225,140000,568.6,570.8,568,568.1,121270,0
20251225,150000,568.2,568.4,563.8,566.1,204166,0
20251225,160000,566.1,568,565.4,567.6,115493,0
20251225,170000,567.6,568.1,566.3,566.7,50316,0
20251225,180000,566.7,567.9,566.2,567.9,26926,0
20251225,190000,567.8,570,566.7,569.9,54615,0
20251225,200000,569.9,569.9,568.7,569,53666,0
20251225,210000,568.9,570.8,568.9,570.7,24025,0
20251225,220000,570.8,572.9,570.6,571.1,40382,0
20251225,230000,571.1,571.4,567.8,568.8,46142,0
20251226,070000,568.8,570.8,568,569.5,22174,0
20251226,080000,569.5,570.7,569.2,569.4,13781,0
20251226,090000,569.3,572.4,568.1,571,90144,0
20251226,100000,571,572.5,569.2,570.2,64353,0
20251226,110000,570.5,576.3,570.2,574.4,168276,0
20251226,120000,574.5,574.9,573.1,574.3,63995,0
20251226,130000,574.3,576,574.3,575.7,63420,0
20251226,140000,575.6,580.9,575.5,579.7,155324,0
20251226,150000,579.9,583.5,577.8,582.2,247786,0
20251226,160000,582.2,583.2,581,582.4,118493,0
20251226,170000,582.5,584.1,582.4,583.3,89241,0
20251226,180000,583.3,584,580.7,581,57462,0
20251226,190000,581,583.4,580.4,580.6,55920,0
20251226,200000,580.6,581.5,579.9,581.2,32319,0
20251226,210000,581.4,581.8,580.9,581.7,13698,0
20251226,220000,581.7,583,581.2,583,31580,0
20251226,230000,583,584.3,582.6,584.3,45625,0
20251227,090000,584.8,584.8,584.8,584.8,316,0
20251227,100000,584.8,585,583.1,583.2,39546,0
20251227,110000,583.2,584.1,581.5,583.3,31081,0
20251227,120000,583.3,584,582.7,582.7,9766,0
20251227,130000,582.7,583.6,582.3,583.4,13838,0
20251227,140000,583.4,584,582.8,583.2,15155,0
20251227,150000,582.9,583.6,582.8,583.4,2034,0
20251227,160000,583.3,583.7,582.8,583.2,5393,0
20251227,170000,583.2,583.4,582.5,583.3,8602,0
20251227,180000,583.3,583.4,581.6,581.9,13323,0
20251228,090000,582.9,582.9,582.9,582.9,23,0
20251228,100000,583.3,583.4,581,581,27945,0
20251228,110000,581.1,581.5,580,581.1,18290,0
20251228,120000,581.1,581.3,580.6,580.9,6344,0
20251228,130000,580.9,581.4,580,580.8,10527,0
20251228,140000,580.8,581.3,580.7,580.9,2680,0
20251228,150000,580.9,582.4,580.8,581.9,7131,0
20251228,160000,581.9,582.7,581.3,582.4,6901,0
20251228,170000,582.4,582.5,581.8,582.5,8220,0
20251228,180000,582.4,582.8,582.2,582.8,10272,0
20251229,070000,583.3,583.9,580.5,583,42979,0
20251229,080000,583.1,583.5,579,581.8,42723,0
20251229,090000,581.9,582.5,579,579.4,73873,0
20251229,100000,579.4,580.4,576.4,578.7,130422,0
20251229,110000,578.8,592,578.4,591.6,378419,0
20251229,120000,591.6,592.7,587.1,589,227743,0
20251229,130000,589.1,591.8,588.3,590.9,158861,0
20251229,140000,590.9,591.2,587.4,587.9,85424,0
20251229,150000,588.1,590.9,587.8,590.1,87079,0
20251229,160000,590,590.1,582.7,584.4,161844,0
20251229,170000,584.5,587,583.6,585.5,79183,0
20251229,180000,585.4,585.4,568.1,572,554259,0
20251229,190000,572.2,576.2,570.3,571.6,255018,0
20251229,200000,571.6,573.7,571,572.3,72781,0
20251229,210000,572.1,574.6,571.1,574.6,95444,0
20251229,220000,574.6,574.6,573.3,573.9,15871,0
20251229,230000,573.9,573.9,572.2,572.3,46732,0
20251230,070000,572.5,575.3,572.4,574.3,32023,0
20251230,080000,574.3,576.4,574,576,28617,0
20251230,090000,575.9,575.9,572.9,573.5,35754,0
20251230,100000,573.6,573.6,570.8,572.5,57118,0
20251230,110000,572.2,577.3,570.5,576,160120,0
20251230,120000,576.1,578.1,573.8,576,339445,0
20251230,130000,576.1,576.8,574.2,574.8,464376,0
20251230,140000,574.8,575.4,573,573.1,104742,0
20251230,150000,573.1,576.4,572.7,576,83121,0
20251230,160000,576,578.6,575.8,577.2,172907,0
20251230,170000,577.2,581.8,577.2,580.4,162835,0
20251230,180000,580.4,581,579.3,581,50940,0
20251230,190000,580.9,581.7,580.5,581.7,54915,0
20251230,200000,581.6,581.7,580.3,580.9,24589,0
20251230,210000,580.7,580.9,580.1,580.6,15435,0
20251230,220000,580.6,580.8,579.7,579.7,36534,0
20251230,230000,579.7,580.7,579.3,580.7,21987,0
20260105,070000,579.4,580,574.1,575.1,78545,0
20260105,080000,575.1,576.5,573,576.5,37277,0
20260105,090000,576.5,576.5,570.6,572.3,121863,0
20260105,100000,572.3,575.9,571.4,575.3,84122,0
20260105,110000,575.2,577.8,574.8,576.4,92866,0
20260105,120000,576.2,577.2,575.1,576.2,55514,0
20260105,130000,576.6,576.6,574.6,574.7,52511,0
20260105,140000,574.8,575.5,573.7,574.3,32470,0
20260105,150000,574.5,575,573.2,574.2,45053,0
20260105,160000,574.3,575.5,574.1,574.6,17788,0
20260105,170000,574.9,576,574.5,575.4,31887,0
20260105,180000,575.6,578.5,575.6,577.3,64962,0
20260105,190000,577,577.4,576.1,576.2,16998,0
20260105,200000,576.2,576.6,575.4,576.2,13635,0
20260105,210000,576.2,576.9,575.9,576.4,9665,0
20260105,220000,576.4,576.6,575.9,576.2,4346,0
20260105,230000,576.1,577,575.5,576.9,16057,0
20260106,070000,576.9,580.2,576.6,579,33958,0
20260106,080000,579,579.5,578.3,578.5,10121,0
20260106,090000,578.4,580.3,577.5,579.1,41164,0
20260106,100000,579.1,579.1,576.9,578.8,120621,0
20260106,110000,578.7,582.2,577.6,580.9,110437,0
20260106,120000,581,581.8,579.7,579.7,36399,0
20260106,130000,579.8,580.4,579,580.1,19837,0
20260106,140000,580,580.3,578,578.6,35708,0
20260106,150000,578.6,578.6,577,577.5,28553,0
20260106,160000,577.5,578,574.5,574.6,36139,0
20260106,170000,574.7,575.1,573.2,573.3,74169,0
20260106,180000,573.3,574.5,572.7,574.5,64620,0
20260106,190000,574,574.7,573.7,574.6,17509,0
20260106,200000,574.6,574.6,574,574,5714,0
20260106,210000,574,574.1,573,573.3,15232,0
20260106,220000,573.4,573.8,573,573.8,12030,0
20260106,230000,573.8,574.9,573.7,574.7,29003,0
20260108,070000,570.5,573.8,570.5,571.5,43801,0
20260108,080000,571.5,572.6,571.2,572.1,7757,0
20260108,090000,572,572.1,569.6,571,49213,0
20260108,100000,571,574.4,570.4,574.2,76084,0
20260108,110000,574,574.8,573.3,574.2,29426,0
20260108,120000,574.2,575.6,574.1,574.7,28168,0
20260108,130000,574.7,575.8,573.1,575.1,63001,0
20260108,140000,575.1,575.2,573.2,573.2,15192,0
20260108,150000,573.1,573.4,569.1,571.3,99719,0
20260108,160000,571.3,571.3,569.6,569.6,31809,0
20260108,170000,569.6,569.7,569,569.5,37945,0
20260108,180000,569.6,571.9,569.5,571.5,28978,0
20260108,190000,571.5,571.5,570.2,570.8,9887,0
20260108,200000,570.9,571,570.7,571,2720,0
20260108,210000,571,572.5,570.9,572.5,24918,0
20260108,220000,572.5,572.8,570.9,571.3,43287,0
20260108,230000,571,571.3,569,569.8,69168,0
20260109,090000,564.8,564.8,564.8,564.8,5297,0
20260109,100000,564.7,564.7,560.1,562.2,222179,0
20260109,110000,562.2,562.9,562,562.1,54073,0
20260109,120000,562.1,562.5,561.5,562,39339,0
20260109,130000,562.2,562.3,561.8,562,13066,0
20260109,140000,562.1,562.5,561.4,562.4,44337,0
20260109,150000,562.4,562.4,562.3,562.3,57533,0
20260109,160000,562.3,562.5,562.3,562.4,32026,0
20260109,170000,562.4,562.4,561.8,562.1,22983,0
20260109,180000,562.2,562.5,561.9,562,17693,0
20260109,190000,562,563.8,561.8,563,40448,0
20260109,200000,562.9,563.7,562.6,563.1,21075,0
20260109,210000,563.1,563.2,562,562.3,25236,0
20260109,220000,562.3,562.3,561.8,562,6773,0
20260109,230000,561.9,562.5,561.5,562.4,24608,0
20260112,070000,562.4,564,561.7,563.1,25314,0
20260112,080000,563.1,563.3,562.4,562.7,6327,0
20260112,090000,562.6,563.8,562.3,562.7,38091,0
20260112,100000,562.7,564.9,560.2,561.4,186975,0
20260112,110000,561.3,561.5,558.2,559.6,116833,0
20260112,120000,559.5,561.1,559,559.3,100660,0
20260112,130000,559.4,559.6,556.6,558,86149,0
20260112,140000,558,558.8,557.5,557.9,51068,0
20260112,150000,557.8,558.9,556.8,558.4,66780,0
20260112,160000,558.6,559.2,557.2,558.7,36756,0
20260112,170000,558.6,559.5,557.3,558,64534,0
20260112,180000,558,560.4,557.4,559.7,72327,0
20260112,190000,559.1,559.1,557.5,558.5,22867,0
20260112,200000,558.8,558.9,558,558.5,8873,0
20260112,210000,558.5,558.6,558.2,558.5,4760,0
20260112,220000,558.5,558.6,558,558.1,10357,0
20260112,230000,558.1,558.1,557.7,558,6917,0
20260113,070000,558.2,559.3,557.5,559.1,15514,0
20260113,080000,559.1,559.3,558.2,558.5,3368,0
20260113,090000,558.4,558.4,553.1,554.8,100160,0
20260113,100000,554.5,555.9,554.1,554.4,38646,0
20260113,110000,554.3,555.6,553.1,553.9,85857,0
20260113,120000,553.9,555.8,551.7,552.8,209210,0
20260113,130000,552.8,553.2,551.1,551.1,125714,0
20260113,140000,551,551.7,549.3,550.7,184497,0
20260113,150000,550.7,551.1,549.5,550.2,134176,0
20260113,160000,550.2,551.4,549.1,549.5,173828,0
20260113,170000,549.6,549.8,545.6,546.2,214320,0
20260113,180000,546.4,547.3,543.2,547.3,155488,0
20260113,190000,546.3,548.2,545.5,547.7,78152,0
20260113,200000,547.5,547.8,546,546,19217,0
20260113,210000,546.1,546.4,544.5,546.4,39590,0
20260113,220000,546.4,546.9,546.2,546.9,22762,0
20260113,230000,547,547.8,546.7,546.8,45682,0
20260114,070000,551.8,553,547,547.7,46942,0
20260114,080000,547.9,547.9,544.7,544.9,46078,0
20260114,090000,544.9,545.6,543.5,544.4,47685,0
20260114,100000,544.2,544.2,540.5,542,246940,0
20260114,110000,542,553,541.9,549,290828,0
20260114,120000,549,553.7,549,552.9,171845,0
20260114,130000,552.9,556.9,552.3,552.7,214540,0
20260114,140000,552.7,555.8,552.6,555.4,59942,0
20260114,150000,555.4,558.9,555,558.5,117723,0
20260114,160000,558.5,559.4,555.1,559.1,145989,0
20260114,170000,559.1,562.7,558.9,559.9,273582,0
20260114,180000,559.9,560.2,558.6,559.4,138974,0
20260114,190000,559.9,559.9,556.1,556.4,96536,0
20260114,200000,556.5,556.8,556.2,556.8,32068,0
20260114,210000,556.8,556.8,556.6,556.8,17986,0
20260114,220000,556.7,561.1,556.7,560.9,119469,0
20260114,230000,560.9,562.1,557,557.1,142670,0
20260115,070000,556.9,559.1,555.8,557.3,44772,0
20260115,080000,557.2,558.3,555.9,557.9,17094,0
20260115,090000,557.9,558.8,556.5,558.7,26547,0
20260115,100000,558.8,562.3,558.2,561.1,202395,0
20260115,110000,561,562.7,560.5,562.1,159935,0
20260115,120000,562.1,562.4,560.6,560.6,124928,0
20260115,130000,560.6,565.4,560.6,564.2,244705,0
20260115,140000,564.2,565.5,563.7,565,109607,0
20260115,150000,564.9,565.5,562.3,562.7,102637,0
20260115,160000,562.8,563.4,560.5,561,135785,0
20260115,170000,561.1,563.5,558.5,559.4,195572,0
20260115,180000,559.4,563.3,558.2,561,102627,0
20260115,190000,560.6,563.7,560.3,561.8,48045,0
20260115,200000,561.7,563.4,561.7,563,30738,0
20260115,210000,563,563.2,562.4,563,8393,0
20260115,220000,562.9,565.5,562.9,563.8,55934,0
20260115,230000,563.9,564.1,562.9,564,14786,0
20260116,070000,565.1,566.2,562.6,563.4,32596,0
20260116,080000,563.1,563.6,562.8,563,8267,0
20260116,090000,563,564.4,562,562.7,81185,0
20260116,100000,562.7,565,562.3,564.4,109681,0
20260116,110000,564.4,565.6,562.4,563.7,110826,0
20260116,120000,563.6,564.3,563,564,66384,0
20260116,130000,564.1,565.1,557.6,559.5,649225,0
20260116,140000,559.5,560,558.4,559.5,104079,0
20260116,150000,559.5,559.6,557.9,558.5,73466,0
20260116,160000,558.5,562.2,558.1,560.9,241643,0
20260116,170000,560.9,561.9,559.4,560.4,169462,0
20260116,180000,560.5,561.3,560,560.5,59672,0
20260116,190000,560.5,561.6,560.2,561,27236,0
20260116,200000,561,562.2,560.8,561.5,39214,0
20260116,210000,561.6,563.3,561.5,563.3,62951,0
20260116,220000,563.3,564.5,562.1,563.1,64668,0
20260116,230000,563.1,563.1,560.4,560.7,52255,0
20260117,090000,560.1,560.1,560.1,560.1,213,0
20260117,100000,560.7,562.8,560.2,561.6,7322,0
20260117,110000,561.3,561.7,561.3,561.7,2910,0
20260117,120000,561.7,562.4,561.5,562.1,6021,0
20260117,130000,562.1,562.2,561.5,562.1,4449,0
20260117,140000,562.2,562.5,561.7,561.7,2485,0
20260117,150000,561.9,562,561.7,562,2043,0
20260117,160000,561.8,562.1,561.3,561.5,2403,0
20260117,170000,561.5,561.6,561.2,561.2,4476,0
20260117,180000,561.4,561.9,561,561.5,4524,0
20260118,090000,561.5,561.5,561.5,561.5,36,0
20260118,100000,561.5,561.9,560.8,561.5,5759,0
20260118,110000,561.4,561.7,561.2,561.7,2537,0
20260118,120000,561.7,561.8,561.1,561.4,1524,0
20260118,130000,561.4,561.7,561.1,561.7,2056,0
20260118,140000,561.6,561.7,561.3,561.5,1460,0
20260118,150000,561.3,561.9,561.3,561.9,2566,0
20260118,160000,561.9,562.1,561.5,561.6,3710,0
20260118,170000,561.6,562.3,561.6,562.3,4046,0
20260118,180000,562.2,562.3,561.2,562.2,5569,0
20260119,070000,563,563,561.3,561.8,10265,0
20260119,080000,561.8,562.4,561.7,562.2,3994,0
20260119,090000,562.2,562.3,558,558.4,84812,0
20260119,100000,558.4,559.4,555.9,557.8,105582,0
20260119,110000,557.7,561.8,557.6,561.1,83534,0
20260119,120000,561,562,560.1,561.1,63286,0
20260119,130000,561.2,561.2,559.4,560,31542,0
20260119,140000,560,560.5,556.5,556.7,167784,0
20260119,150000,556.7,556.7,555,555.7,138119,0
20260119,160000,555.8,557.5,555,556.8,94158,0
20260119,170000,556.9,559,556.5,557.8,52102,0
20260119,180000,557.7,558.4,556.7,557.5,51794,0
20260119,190000,557.4,557.4,556.6,557.3,20867,0
20260119,200000,557.3,557.3,556.7,557.3,6841,0
20260119,210000,557.2,557.7,557,557.1,4694,0
20260119,220000,557.2,557.2,556.1,556.6,16739,0
20260119,230000,556.6,556.6,555,555.5,59634,0
20260120,070000,555.4,556,554.4,555.6,26075,0
20260120,080000,555.5,556.8,555.2,556.8,12309,0
20260120,090000,556.6,556.6,553.7,554.3,67513,0
20260120,100000,554.2,554.2,552.5,553.1,153199,0
20260120,110000,553.2,553.4,551.5,552.4,114752,0
20260120,120000,552.4,552.7,550.5,551.3,140922,0
20260120,130000,551.3,552,550,550.7,76176,0
20260120,140000,550.6,551.2,550,550.8,51029,0
20260120,150000,550.8,551.7,549.2,550.3,120097,0
20260120,160000,550.3,553.4,550.1,550.2,141341,0
20260120,170000,550.3,553.7,549.7,552.7,122425,0
20260120,180000,552.8,554.6,552.8,553.1,51173,0
20260120,190000,553.7,554.1,552.9,553.2,15406,0
20260120,200000,553.3,554,553.2,553.5,7100,0
20260120,210000,553.5,554.9,553.4,554.4,32623,0
20260120,220000,554.5,555,553.9,554.3,27458,0
20260120,230000,554.3,554.6,553.1,553.4,19606,0
20260121,070000,553.5,555.3,553.5,554,9875,0
20260121,080000,554.3,554.3,553.4,553.7,4469,0
20260121,090000,553.5,553.6,552,552.5,22823,0
20260121,100000,552.4,552.8,550.1,550.3,104474,0
20260121,110000,550.4,552.3,549.5,552.2,64636,0
20260121,120000,552.1,554.8,551.3,553.9,83863,0
20260121,130000,553.8,560,553.8,559,261129,0
20260121,140000,559,561.8,559,559.9,147854,0
20260121,150000,559.8,560.9,558.9,560.6,45848,0
20260121,160000,560.6,561.4,559.4,560.4,58005,0
20260121,170000,560.7,564,560.6,563.1,123260,0
20260121,180000,563,563.8,561.8,563.8,85572,0
20260121,190000,563.7,563.7,562.1,562.3,40604,0
20260121,200000,562.5,562.6,561.8,562.6,16022,0
20260121,210000,562.7,563.5,562.6,563.2,18645,0
20260121,220000,563,565.9,562.8,565.6,120456,0
20260121,230000,565.7,566.7,565.5,565.6,51840,0
20260122,070000,565.1,568,564.2,566,30586,0
20260122,080000,565.9,566.3,565.6,565.6,11604,0
20260122,090000,565.6,565.7,563.2,565.6,76845,0
20260122,100000,565.6,566.4,564.8,565.7,89639,0
20260122,110000,565.7,570.5,565.7,567.9,191413,0
20260122,120000,567.9,569.9,565.5,566.5,129590,0
20260122,130000,566.4,567.5,565.6,565.6,38376,0
20260122,140000,565.6,569.1,563,563.1,198290,0
20260122,150000,563,563.1,561,562.5,225056,0
20260122,160000,562.6,564.5,559.9,562.5,161932,0
20260122,170000,562.5,565,558.1,564.5,305936,0
20260122,180000,564.5,565.5,562.6,563.7,66165,0
20260122,190000,563.1,566,562.8,563.8,42662,0
20260122,200000,563.8,563.8,561.2,563,32329,0
20260122,210000,563,566.8,562.7,565.3,48855,0
20260122,220000,565.3,565.3,561,563.2,51247,0
20260122,230000,563.2,564,562.5,563.8,40092,0
20260123,070000,563.9,564.5,562.5,562.6,16903,0
20260123,080000,562.6,563.5,562.5,563.5,6488,0
20260123,090000,563.4,563.4,558.7,560.5,86661,0
20260123,100000,560.5,561.6,558.9,560.3,88514,0
20260123,110000,560.2,563.7,559.9,561.7,72299,0
20260123,120000,561.7,562,560.1,561,29529,0
20260123,130000,561.1,562.7,560.3,562.6,31412,0
20260123,140000,562.5,563.5,561.9,563.1,33973,0
20260123,150000,563.1,566,562.5,565.5,97683,0
20260123,160000,565.5,565.7,562.7,562.9,44675,0
20260123,170000,563,565.9,562.9,565.1,46032,0
20260123,180000,565.1,566.4,564.8,566.3,42814,0
20260123,190000,566.2,566.3,565,565.2,13287,0
20260123,200000,565.2,570,565,568.2,187994,0
20260123,210000,568.2,569.6,567.1,568.1,52915,0
20260123,220000,567.7,568.9,566.8,568.1,34462,0
20260123,230000,568.1,568.2,567.4,567.4,26319,0
20260124,090000,567.4,567.4,567.4,567.4,275,0
20260124,100000,568,569.3,567.1,567.2,16807,0
20260124,110000,567.4,567.7,567.1,567.6,3098,0
20260124,120000,567.6,568.6,566.3,567.9,34132,0
20260124,130000,567.6,568,564,565.3,38028,0
20260124,140000,565.3,565.5,563,563.8,26532,0
20260124,150000,563.8,564.5,560.4,563.6,68548,0
20260124,160000,563.6,564.8,562.8,563.3,14692,0
20260124,170000,563.3,564.8,563.1,563.8,11327,0
20260124,180000,563.8,565.1,563.2,565,14534,0
20260125,090000,565.9,565.9,565.9,565.9,119,0
20260125,100000,565.9,566.2,563.7,565.2,13259,0
20260125,110000,565.1,565.6,565,565.4,3357,0
20260125,120000,565.5,569,565.4,568.1,52945,0
20260125,130000,568.1,568.5,567.2,567.9,15746,0
20260125,140000,567.9,568.5,567.8,568.4,8944,0
20260125,150000,568.4,568.5,567.5,567.8,4086,0
20260125,160000,567.8,568.4,567.8,568.3,3193,0
20260125,170000,568.3,568.3,567.5,567.5,7551,0
20260125,180000,567.8,567.8,566.2,567,12636,0
20260126,070000,566.5,567.5,565.7,566,13539,0
20260126,080000,565.7,566.3,564.6,565.1,24409,0
20260126,090000,565.1,565.1,560,560.2,160189,0
20260126,100000,560.1,562.9,559.4,561.9,124458,0
20260126,110000,561.7,562.1,559.5,559.7,86126,0
20260126,120000,559.8,561.2,558.9,559.7,97889,0
20260126,130000,559.7,563.9,559.5,563.4,84047,0
20260126,140000,563.3,563.7,561,561.4,75328,0
20260126,150000,561.5,562.9,561.3,562.6,47918,0
20260126,160000,562.6,565.7,562.3,564.2,105486,0
20260126,170000,564.1,565.8,563.2,565.8,65364,0
20260126,180000,565.8,565.9,562.1,565.3,84665,0
20260126,190000,564.6,565.5,563.8,565.4,40112,0
20260126,200000,565.5,566.2,564.7,564.7,71574,0
20260126,210000,564.8,565,563.6,563.8,20826,0
20260126,220000,563.7,564.6,563.6,563.8,17641,0
20260126,230000,563.8,564.2,562,562.8,33684,0
20260127,070000,564.7,564.8,562.9,563.4,11524,0
20260127,080000,563.4,564.2,560.1,561.2,65562,0
20260127,090000,561.2,562.4,560.6,562.3,18862,0
20260127,100000,562.1,563,561,561.5,65802,0
20260127,110000,561.4,564.1,559.1,563.4,169576,0
20260127,120000,563.3,565.9,563.2,565.2,60868,0
20260127,130000,565.2,565.9,564,565.2,87969,0
20260127,140000,565.2,569.7,565.1,568.2,218796,0
20260127,150000,568.2,568.9,567.2,567.2,39131,0
20260127,160000,567.3,569.2,566.4,568.8,55262,0
20260127,170000,568.8,572.3,568.7,571.9,296980,0
20260127,180000,571.9,572.1,570.3,571.6,82917,0
20260127,190000,571.1,571.6,571,571.2,43305,0
20260127,200000,571.3,572.7,571.1,572.7,47749,0
20260127,210000,572.7,572.9,572.2,572.9,27217,0
20260127,220000,572.9,573,572.6,572.8,13904,0
20260127,230000,572.8,573,571.9,572.5,28257,0
20260128,070000,572.4,574.2,572.1,573.1,18595,0
20260128,080000,573.1,573.6,572.5,573.6,15094,0
20260128,090000,573.5,573.7,571.4,573.6,73755,0
20260128,100000,573.6,574.1,572.2,572.7,108553,0
20260128,110000,572.7,575.6,571.1,574.2,260587,0
20260128,120000,574.2,575.7,572.7,575.2,175128,0
20260128,130000,575.3,577,575.1,575.2,129419,0
20260128,140000,575.2,576.4,573.6,576,140992,0
20260128,150000,576.1,576.9,574.9,575,142683,0
20260128,160000,575,576.9,575,576.3,215953,0
20260128,170000,576.3,579.3,576.3,578.7,311920,0
20260128,180000,578.8,579.4,576.4,578.7,143132,0
20260128,190000,577.9,578.2,573.6,574.4,83937,0
20260128,200000,574.4,575,574.4,574.6,9717,0
20260128,210000,574.6,575,574.4,574.5,31807,0
20260128,220000,574.4,575.2,574.4,574.7,16074,0
20260128,230000,574.8,575,573.2,573.4,60676,0
20260129,070000,574.9,577.2,573.6,577.1,29999,0
20260129,080000,577.2,578.4,576.7,577.4,35152,0
20260129,090000,577.4,577.7,574,577.2,133377,0
20260129,100000,577.1,586.7,577.1,585.8,459572,0
20260129,110000,585.8,587.5,584.1,584.6,199104,0
20260129,120000,584.6,587.1,584.1,586.9,259371,0
20260129,130000,586.8,589.1,584.8,585.4,293509,0
20260129,140000,585.5,586.4,581.6,583.4,310014,0
20260129,150000,583.5,584.6,580.2,580.8,307836,0
20260129,160000,580.8,583.5,578.6,583.3,363411,0
20260129,170000,583.3,584.7,580.4,581.5,282793,0
20260129,180000,581.4,582.4,570.6,573.5,623006,0
20260129,190000,573.4,577.7,572.6,576.6,118841,0
20260129,200000,576.6,580.2,573,575,145540,0
20260129,210000,575.1,577.6,575,576.7,66812,0
20260129,220000,576.7,578.7,576.1,578.7,26363,0
20260129,230000,578.5,579.5,575.9,578.5,70670,0
20260130,070000,579,579.8,574.2,575,51557,0
20260130,080000,575,577.1,575,576.4,18719,0
20260130,090000,576.4,580.6,576.1,579.3,62697,0
20260130,100000,579.3,581.7,576.6,581.6,161770,0
20260130,110000,581.3,581.8,571.1,571.2,223437,0
20260130,120000,571.1,574,569.7,571.3,261079,0
20260130,130000,571.3,579.6,570.5,577.8,172070,0
20260130,140000,577.8,578.5,576.3,578.1,77453,0
20260130,150000,578.2,581.9,577,577.2,143377,0
20260130,160000,577.4,578.4,577.1,577.8,30568,0
20260130,170000,577.7,580.8,575.8,579.1,103671,0
20260130,180000,579.2,579.5,575.7,577.1,32025,0
20260130,190000,577.3,577.4,575.2,575.2,9655,0
20260130,200000,575.3,576,574,574.3,21302,0
20260130,210000,574.1,577.2,571.1,572.3,87682,0
20260130,220000,572.3,573.9,570,573.8,47454,0
20260130,230000,573.8,574.5,572.4,574.1,15853,0
20260131,090000,575.5,575.5,575.5,575.5,115,0
20260131,100000,575.4,578.8,573.8,577.1,18375,0
20260131,110000,577.3,577.9,576.8,577.3,8880,0
20260131,120000,577.1,577.4,576.5,576.8,3635,0
20260131,130000,577.1,577.3,576.7,577.3,1326,0
20260131,140000,577,577.3,576.6,576.6,1588,0
20260131,150000,576.9,577.2,576.5,577.1,3217,0
20260131,160000,577.1,577.2,577,577.2,2100,0
20260131,170000,577.2,577.2,576.6,577.2,2663,0
20260131,180000,577.2,578,576.5,577.8,12762,0
20260201,090000,578.5,578.5,578.5,578.5,146,0
20260201,100000,578.5,579.8,577.1,577.4,3830,0
20260201,110000,577.4,577.7,577,577.4,3921,0
20260201,120000,577.1,577.4,576.7,577,1732,0
20260201,130000,577,579.3,576.5,578.7,27044,0
20260201,140000,578.9,580.2,578.5,579.9,18371,0
20260201,150000,579.7,580,576.3,576.8,13713,0
20260201,160000,576.7,578.3,576,578.1,4490,0
20260201,170000,578.1,578.1,575.5,577.7,13737,0
20260201,180000,577.7,577.8,576.6,577.4,4677,0
20260202,070000,576,577,571.2,571.4,103305,0
20260202,080000,571.6,573.1,568.4,570.6,64854,0
20260202,090000,570.6,571.7,565.1,566.8,132029,0
20260202,100000,566.9,569,563.3,566.9,223731,0
20260202,110000,567,567,563.7,565.2,95974,0
20260202,120000,565,575,564.5,573.9,162464,0
20260202,130000,573.9,574.1,570.1,570.4,60937,0
20260202,140000,570.5,572.3,569,570.3,88904,0
20260202,150000,570.4,570.5,565.5,567,156259,0
20260202,160000,567.1,567.1,564.5,565.5,89403,0
20260202,170000,565.4,566,563.6,564.1,106249,0
20260202,180000,564.1,567.1,563.8,566,47853,0
20260202,190000,566,568.2,565.4,567,28593,0
20260202,200000,567.1,568,566.7,566.8,21274,0
20260202,210000,566.8,567,566.1,566.6,21928,0
20260202,220000,566.6,571.2,566.6,570.8,47273,0
20260202,230000,570.8,570.9,569,569.8,20053,0
20260203,070000,569,571.1,567.5,569.3,18422,0
20260203,080000,569.3,569.8,567.1,568,25786,0
20260203,090000,568,569.2,565.2,567.9,68190,0
20260203,100000,568.1,569.2,566,567,70784,0
20260203,110000,567.1,567.3,565.1,565.3,118576,0
20260203,120000,565.3,565.4,562.3,564.1,162261,0
20260203,130000,564.3,567.3,564.2,566.3,77749,0
20260203,140000,566.3,567.5,565.1,567.4,70873,0
20260203,150000,567.3,568.9,566.2,567.4,45553,0
20260203,160000,567.4,569.2,565.9,569.1,79828,0
20260203,170000,569.1,569.3,568.4,569,62190,0
20260203,180000,569,569.3,565.5,567.1,60846,0
20260203,190000,567,567.7,566.1,566.7,13464,0
20260203,200000,566.7,568,566.1,566.8,20248,0
20260203,210000,566.8,568.2,565,567.8,40497,0
20260203,220000,567.8,568,567.1,567.5,10305,0
20260203,230000,567.5,567.7,565.9,567.6,14025,0
20260204,070000,567.6,569.2,564.9,568.7,18515,0
20260204,080000,568.8,569.7,567.5,568.3,10996,0
20260204,090000,568.3,572,565.7,571.5,59566,0
20260204,100000,571.3,576.5,569.5,575.7,191372,0
20260204,110000,575.7,576.5,572.9,573.6,86451,0
20260204,120000,573.6,574.5,571.2,574.1,119359,0
20260204,130000,574.2,574.6,572.7,573,60371,0
20260204,140000,572.8,572.9,566.9,568.2,180847,0
20260204,150000,568.2,570.4,568,568,104940,0
20260204,160000,568,568.2,563,564.2,266200,0
20260204,170000,564.1,566,561.6,565.2,179336,0
20260204,180000,565,565.1,562,563.9,90865,0
20260204,190000,564,564.3,562.7,564,32503,0
20260204,200000,564,565.8,562.8,564.6,53443,0
20260204,210000,564.6,567.3,563.8,566,124565,0
20260204,220000,566,568,565.6,567.3,36065,0
20260204,230000,567.2,567.6,566.7,566.7,17501,0
20260205,070000,566,567.5,564.3,565.8,26670,0
20260205,080000,565.7,565.8,563.5,564.1,33921,0
20260205,090000,564.3,568.8,564.3,566.6,85824,0
20260205,100000,566.8,568.9,565.3,567.4,161033,0
20260205,110000,567.3,568.6,566.2,568.3,106786,0
20260205,120000,568.5,568.6,564.6,566,105897,0
20260205,130000,565.7,566,563.5,564.6,106824,0
20260205,140000,564.8,565,562.3,562.7,107839,0
20260205,150000,562.6,563,556.2,557.6,307856,0
20260205,160000,557.8,559,555.4,558.8,279718,0
20260205,170000,558.8,561.4,557.2,561,363808,0
20260205,180000,560.8,561.4,558.4,561,177342,0
20260205,190000,560.4,561.6,559.5,560.9,78460,0
20260205,200000,561,562.3,560.8,562.1,9466,0
20260205,210000,562.1,562.7,560.2,560.4,25247,0
20260205,220000,560.4,561.7,560.4,561.5,12622,0
20260205,230000,561.5,562.6,561.4,561.4,14103,0
20260206,070000,561.3,563.5,560.3,562.6,24235,0
20260206,080000,563,564,562.1,563.5,9119,0
20260206,090000,563,563,561.3,562.1,14701,0
20260206,100000,562,562.2,557.1,558,130366,0
20260206,110000,558,560.1,557.4,559.2,62019,0
20260206,120000,559.4,560.5,558.5,559,39127,0
20260206,130000,559,563.1,558.5,560.7,71140,0
20260206,140000,560.7,561.6,559.8,560.4,51930,0
20260206,150000,560.5,561.1,555.6,556.5,130198,0
20260206,160000,556.5,559,555.8,556.5,73881,0
20260206,170000,556.6,558.4,555.8,556.6,83487,0
20260206,180000,556.7,558.5,556.1,558.5,35371,0
20260206,190000,558.2,558.6,557,557.7,7352,0
20260206,200000,557.8,558,556.7,557.4,14494,0
20260206,210000,557.5,557.9,557,557.4,5470,0
20260206,220000,557.4,558.9,557.3,558.5,17592,0
20260206,230000,558.5,558.8,556.5,557.5,25745,0
20260207,090000,557.5,557.5,557.5,557.5,58,0
20260207,100000,557.5,558.9,556.4,558.5,5422,0
20260207,110000,558.5,558.5,557.4,557.6,2492,0
20260207,120000,557.6,558.1,557,557.5,2212,0
20260207,130000,557.5,557.9,557.1,557.7,3043,0
20260207,140000,557.7,558,557.4,557.5,1457,0
20260207,150000,557.5,557.9,557.4,557.9,774,0
20260207,160000,558,558.4,557.5,557.8,5932,0
20260207,170000,557.9,558.7,557.9,558.7,2754,0
20260207,180000,558.7,558.7,557.5,558.5,1948,0
20260208,090000,557.6,557.6,557.6,557.6,394,0
20260208,100000,558.5,558.6,557.6,558.4,3405,0
20260208,110000,558.4,558.5,556.7,557.5,12352,0
20260208,120000,557.2,557.7,556.7,557.2,6674,0
20260208,130000,557.2,557.9,556.8,557.1,3884,0
20260208,140000,557.5,557.7,556.4,556.7,8753,0
20260208,150000,556.7,557.4,556.4,556.7,5921,0
20260208,160000,556.7,556.9,556,556,6194,0
20260208,170000,556,557.1,556,556.5,4196,0
20260208,180000,556.4,556.9,556.1,556.4,2091,0
20260209,070000,556.4,556.9,553.1,554,33902,0
20260209,080000,554,555.7,554,554.5,9536,0
20260209,090000,554.3,554.3,553,553.3,24745,0
20260209,100000,553.2,553.6,550.6,551.1,131351,0
20260209,110000,551.1,552.2,550.5,552,79400,0
20260209,120000,552,552.4,550.5,550.9,39601,0
20260209,130000,550.9,553,550,551.1,119522,0
20260209,140000,551.3,552.1,548.2,548.3,161957,0
20260209,150000,548.3,550.2,547,549.7,116757,0
20260209,160000,550,550.6,549.1,549.3,43105,0
20260209,170000,549.4,550.6,548.1,548.3,84619,0
20260209,180000,548.3,548.9,547,548.9,69172,0
20260209,190000,548.2,549.9,548.1,549.7,25432,0
20260209,200000,549.7,550,548.8,548.8,7495,0
20260209,210000,548.8,549.4,548.5,549.2,12280,0
20260209,220000,549,549.4,548.6,548.7,9729,0
20260209,230000,548.7,549.3,548.5,549,10552,0
20260210,070000,549.4,551.1,546.6,551,45560,0
20260210,080000,551,551.7,550.4,551.4,18860,0
20260210,090000,551,551.1,548.1,549.8,29366,0
20260210,100000,549.8,552.7,547.6,549.4,127690,0
20260210,110000,549.4,550.2,548.4,549.3,77815,0
20260210,120000,549.3,550.5,547.7,548.8,94573,0
20260210,130000,548.8,549.5,547.1,548.3,57093,0
20260210,140000,548.5,549.3,545.5,547.4,100267,0
20260210,150000,547.4,548.9,545.1,545.7,107507,0
20260210,160000,545.6,546.8,545,546.4,132748,0
20260210,170000,546.4,546.7,542.1,543.1,192614,0
20260210,180000,543.1,544.7,542.9,543.2,50520,0
20260210,190000,543.4,543.9,542.5,543.4,25180,0
20260210,200000,543.4,543.4,541,542.4,72407,0
20260210,210000,542.4,543.2,542.4,543.1,16541,0
20260210,220000,543,543.1,541.6,541.8,10485,0
20260210,230000,541.8,542.6,541.7,542.2,30019,0
20260211,070000,542.2,544.9,542.1,544.6,34109,0
20260211,080000,544.7,547,544.7,545.4,25581,0
20260211,090000,545.4,545.8,542.7,544.7,48007,0
20260211,100000,544.6,547.5,542.6,545.4,100239,0
20260211,110000,545.5,546.4,542.8,543,112233,0
20260211,120000,543.1,549,541,548.7,295976,0
20260211,130000,548.8,549,542.5,542.7,155756,0
20260211,140000,542.9,545,542.2,543.3,235508,0
20260211,150000,543.3,549.9,543.3,547,607943,0
20260211,160000,547,548.8,545.3,547,132738,0
20260211,170000,547,550.3,545.2,550.1,158994,0
20260211,180000,550.1,551.2,548.4,549.4,78183,0
20260211,190000,549,551,547,550.8,83037,0
20260211,200000,550.8,550.8,547.1,547.2,83651,0
20260211,210000,547.2,548.2,544.5,545.2,114047,0
20260211,220000,545.2,546.2,544.4,545.8,32368,0
20260211,230000,545.8,545.8,542.1,543.7,94255,0
20260212,070000,544.7,546,543.7,545.9,35213,0
20260212,080000,545.8,547.3,545.6,546.6,14934,0
20260212,090000,546.5,547.1,544.6,545.4,58613,0
20260212,100000,545.1,545.4,543.1,543.3,46060,0
20260212,110000,543.3,546.2,542.6,545.5,68496,0
20260212,120000,545.5,552.9,544.6,552.3,222042,0
20260212,130000,552.3,555,550.7,552.1,333791,0
20260212,140000,552.2,553.1,549.3,549.8,167319,0
20260212,150000,549.8,550.3,548.5,549.1,158979,0
20260212,160000,549.2,549.3,546.4,547,61522,0
20260212,170000,547.1,548.8,546.4,548.6,70833,0
20260212,180000,548.7,549.9,548,548.3,57689,0
20260212,190000,548.7,549.1,545.6,546.3,60883,0
20260212,200000,546.2,547.4,546.1,546.8,8734,0
20260212,210000,546.6,547.7,546.3,547.4,20476,0
20260212,220000,547.4,551.4,547.2,547.6,82780,0
20260212,230000,547.5,548.4,547.2,548.1,23845,0
20260213,070000,549.3,549.3,547.6,548.5,16180,0
20260213,080000,548.5,548.8,548.1,548.4,9426,0
20260213,090000,548.1,548.8,547,548.2,28013,0
20260213,100000,548.2,552.1,547,550.8,72120,0
20260213,110000,550.7,552.9,546.5,546.7,91993,0
20260213,120000,546.7,549.1,544.7,547.1,115335,0
20260213,130000,547,553,543.7,550.4,428120,0
20260213,140000,550.3,551.7,548.4,548.7,141669,0
20260213,150000,548.9,550,547.2,548.7,97393,0
20260213,160000,548.8,549,545.2,545.8,165433,0
20260213,170000,545.8,549,545.7,548.5,120105,0
20260213,180000,548.5,549.4,547.7,549.1,53494,0
20260213,190000,549,549.4,547.5,547.9,45964,0
20260213,200000,547.9,549.4,546.9,546.9,79875,0
20260213,210000,547.3,548.9,547,548.9,36004,0
20260213,220000,548.9,548.9,547.9,548,12558,0
20260213,230000,548.2,548.2,546.1,546.9,22968,0
20260216,070000,548.8,552.8,547.5,552.8,102744,0
20260216,080000,552.7,553,550.6,550.6,36415,0
20260216,090000,550.6,550.6,547.2,547.8,65305,0
20260216,100000,547.7,549.3,546.5,548.1,97175,0
20260216,110000,548.2,549.4,548,549.1,46601,0
20260216,120000,549.1,549.8,548.4,548.5,42732,0
20260216,130000,548.6,548.7,546.1,546.7,75622,0
20260216,140000,546.7,547.5,546,546.6,39819,0
20260216,150000,546.6,547.6,546.3,546.8,42144,0
20260216,160000,546.9,550.2,546.8,549.5,106477,0
20260216,170000,549.5,549.8,547.4,547.6,64319,0
20260216,180000,547.7,548.2,547.1,548,27964,0
20260216,190000,548,548.7,547,547.6,13738,0
20260216,200000,547.6,547.6,546.5,547,37606,0
20260216,210000,547,547.2,546.7,547.2,5807,0
20260216,220000,547.2,547.4,546.8,547,9203,0
20260216,230000,547,547,546.5,546.8,27828,0
20260217,070000,548.1,548.6,546.9,547.7,10183,0
20260217,080000,547.7,547.8,546.9,547.4,3271,0
20260217,090000,547.2,548.2,546.9,547.6,14134,0
20260217,100000,547.7,549.4,547.3,548.7,45536,0
20260217,110000,548.7,550.9,548.7,550.5,116789,0
20260217,120000,550.5,551.3,548.3,550.3,237541,0
20260217,130000,550.4,551.4,549.8,550.5,49546,0
20260217,140000,550.5,551.1,549.7,550,31341,0
20260217,150000,550,551.1,548.5,550,64578,0
20260217,160000,550,551,548.4,550.1,71018,0
20260217,170000,550,550.7,544.4,544.7,229754,0
20260217,180000,544.8,545.9,544,544.4,86669,0
20260217,190000,544.3,546.4,544.1,545.7,53018,0
20260217,200000,545.7,547,545.3,546.2,41519,0
20260217,210000,546.1,546.7,544.6,545.6,25167,0
20260217,220000,545.6,546.1,545.1,546.1,19634,0
20260217,230000,546.1,546.1,545.2,545.2,28451,0
20260218,070000,545.2,546.3,544.7,546.3,8920,0
20260218,080000,546.3,546.3,544.8,545.7,6134,0
20260218,090000,545.6,545.7,544.4,544.9,18826,0
20260218,100000,544.9,546.3,544.4,544.5,69563,0
20260218,110000,544.4,545.2,543,544.9,153560,0
20260218,120000,544.9,547.4,542,543.1,257886,0
20260218,130000,543.2,543.3,539.3,542,252881,0
20260218,140000,542,542.7,540.4,541,79934,0
20260218,150000,541.1,545,541,543.2,88923,0
20260218,160000,543.1,545,542.7,545,57606,0
20260218,170000,544.9,546,544,545.7,61574,0
20260218,180000,545.6,547.9,544,545.3,84914,0
20260218,190000,545.3,546.2,544.8,545,18992,0
20260218,200000,545.1,547,545.1,546.2,65776,0
20260218,210000,546.2,547.7,546.1,547.2,76993,0
20260218,220000,547.3,547.5,546.2,546.5,23186,0
20260218,230000,546.6,546.9,545,545.6,62037,0
20260219,070000,547.8,549.2,546.5,549,40948,0
20260219,080000,548.9,550.3,547.1,548.7,64401,0
20260219,090000,548.5,548.5,545.9,546.8,43911,0
20260219,100000,546.8,550.2,546.3,549.3,247937,0
20260219,110000,549,549.9,547.7,548.7,125316,0
20260219,120000,548.7,549.6,547.4,548.3,97808,0
20260219,130000,548.2,548.2,547.2,547.7,64223,0
20260219,140000,547.8,548,546.7,547.3,63652,0
20260219,150000,547.4,547.4,544.5,545.7,98015,0
20260219,160000,545.7,546.8,544.4,545,97350,0
20260219,170000,544.9,546.6,544.5,546.3,54248,0
20260219,180000,546.2,546.3,544.6,545.5,32903,0
20260219,190000,545.5,545.8,543.4,544.7,39938,0
20260219,200000,544.7,545.2,544,544.2,26865,0
20260219,210000,544.2,545,544.2,544.9,5036,0
20260219,220000,544.9,545,544,544.3,8199,0
20260219,230000,544.3,544.9,543.3,543.5,20395,0
20260220,070000,543.8,545.5,543.8,544.6,8191,0
20260220,080000,544.4,545.4,544.4,544.8,5785,0
20260220,090000,545,546.1,543.3,543.8,40917,0
20260220,100000,543.6,545.7,542.8,544.4,70588,0
20260220,110000,544.4,544.5,540.3,541.8,179257,0
20260220,120000,541.8,542.9,540.3,540.7,198122,0
20260220,130000,540.6,541.4,539,540.9,211193,0
20260220,140000,541,542.8,540.9,542.5,52088,0
20260220,150000,542.5,544.3,542,543.5,77191,0
20260220,160000,543.4,543.9,542.1,542.9,32550,0
20260220,170000,542.9,542.9,541,541,65493,0
20260220,180000,541.1,543.3,540.6,542.8,47838,0
20260220,190000,542.8,543.8,542.4,543.5,17204,0
20260220,200000,543.6,543.8,542.7,542.9,19403,0
20260220,210000,543,543.5,542.9,543.1,15715,0
20260220,220000,543.2,543.3,542.5,542.6,25549,0
20260220,230000,542.6,542.9,541.7,542,21520,0
20260221,090000,542.4,542.4,542.4,542.4,20,0
20260221,100000,542.7,543.3,541.8,543.1,5951,0
20260221,110000,543.1,544.1,542.9,543.9,19464,0
20260221,120000,543.9,544.1,543.4,544,1414,0
20260221,130000,544,544,543.3,543.5,1410,0
20260221,140000,543.3,543.4,543,543.1,1836,0
20260221,150000,543.1,543.5,543,543.1,3959,0
20260221,160000,543.4,543.5,543.1,543.4,1975,0
20260221,170000,543.4,543.5,543,543.5,3014,0
20260221,180000,543.2,543.6,543.1,543.2,2833,0
20260222,090000,543.2,543.2,543.2,543.2,171,0
20260222,100000,543,543.9,542.5,543.3,11894,0
20260222,110000,543.3,544.1,542.7,543.3,10140,0
20260222,120000,543.3,544,543.1,543.9,5714,0
20260222,130000,543.9,543.9,543.3,543.5,4121,0
20260222,140000,543.5,543.8,542.7,543.1,6782,0
20260222,150000,543.1,543.5,542.4,543.2,6477,0
20260222,160000,543.3,543.5,543,543,1643,0
20260222,170000,543.4,543.8,543,543.6,3716,0
20260222,180000,543.6,543.7,541.9,543.1,14123,0
20260223,090000,543,543,543,543,456,0
20260223,100000,543.1,543.7,542.2,543.3,14849,0
20260223,110000,543.3,543.4,542.6,543,5428,0
20260223,120000,543,543.5,542.7,543.5,6077,0
20260223,130000,543.5,543.8,543.3,543.6,4828,0
20260223,140000,543.6,543.9,543.5,543.7,3749,0
20260223,150000,543.8,543.8,543.1,543.3,5500,0
20260223,160000,543.2,543.7,543,543.6,8196,0
20260223,170000,543.7,543.8,543.3,543.8,3038,0
20260223,180000,543.6,543.9,543.2,543.5,5362,0
20260224,070000,543.6,544.6,543.1,544,15462,0
20260224,080000,543.9,544.8,542.1,544.4,24656,0
20260224,090000,544.2,544.2,542.1,542.9,34486,0
20260224,100000,542.6,547.6,542.1,546.5,160338,0
20260224,110000,546.4,548.1,546,547.5,149059,0
20260224,120000,547.5,548,545.8,546.4,86675,0
20260224,130000,546.4,546.4,543.7,544.4,79671,0
20260224,140000,544.3,544.5,541.4,541.6,141124,0
20260224,150000,541.6,544.2,541.5,542.8,68255,0
20260224,160000,542.9,544.1,541.4,541.4,73939,0
20260224,170000,541.4,541.5,540.1,541.4,122501,0
20260224,180000,541.4,541.7,540.1,540.3,42894,0
20260224,190000,540.5,541.5,540.1,541,20283,0
20260224,200000,541,541.1,539.5,540.7,85926,0
20260224,210000,540.6,542.1,540.6,541.2,35834,0
20260224,220000,541.2,542.6,541.1,541.8,28797,0
20260224,230000,541.7,542.5,540.2,542.5,27311,0
20260225,070000,542.9,543.1,541.3,542.3,21516,0
20260225,080000,542.3,543,541.5,542.4,9790,0
20260225,090000,542.1,542.1,540,541.2,43263,0
20260225,100000,541.2,542.9,540.7,541,62254,0
20260225,110000,541,542.7,540.5,542.5,90331,0
20260225,120000,542.4,543.2,542,543.1,44685,0
20260225,130000,543.2,543.2,541.8,542.9,43646,0
20260225,140000,542.8,543.2,540.5,541.3,80926,0
20260225,150000,541.3,541.6,539.1,539.7,224024,0
20260225,160000,539.7,542,539.5,541.9,170922,0
20260225,170000,541.9,542.1,540,541.8,102437,0
20260225,180000,541.7,544.4,541.6,542.3,134551,0
20260225,190000,542.5,544,542.3,543.4,35587,0
20260225,200000,543.3,543.3,542.8,543.1,26909,0
20260225,210000,543.1,543.3,542.7,542.9,26965,0
20260225,220000,542.9,542.9,541,542.2,28040,0
20260225,230000,542.2,542.3,541,541.3,11321,0
20260226,070000,542.4,543,541.4,542.6,6200,0
20260226,080000,542.7,542.8,542.2,542.8,5251,0
20260226,090000,542.8,542.9,541.6,542.1,20561,0
20260226,100000,542.1,543,539.7,541.9,197419,0
20260226,110000,541.9,542.4,540.4,540.9,90585,0
20260226,120000,540.7,541.4,540,540.4,68029,0
20260226,130000,540.4,541.1,540.1,540.3,47455,0
20260226,140000,540.3,541.3,540,540.1,40104,0
20260226,150000,540.1,540.1,539.1,539.2,121666,0
20260226,160000,539.2,540,537.5,539.6,239321,0
20260226,170000,539.6,539.7,537.5,539.1,113142,0
20260226,180000,539.1,539.6,537.5,539.4,112493,0
20260226,190000,539.1,539.6,538.6,539.3,40658,0
20260226,200000,539.4,539.5,538.4,539.5,11787,0
20260226,210000,539.3,539.7,538.8,539.6,18617,0
20260226,220000,539.5,540.4,539,539.8,26804,0
20260226,230000,539.8,540.9,538.3,539.6,41925,0
20260227,070000,540.3,540.9,538.4,538.4,16139,0
20260227,080000,538.3,539.7,537.8,539.6,7117,0
20260227,090000,539.6,540.7,539,540.3,31545,0
20260227,100000,540.2,542.1,539.4,540.5,115276,0
20260227,110000,540.5,542.1,540.3,541.5,104027,0
20260227,120000,541.4,542.1,541.1,541.8,67539,0
20260227,130000,541.6,542,540.1,542,116251,0
20260227,140000,541.9,543.8,541,543.7,209279,0
20260227,150000,543.8,544.5,542.3,544.4,186554,0
20260227,160000,544.4,547,543.6,546.1,360277,0
20260227,170000,546.1,546.4,544.1,545.5,235887,0
20260227,180000,545.3,545.5,543.6,544.8,79382,0
20260227,190000,544.7,546.2,544.2,545.4,94041,0
20260227,200000,545.5,545.5,544.3,545.1,35015,0
20260227,210000,545.1,546.1,544.7,544.9,23269,0
20260227,220000,545,545,544.5,544.8,13484,0
20260227,230000,544.8,544.9,543,543,32749,0
20260228,090000,547,547,547,547,3591,0
20260228,100000,545.8,552.1,545.3,549.7,265796,0
20260228,110000,549.7,558.7,549.6,557.9,423569,0
20260228,120000,557.9,559.5,557.1,558.9,363893,0
20260228,130000,558.9,559.5,558.5,559,123018,0
20260228,140000,559.1,559.5,558,558.3,126178,0
20260228,150000,558.3,558.3,553.5,555.8,182918,0
20260228,160000,555.8,558,554.1,558,93170,0
20260228,170000,558,559.5,557.6,559.5,257706,0
20260228,180000,559.5,559.5,559.5,559.5,33328,0
20260301,090000,559.5,559.5,559.5,559.5,691,0
20260301,100000,559.5,559.5,559.5,559.5,29048,0
20260301,110000,559.5,559.5,559.5,559.5,46095,0
20260301,120000,559.5,559.5,559.5,559.5,23282,0
20260301,130000,559.5,559.5,559.5,559.5,6713,0
20260301,140000,559.5,559.5,559.5,559.5,1969,0
20260301,150000,559.5,559.5,559.5,559.5,2120,0
20260301,160000,559.5,559.5,559.5,559.5,529,0
20260301,170000,559.5,559.5,559.5,559.5,3320,0
20260301,180000,559.5,559.5,559.5,559.5,4521,0
20260302,070000,565.3,570.6,564.5,567.8,774824,0
20260302,080000,567.7,570,565,569,389088,0
20260302,090000,568.8,573.7,566,571.9,740522,0
20260302,100000,571.7,577.2,570.5,576,867567,0
20260302,110000,576,578.8,575.1,577.8,847395,0
20260302,120000,577.8,577.8,574.4,577.2,715393,0
20260302,130000,577.2,582.9,575.1,582.4,1104962,0
20260302,140000,582.5,587.2,581.4,586.4,1137526,0
20260302,150000,586.4,592.1,586.4,591.7,1242131,0
20260302,160000,591.8,603.7,590,599,2613620,0
20260302,170000,599,603.5,592.7,595.6,2095520,0
20260302,180000,595.6,601.9,594.8,601,647988,0
20260302,190000,600.8,601.1,591.2,592.7,864552,0
20260302,200000,592.9,594.6,589.4,591.5,681979,0
20260302,210000,591.6,595,590.1,593.6,336232,0
20260302,220000,593.5,600,593.4,597.2,492943,0
20260302,230000,597.4,607.8,597.1,606.8,892848,0
20260303,070000,607.4,629.7,607.4,627.9,2421400,0
20260303,080000,627.9,643.1,621.5,637,2041857,0
20260303,090000,636.6,636.6,625.6,632.5,1679538,0
20260303,100000,632.4,632.7,615.6,624.8,3363483,0
20260303,110000,624.7,625.5,617.7,624,1240394,0
20260303,120000,624,631,623.6,627.4,1264215,0
20260303,130000,627.7,631.6,626,630,872874,0
20260303,140000,629.9,633.4,626.5,630.4,963234,0
20260303,150000,630.4,632.8,623.2,626.4,1403675,0
20260303,160000,626.5,630.8,624.6,626.5,993013,0
20260303,170000,626.6,630,626.4,627.5,690225,0
20260303,180000,627.6,629.6,623.5,629.6,697767,0
20260303,190000,628.3,629.6,623.8,625.2,558786,0
20260303,200000,625.3,625.8,622.3,622.9,321455,0
20260303,210000,622.9,625.9,620.3,621.9,440755,0
20260303,220000,622,623.4,616.3,619.4,614428,0
20260303,230000,619.4,622,610.1,617.5,781616,0
20260304,070000,618,628,613.8,615.1,692174,0
20260304,080000,615.3,619.1,611.3,615.8,434984,0
20260304,090000,615.9,623,614.1,620.8,484589,0
20260304,100000,621.2,621.5,616.4,617.9,364390,0
20260304,110000,617.8,618,613.5,615.7,398732,0
20260304,120000,615.8,620,614.4,615.5,348509,0
20260304,130000,615.6,615.9,605.1,606.5,902801,0
20260304,140000,606.5,608.2,600.1,603.7,983855,0
20260304,150000,603.7,608.3,603.1,607.5,440836,0
20260304,160000,607.5,609.3,604.6,608.4,416672,0
20260304,170000,608.3,619.4,606.3,612.1,1206564,0
20260304,180000,612.1,616.3,611.9,615.6,412181,0
20260304,190000,615.4,616.7,610.3,611.9,236041,0
20260304,200000,612,613.6,610.9,612.8,131956,0
20260304,210000,612.7,612.7,608.3,608.7,123345,0
20260304,220000,608.7,609.5,606.4,607.5,118900,0
20260304,230000,607.5,609.5,607.1,609.3,126169,0
20260305,070000,613.3,616.8,609.8,611.6,263799,0
20260305,080000,611.7,613.7,610.7,612.8,171525,0
20260305,090000,612.8,612.8,608.3,610,271367,0
20260305,100000,610,619.7,608.5,618.3,692182,0
20260305,110000,618.3,619.5,616.5,618,357958,0
20260305,120000,618,618.1,612,617.5,767948,0
20260305,130000,617.5,618.9,617.2,617.9,258465,0
20260305,140000,617.9,620,617.7,618.5,269350,0
20260305,150000,618.5,619.8,615.8,617.5,290728,0
20260305,160000,617.5,623.5,617,623.5,922432,0
20260305,170000,623.5,624.6,620.9,623.4,524151,0
20260305,180000,623.4,624.1,621.5,623.9,222220,0
20260305,190000,623.6,629.1,622.6,625.3,566286,0
20260305,200000,625.5,625.5,623.8,624.6,178740,0
20260305,210000,624.6,629.7,624.6,627.4,408262,0
20260305,220000,627.6,628,625.3,626.8,255692,0
20260305,230000,626.8,627.1,623.2,626,252094,0
20260306,070000,626.1,629,621.2,624.8,295050,0
20260306,080000,624.8,625.7,622.7,625,101658,0
20260306,090000,624.8,629.4,624.7,628,258570,0
20260306,100000,628,628.5,627.1,627.8,144183,0
20260306,110000,627.7,629.2,623.8,624.1,332636,0
20260306,120000,624.2,632,623.2,628.7,925145,0
20260306,130000,628.7,630.5,626.6,629.8,559393,0
20260306,140000,629.9,633.4,629.5,632.9,947333,0
20260306,150000,633,633.9,631.5,633.7,657750,0
20260306,160000,633.6,637.7,630.8,637.7,936370,0
20260306,170000,637.7,646.4,635.4,645.7,2104262,0
20260306,180000,645.6,646.7,640.2,641,937958,0
20260306,190000,641,644.2,640.9,643.9,249359,0
20260306,200000,643.9,646,642.3,646,373494,0
20260306,210000,646,646.3,643.6,644.9,226199,0
20260306,220000,644.9,645.6,643.3,644.9,130923,0
20260306,230000,645,645,642,642.9,211616,0
20260309,070000,670.1,694.1,667,694.1,1296410,0
20260309,080000,694.1,694.1,669.1,670,1271325,0
20260309,090000,670,679.5,663.4,675.9,1194345,0
20260309,100000,675.9,676,660.8,666.9,868200,0
20260309,110000,667.1,667.3,661.2,661.3,343240,0
20260309,120000,661.4,661.6,643,650.8,1352767,0
20260309,130000,650.8,653.9,649.3,651.9,430063,0
20260309,140000,651.9,654.5,650.1,654.1,210985,0
20260309,150000,654,663.6,652.6,663.6,653205,0
20260309,160000,663.6,673.5,661,670.4,1259619,0
20260309,170000,670.3,675,670,671.2,520912,0
20260309,180000,671.2,671.6,660.1,661.7,660269,0
20260309,190000,661.8,670,661.7,667.4,373651,0
20260309,200000,667.4,669,666.3,668,138331,0
20260309,210000,667.9,667.9,662.1,666,218019,0
20260309,220000,666,667,646.2,650.9,1047169,0
20260309,230000,650.9,653.3,644.1,646.6,542015,0
20260310,070000,649.3,656.4,631,639,979325,0
20260310,080000,638.6,648,633,646.6,612763,0
20260310,090000,646.5,656.9,645.7,652.4,566901,0
20260310,100000,652.3,653.6,638.5,640.1,738112,0
20260310,110000,640,641.5,639,639.8,369158,0
20260310,120000,639.7,640.3,629,633.5,1129510,0
20260310,130000,633.5,636.8,630.9,632.7,318338,0
20260310,140000,632.8,634.5,629,633.6,435182,0
20260310,150000,633.6,639.8,632.6,639.7,600737,0
20260310,160000,639.8,645.4,639,641.5,1475166,0
20260310,170000,641.4,643.5,631.5,635.6,909122,0
20260310,180000,635.6,635.6,631.1,632.1,256983,0
20260310,190000,632.2,634.8,630,630,173836,0
20260310,200000,630,630.4,621.9,626.5,541211,0
20260310,210000,626.5,635,625.4,631.8,486720,0
20260310,220000,631.8,636,631.7,635.5,222915,0
20260310,230000,635.7,636,632.7,634.1,129438,0
20260311,070000,630.4,631.5,625.2,627.4,350948,0
20260311,080000,627.3,629.6,626.5,629,126879,0
20260311,090000,629,630.9,625.4,626.7,183538,0
20260311,100000,626.7,630.5,625.6,629.4,213465,0
20260311,110000,629.3,632.3,626.9,630.9,247666,0
20260311,120000,630.9,637.4,630.8,636,818254,0
20260311,130000,636,636.2,630.2,631,331864,0
20260311,140000,631,632.4,626.1,631.6,425485,0
20260311,150000,631.6,634.7,631.1,632.9,234686,0
20260311,160000,633,633,629.6,630.7,210023,0
20260311,170000,630.7,633.3,629,630.7,220946,0
20260311,180000,630.7,631.7,629,631.3,169204,0
20260311,190000,630.3,631.7,629.8,631.6,71076,0
20260311,200000,631.7,633.8,631.4,632.2,140740,0
20260311,210000,632.2,632.2,630.4,631.7,25812,0
20260311,220000,631.7,632,630,630.3,40836,0
20260311,230000,630.3,631.3,627,629.5,92218,0
20260312,070000,649,651.5,640.2,641.3,636195,0
20260312,080000,641,641.7,636,638.5,299064,0
20260312,090000,638.5,639.1,633.1,633.7,354019,0
20260312,100000,633.6,635.2,632.4,634.5,250205,0
20260312,110000,634.5,638,634,634.4,303812,0
20260312,120000,634.4,636.6,633.3,636.3,188088,0
20260312,130000,636.3,637.7,634.8,635,190129,0
20260312,140000,634.9,637,634.7,636.3,163921,0
20260312,150000,636.4,638.8,636.3,638,231493,0
20260312,160000,638,640,636.6,639.3,359313,0
20260312,170000,639.3,639.6,637.1,637.6,330717,0
20260312,180000,637.7,638.5,635.2,636,189851,0
20260312,190000,635.8,637.1,634.9,634.9,134718,0
20260312,200000,634.9,635.7,634.4,635.6,54934,0
20260312,210000,635.6,638,635,637.4,83178,0
20260312,220000,637.6,638.8,636.6,637.3,87739,0
20260312,230000,637.4,638.7,635.9,637.5,140765,0
20260313,070000,637.6,638.5,633.9,635.8,103775,0
20260313,080000,635.5,636.8,635.5,636.2,38067,0
20260313,090000,636.1,638,634.8,637.1,96049,0
20260313,100000,636.7,640.6,636.3,640,303866,0
20260313,110000,640,641.2,636.1,638,350508,0
20260313,120000,638,638.9,637.2,637.3,97421,0
20260313,130000,637.3,638.5,635.4,635.6,134181,0
20260313,140000,635.6,637.1,635.1,635.2,62590,0
20260313,150000,635.3,635.3,629,630.5,390050,0
20260313,160000,630.4,631.9,628.6,631.9,156713,0
20260313,170000,631.9,632.7,630.6,631.8,66517,0
20260313,180000,631.7,634,631.7,633.9,84245,0
20260313,190000,633.9,634,632.2,632.5,34972,0
20260313,200000,632.4,634.2,631.2,634,60060,0
20260313,210000,634.1,638,633.8,634.5,129574,0
20260313,220000,634.5,634.6,632,633.4,61863,0
20260313,230000,633.6,633.9,631,632.1,74327,0
20260314,090000,633,633,633,633,335,0
20260314,100000,633.1,636,633.1,635.9,48565,0
20260314,110000,635.6,636,635,635,39264,0
20260314,120000,635,635.1,634.5,634.9,17301,0
20260314,130000,634.8,635,634.5,634.9,15819,0
20260314,140000,634.9,635,634.8,635,11106,0
20260314,150000,635,635.7,634.9,635.7,28420,0
20260314,160000,635.6,635.9,635.1,635.8,25255,0
20260314,170000,635.8,636,635.6,635.7,31988,0
20260314,180000,635.7,636,635,635.6,20511,0
20260315,090000,634.8,634.8,634.8,634.8,8461,0
20260315,100000,635.5,637.4,634.8,636.7,47734,0
20260315,110000,636.7,636.9,634.5,634.6,28880,0
20260315,120000,634.7,635.8,634.2,634.3,27033,0
20260315,130000,634.3,635.6,634.2,635.3,5288,0
20260315,140000,635.4,636.1,634.8,635.6,17274,0
20260315,150000,635.6,636.8,635.6,635.9,11224,0
20260315,160000,635.9,636.1,635.6,636,7482,0
20260315,170000,636,636.8,635.6,636.6,10916,0
20260315,180000,636.7,637.6,635.9,637.2,44479,0
20260316,070000,637.8,637.8,635.3,636.8,86701,0
20260316,080000,636.8,639,636.1,636.6,105318,0
20260316,090000,636.5,638,634.1,636.2,157142,0
20260316,100000,636.2,642.1,635.6,642.1,414145,0
20260316,110000,642.1,642.4,636.1,636.6,212980,0
20260316,120000,636.5,637,634.6,636.9,269738,0
20260316,130000,636.9,637,631,631.2,235177,0
20260316,140000,631.3,634.1,630.1,631.3,151571,0
20260316,150000,631.3,631.4,627.2,628.7,254814,0
20260316,160000,628.6,630.2,627.4,627.8,255515,0
20260316,170000,627.7,628.5,625.2,627.8,213339,0
20260316,180000,627.8,632.7,627.5,631.5,344586,0
20260316,190000,631.1,631.1,629,630.4,56461,0
20260316,200000,630.4,630.4,628.5,629.5,31884,0
20260316,210000,629.4,630.1,627,627.5,30278,0
20260316,220000,627.4,628.9,627.4,628,13558,0
20260316,230000,628.1,629.3,628,629,23436,0
20260317,070000,630.1,632.3,629.5,631.7,45833,0
20260317,080000,631.8,634.2,631.3,633.1,50234,0
20260317,090000,633.1,634.1,631.4,633.3,49896,0
20260317,100000,633,633.3,629,629.7,221143,0
20260317,110000,629.6,633.9,629.6,632.4,129252,0
20260317,120000,632.5,632.9,630.5,630.5,54135,0
20260317,130000,630.5,634.5,630.5,633,142104,0
20260317,140000,633,635,630,633.5,288922,0
20260317,150000,633.4,633.5,631,631.8,65745,0
20260317,160000,631.8,632.4,630,631.1,113262,0
20260317,170000,631.1,631.9,627.4,628.1,115809,0
20260317,180000,628,629.9,627,629.5,62343,0
20260317,190000,629.4,630.1,628.1,628.7,17227,0
20260317,200000,628.6,631,628.6,630.8,23757,0
20260317,210000,631,631,630,630,11821,0
20260317,220000,630.1,630.5,628.8,630,26358,0
20260317,230000,630,630.4,628.7,630.2,22510,0
20260317,070000,630.1,632.3,629.5,631.7,45833,0
20260317,080000,631.8,634.2,631.3,633.1,50234,0
20260317,090000,633.1,634.1,631.4,633.3,49896,0
20260317,100000,633,633.3,629,629.7,221143,0
20260317,110000,629.6,633.9,629.6,632.4,129252,0
20260317,120000,632.5,632.9,630.5,630.5,54135,0
20260317,130000,630.5,634.5,630.5,633,142104,0
20260317,140000,633,635,630,633.5,288922,0
20260317,150000,633.4,633.5,631,631.8,65745,0
20260317,160000,631.8,632.4,630,631.1,113262,0
20260317,170000,631.1,631.9,627.4,628.1,115809,0
20260317,180000,628,629.9,627,629.5,62343,0
20260317,190000,629.4,630.1,628.1,628.7,17227,0
20260317,200000,628.6,631,628.6,630.8,23757,0
20260317,210000,631,631,630,630,11821,0
20260317,220000,630.1,630.5,628.8,630,26358,0
20260317,230000,630,630.4,628.7,630.2,22510,0
20260318,070000,629.2,629.8,625.9,627.2,101502,0
20260318,080000,627,627.5,622.2,623.4,138472,0
20260318,090000,623.4,625.9,622.7,625.6,67153,0
20260318,100000,625.5,629.3,625.2,627.1,128890,0
20260318,110000,627.1,633.8,627.1,631.3,289035,0
20260318,120000,631.4,632.2,625.2,627.8,201835,0
20260318,130000,627.8,631.7,625.6,625.8,171030,0
20260318,140000,626.1,631.2,626.1,629.3,111376,0
20260318,150000,629.1,634.3,627.3,633.1,316091,0
20260318,160000,633.1,638.4,631.1,637.3,979096,0
20260318,170000,637.3,645.5,636,640.8,1862841,0
20260318,180000,640.7,643.9,638.6,643.9,501385,0
20260318,190000,644,644,640.7,642.8,262954,0
20260318,200000,642.9,643.4,641.2,641.7,182903,0
20260318,210000,641.5,642.7,640.4,642,80005,0
20260318,220000,642,644,641,643.6,119768,0
20260318,230000,643.6,645,643.1,644.9,199829,0
20260319,070000,645.2,648.2,639.3,642,224853,0
20260319,080000,642.4,644.8,641.9,643.6,63011,0
20260319,090000,643.3,647.4,642.3,645.5,224064,0
20260319,100000,645.4,658,644.7,653.1,1722970,0
20260319,110000,653.2,657.9,651.5,657,813750,0
20260319,120000,657,661,653.9,655.7,1208998,0
20260319,130000,655.5,657.5,650.2,657,821152,0
20260319,140000,657,662.7,655.2,659,1054637,0
20260319,150000,659,659.7,652.8,655.2,1322395,0
20260319,160000,655.2,658.5,652,653.7,649095,0
20260319,170000,653.7,655.9,652,654,430597,0
20260319,180000,654,654.1,649.4,654,386400,0
20260319,190000,653.7,653.7,649.5,649.8,220742,0
20260319,200000,649.8,651,647.4,648.4,174282,0
20260319,210000,648.3,649.6,646.3,648.9,133987,0
20260319,220000,649,651.1,645.3,650.8,199137,0
20260319,230000,650.7,655.1,650.7,653.2,99000,0
20260320,070000,649.9,652.3,648.3,650.5,80162,0
20260320,080000,650.6,652,648.1,651,59071,0
20260320,090000,651,652.3,649.6,652,61112,0
20260320,100000,651.8,656.3,650.4,653,272094,0
20260320,110000,653.1,655,651.3,654,223848,0
20260320,120000,653.8,656.8,653.2,656.3,173678,0
20260320,130000,656.5,656.8,651.7,654.9,284984,0
20260320,140000,654.9,655.1,652,653.7,140656,0
20260320,150000,653.7,654,651.1,652.6,119825,0
20260320,160000,652.5,653.1,651.7,652.5,89416,0
20260320,170000,652.3,655.7,652,655.6,122329,0
20260320,180000,655.6,656,653.6,654.9,86989,0
20260320,190000,654.9,655.3,653.4,654,38297,0
20260320,200000,654.1,655,654,654.8,14287,0
20260320,210000,654.8,656,654.6,655.9,81347,0
20260320,220000,656,656.7,655.7,656.3,34418,0
20260320,230000,656.3,657,655.6,655.7,67886,0
20260323,070000,657.3,657.6,654.7,656.3,68378,0
20260323,080000,656.2,657.3,655,656.5,61227,0
20260323,090000,656.3,659.8,655.7,658.3,141622,0
20260323,100000,658.3,661.1,657.6,660,353259,0
20260323,110000,660,663,657.9,662.3,252793,0
20260323,120000,662.3,670,661.6,665.9,539718,0
20260323,130000,665.9,666.7,658.7,659.5,372920,0
20260323,140000,659.6,660,636.8,651.9,1545771,0
20260323,150000,652,653.4,645.1,647.5,479181,0
20260323,160000,647.5,649.3,645.1,647.8,219662,0
20260323,170000,648,648.2,643,645,270142,0
20260323,180000,645,648.5,641.4,648.5,228420,0
20260323,190000,647.1,648.4,645.2,645.8,71647,0
20260323,200000,645.9,646.9,644.2,646,43579,0
20260323,210000,646,646.4,643.6,644.6,21986,0
20260323,220000,644.4,647.4,644.3,647.3,47021,0
20260323,230000,647.2,647.2,644.4,646,65362,0
20260324,070000,646.8,650.8,646.8,649.3,71229,0
20260324,080000,649.4,650.6,648.5,648.5,42973,0
20260324,090000,648.5,649.5,646.6,647.8,46764,0
20260324,100000,647.7,648.3,645.1,645.4,124247,0
20260324,110000,645.4,646.9,644.9,645.7,59538,0
20260324,120000,645.6,647,645.1,645.5,82233,0
20260324,130000,645.2,646.1,643.2,645.9,87827,0
20260324,140000,645.9,649.5,644.9,647.2,116720,0
20260324,150000,647,651.7,646.3,651,238190,0
20260324,160000,651,654.8,650,653.5,204806,0
20260324,170000,653.5,658.8,653.1,655.6,294311,0
20260324,180000,655.6,657.4,655.1,655.5,170348,0
20260324,190000,655.6,657.5,655,655.9,77098,0
20260324,200000,655.7,656.6,654,654.9,41353,0
20260324,210000,654.9,655.7,653.6,655.2,36211,0
20260324,220000,655.2,655.4,654,654.6,23771,0
20260324,230000,654.5,654.6,649,652.4,188050,0
20260325,070000,649.7,650.4,646.7,649.3,117197,0
20260325,080000,649.3,652,649.2,650.8,26026,0
20260325,090000,650.8,652.4,649.1,650.1,67204,0
20260325,100000,650.2,651.7,649.2,651.2,81920,0
20260325,110000,651.2,655.5,651.2,654,229412,0
20260325,120000,654,656.7,653,654.5,182732,0
20260325,130000,654.5,655,651.5,651.7,124782,0
20260325,140000,651.7,653.7,649,650.9,174573,0
20260325,150000,650.9,655,650.4,653.5,156128,0
20260325,160000,653.5,654.8,653.5,653.8,69515,0
20260325,170000,653.8,656.8,653.8,656.5,171498,0
20260325,180000,656.5,656.6,654.2,656.5,84433,0
20260325,190000,655.6,656.5,655.5,656.3,29048,0
20260325,200000,656.3,656.5,655.4,656,18917,0
20260325,210000,655.9,657.9,655.9,657.3,38798,0
20260325,220000,657.2,658,656.7,657.9,41009,0
20260325,230000,657.9,658.4,656.6,658.4,34320,0
20260326,070000,658.5,659.9,657.1,658.3,58205,0
20260326,080000,658.5,659.6,657.8,659.2,25954,0
20260326,090000,659.1,662.9,658.7,662,133952,0
20260326,100000,661.9,664.5,660.9,663,187166,0
20260326,110000,662.8,664.2,660.9,661.6,316415,0
20260326,120000,661.6,663.5,660.8,661.7,113807,0
20260326,130000,661.6,662.3,660.9,662.1,78262,0
20260326,140000,662.2,667.6,661.8,667.2,505104,0
20260326,150000,667.4,668.1,665,665,193853,0
20260326,160000,665.1,665.7,661,661.2,203343,0
20260326,170000,661.2,665.5,660.1,664.4,184440,0
20260326,180000,664.4,664.9,657.9,661.5,237592,0
20260326,190000,661.4,663.5,657.6,663.3,115266,0
20260326,200000,663.3,664.2,663,663.5,45879,0
20260326,210000,663.4,663.6,663,663,46997,0
20260326,220000,663,663.7,662.2,663.7,62195,0
20260326,230000,663.7,664.9,659,664.7,152261,0
20260327,070000,664.7,665.8,662.2,663.8,35645,0
20260327,080000,663.5,663.9,659.6,660.9,52967,0
20260327,090000,660.9,665,660.9,663.5,60033,0
20260327,100000,663.4,673.5,662.9,672,532259,0
20260327,110000,671.8,679.7,671.8,678.4,658356,0
20260327,120000,678.3,680.8,675.7,676.2,405633,0
20260327,130000,676.2,676.3,672.9,675,209472,0
20260327,140000,675,679.2,674.7,679.1,243199,0
20260327,150000,679.1,680,674.8,675.1,296146,0
20260327,160000,675.1,675.8,665.7,668.5,729783,0
20260327,170000,668.3,670.5,664.5,664.6,355106,0
20260327,180000,664.5,666.9,657.1,661.9,540123,0
20260327,190000,662,666.7,661.9,664.4,277447,0
20260327,200000,664.4,665,662.7,664.3,72218,0
20260327,210000,664.3,666.6,664.3,665.9,54713,0
20260327,220000,665.9,666.9,664.8,665.6,47475,0
20260327,230000,665.5,672.2,665.5,671.4,97696,0
20260328,090000,670.8,670.8,670.8,670.8,3240,0
20260328,100000,669,674.9,666,672.7,127037,0
20260328,110000,672.2,672.7,668.4,669.2,28687,0
20260328,120000,669.2,672.1,669.2,671.5,20602,0
20260328,130000,671.9,671.9,671.2,671.3,6757,0
20260328,140000,671.6,672.3,671.3,671.7,7523,0
20260328,150000,671.7,672.1,671.1,671.5,3286,0
20260328,160000,671.5,671.8,671.1,671.1,2925,0
20260328,170000,671.1,671.3,670.1,670.3,7730,0
20260328,180000,670.3,671.2,669.5,670,14662,0
20260329,090000,670.5,670.5,670.5,670.5,304,0
20260329,100000,670.8,675,670.5,673.9,60590,0
20260329,110000,674.3,674.9,673.8,674.1,13099,0
20260329,120000,674.1,674.8,673.9,674,13959,0
20260329,130000,674,674.3,673.8,673.8,9095,0
20260329,140000,673.8,674.4,673,674.3,15273,0
20260329,150000,674.3,678,673.3,674.5,45657,0
20260329,160000,674.5,674.5,673.2,673.6,7251,0
20260329,170000,673.5,674.6,673.2,674.2,6922,0
20260329,180000,674.4,679.7,674.2,677.5,66469,0
20260330,070000,678,679.8,674.5,676.1,89010,0
20260330,080000,676.1,676.4,674,675.6,38652,0
20260330,090000,675.7,675.7,670.3,673.7,145006,0
20260330,100000,673.8,674.5,667.2,667.9,273022,0
20260330,110000,667.9,672.7,664.7,670.8,315639,0
20260330,120000,670.7,677.1,669.8,674.3,339611,0
20260330,130000,674.3,677.3,674.3,676.8,289418,0
20260330,140000,676.8,678,676.1,676.7,264264,0
20260330,150000,676.7,678.8,676.3,677.9,169685,0
20260330,160000,677.9,680.6,676.6,680.4,388762,0
20260330,170000,680.3,681.9,677.5,679.2,480563,0
20260330,180000,679.1,681,678.2,680.5,181302,0
20260330,190000,680.5,681.1,679.5,679.6,61426,0
20260330,200000,679.6,680.8,679.5,679.9,24276,0
20260330,210000,680,680.5,679.5,680.3,22725,0
20260330,220000,680.2,683.6,680.2,682.4,106711,0
20260330,230000,682.4,682.5,681,682.5,39421,0
20260331,070000,681.9,681.9,678.4,678.5,91382,0
20260331,080000,678.6,680.7,677.2,679.2,79216,0
20260331,090000,679.2,680.5,675.7,676.6,82041,0
20260331,100000,676.6,678.1,674.5,675.4,192785,0
20260331,110000,675.3,675.5,672.2,672.5,260928,0
20260331,120000,672.5,677.4,671.5,676.1,202400,0
20260331,130000,676.3,676.9,673,674.7,199929,0
20260331,140000,674.6,675.7,671.5,672.5,274701,0
20260331,150000,672.5,672.5,668.1,668.6,264375,0
20260331,160000,668.7,669.9,666.3,667.6,181159,0
20260331,170000,667.6,668.6,665.6,667.1,174523,0
20260331,180000,667.1,668.7,665.9,666.6,163393,0
20260331,190000,666.8,668.2,663.3,666.1,152840,0
20260331,200000,666,666.2,664,664.9,58481,0
20260331,210000,664.8,664.9,663.2,663.7,35274,0
20260331,220000,663.7,665,663.4,664.6,21537,0
20260331,230000,664.7,665,664.4,664.9,43334,0
20260401,070000,664.4,666.8,662.2,663.8,79792,0
20260401,080000,663.9,664.2,656.4,659.1,217301,0
20260401,090000,659.2,661.7,654.3,655.1,318936,0
20260401,100000,655.2,659.6,654.7,657.4,360108,0
20260401,110000,657.4,658.3,651,651.8,352845,0
20260401,120000,652,654.4,650.2,651,310343,0
20260401,130000,651.1,654,651,652.5,108494,0
20260401,140000,652.5,652.5,645.3,645.8,335389,0
20260401,150000,645.8,647.8,642.6,645.9,388687,0
20260401,160000,645.8,648.8,645.2,646.6,148760,0
20260401,170000,646.6,650.7,646.2,650.7,151549,0
20260401,180000,650.7,652,648.8,652,177695,0
20260401,190000,650.9,652,648,648.8,40373,0
20260401,200000,648.8,648.8,647,647.4,24156,0
20260401,210000,647.4,650.7,647,650,36885,0
20260401,220000,649.8,652.4,649.7,650.5,68544,0
20260401,230000,650.5,651.8,649.4,651.3,18074,0
20260402,070000,656.4,665.4,654.1,657.8,366048,0
20260402,080000,657.6,665.1,656.7,662.8,202369,0
20260402,090000,662.4,663.3,660.3,661.2,165381,0
20260402,100000,661.2,661.7,653,654,281496,0
20260402,110000,654.1,661.2,653.4,658,346927,0
20260402,120000,658.1,659,655.8,656.6,112072,0
20260402,130000,656.6,659.4,655.8,659.2,66949,0
20260402,140000,659.1,661.4,658.2,660.9,116770,0
20260402,150000,660.9,660.9,654.4,654.7,191507,0
20260402,160000,655,656.7,653.6,655.7,113170,0
20260402,170000,655.8,655.9,647.3,648.9,245746,0
20260402,180000,649,651,647.1,651,127447,0
20260402,190000,650.9,651,649.8,650.3,13701,0
20260402,200000,650.4,652.5,650.2,651.8,27341,0
20260402,210000,651.8,654.1,651.3,653,48410,0
20260402,220000,653,653.8,652.5,653,20470,0
20260402,230000,653,656.6,651.6,654.5,46424,0
20260403,070000,655,661,654.2,656.1,57820,0
20260403,080000,656.1,657.5,655.4,657.2,24988,0
20260403,090000,657.2,657.2,651.5,652.9,76809,0
20260403,100000,652.8,655.3,649.6,649.7,148352,0
20260403,110000,649.8,651.4,648.8,650.2,119214,0
20260403,120000,650.2,651.2,645,646.5,117521,0
20260403,130000,646.5,649.3,641.6,643.7,268198,0
20260403,140000,643.6,646.4,643.6,644.9,73110,0
20260403,150000,644.9,645.6,642.8,645,81822,0
20260403,160000,645,647,643.8,646.8,126766,0
20260403,170000,646.7,648.6,644.2,645.2,111056,0
20260403,180000,645.2,647.4,645.1,646.8,41972,0
20260403,190000,646.8,647.6,646,647.5,25700,0
20260403,200000,647.5,650.8,647.5,650.5,51598,0
20260403,210000,650.5,651,648.4,649.7,36792,0
20260403,220000,649.9,651.3,649.4,649.4,31648,0
20260403,230000,649.3,649.6,648.5,649,21180,0
20260404,090000,649,649,649,649,244,0
20260404,100000,649,650,646.1,646.2,21453,0
20260404,110000,646.5,646.5,645,645.2,13567,0
20260404,120000,645.4,646.8,645.2,646.5,5936,0
20260404,130000,646.4,647.6,646.4,647.5,4911,0
20260404,140000,647.5,647.8,646.4,646.4,5183,0
20260404,150000,646.6,647.9,646.2,647.9,5434,0
20260404,160000,647.8,648.9,647.8,648.4,2294,0
20260404,170000,648.6,648.6,647.8,648,1406,0
20260404,180000,648,648.9,647.8,648.6,7020,0
20260405,090000,648.6,648.6,648.6,648.6,134,0
20260405,100000,649,652.2,646.5,648.8,13649,0
20260405,110000,648.5,648.8,648,648.1,2191,0
20260405,120000,648.1,649,648,648.6,3969,0
20260405,130000,648.2,648.5,641.6,646.3,65690,0
20260405,140000,646.2,646.8,644.9,645.9,13911,0
20260405,150000,645.9,647.2,645.7,647.1,5113,0
20260405,160000,647.1,647.2,646.5,646.6,3925,0
20260405,170000,646.9,647.7,646.4,647.1,5138,0
20260405,180000,647.4,648.4,647.2,648.3,5573,0
20260406,070000,648.3,648.8,643,643.8,61291,0
20260406,080000,643.6,644.1,642.1,643.1,36938,0
20260406,090000,643.1,643.6,633.2,636.1,269538,0
20260406,100000,636.1,638.9,635.6,636.7,149019,0
20260406,110000,636.6,639.8,635.9,638.4,113776,0
20260406,120000,638.5,641.1,638.5,638.5,61342,0
20260406,130000,638.6,643,638.4,640.4,169868,0
20260406,140000,640.6,643.6,640.1,643.1,120272,0
20260406,150000,643,647.5,642.5,647,169556,0
20260406,160000,647.1,647.9,644.3,645.2,173233,0
20260406,170000,645.3,647.1,645.1,646.1,119085,0
20260406,180000,646.3,649.6,644.8,648.4,117959,0
20260406,190000,648.2,649.5,647.8,648.5,54831,0
20260406,200000,648.4,652.2,648.4,651.6,99456,0
20260406,210000,651.6,651.6,648.4,650.5,67481,0
20260406,220000,650.4,650.7,649.9,649.9,15427,0
20260406,230000,650,650.5,649.3,649.6,16194,0
20260407,070000,650,655.2,649.7,652,79473,0
20260407,080000,651.8,655.9,651.2,652.9,37086,0
20260407,090000,653,653.2,650.4,650.8,92077,0
20260407,100000,650.8,651,647.7,650.4,143032,0
20260407,110000,650.4,652.5,649.2,649.6,109537,0
20260407,120000,649.5,650.8,648.4,649.6,66036,0
20260407,130000,649.8,652,648.9,651.1,162016,0
20260407,140000,651.2,659.9,650.3,656.8,441865,0
20260407,150000,656.9,664,656.2,661.3,481652,0
20260407,160000,661.2,661.8,658.2,659,165844,0
20260407,170000,659,663.5,658.9,661.4,121032,0
20260407,180000,661.4,662,658.7,659,96189,0
20260407,190000,659.2,659.9,657.3,658.2,38939,0
20260407,200000,658.4,660,658.2,660,13523,0
20260407,210000,660,662.5,659.2,662.4,75959,0
20260407,220000,662.3,663.7,657.2,657.8,140587,0
20260407,230000,657.8,658.5,655,658,103651,0
20260408,070000,608.2,629.8,608,628.1,962735,0
20260408,080000,627.9,630.4,626.1,627.6,261442,0
20260408,090000,627.7,632.4,627.5,630.7,353816,0
20260408,100000,630.6,635.3,630.5,633.8,305390,0
20260408,110000,633.7,633.9,630,630.3,198563,0
20260408,120000,630.3,630.5,628.3,628.9,124859,0
20260408,130000,629,630,627.6,629.6,115383,0
20260408,140000,629.7,630,628.2,628.7,84407,0
20260408,150000,628.7,630.5,627.2,627.5,127127,0
20260408,160000,627.5,627.9,625,625.7,170242,0
20260408,170000,625.7,629.2,625,628.9,196061,0
20260408,180000,628.9,631.6,628.6,629.9,116339,0
20260408,190000,629.9,630,629,629.9,47457,0
20260408,200000,629.9,631.7,629.3,631.6,75969,0
20260408,210000,631.7,632.5,631,631.3,84180,0
20260408,220000,631.5,633.5,631.2,632.4,80066,0
20260408,230000,632.4,632.8,631.8,632.8,55340,0
20260409,070000,633.8,642.1,633.6,637.4,236716,0
20260409,080000,637.4,638.6,635.9,635.9,62182,0
20260409,090000,635.9,636.5,633.7,635.2,79003,0
20260409,100000,635.1,637.9,633,636.9,140673,0
20260409,110000,636.8,637.4,635.3,636.6,63376,0
20260409,120000,636.7,636.7,630.4,632.2,159017,0
20260409,130000,632.3,634.5,632,633.7,38874,0
20260409,140000,633.7,633.7,628.9,629.8,100157,0
20260409,150000,629.7,632,628.1,628.5,106110,0
20260409,160000,628.5,628.8,626.5,626.6,113625,0
20260409,170000,626.7,629.9,625.3,627.4,101328,0
20260409,180000,627.4,628.6,623.8,624.1,115630,0
20260409,190000,624.5,624.9,622.6,624.5,66629,0
20260409,200000,624.4,624.6,623.4,624.5,18860,0
20260409,210000,624.4,625,623.9,624.8,31048,0
20260409,220000,624.7,628.5,624.7,626.5,98296,0
20260409,230000,626.8,627.1,623.9,624.4,34422,0
20260410,070000,625.8,626.7,624.4,625,23867,0
20260410,080000,625,627,625,625.6,28412,0
20260410,090000,625.5,625.5,623,624.6,50094,0
20260410,100000,624.6,625.7,620,622.5,109528,0
20260410,110000,622.6,623,619.1,622,125986,0
20260410,120000,622,625.4,622,623.8,74888,0
20260410,130000,623.8,625.7,622.3,624.7,74577,0
20260410,140000,624.9,625.5,620.8,621.2,43004,0
20260410,150000,621.3,622,616.7,619,160525,0
20260410,160000,618.9,619,615.1,615.2,120718,0
20260410,170000,615.3,616,610,610.4,219513,0
20260410,180000,610.3,612.5,610,612.5,135097,0
20260410,190000,612.5,613.5,612.3,612.9,35945,0
20260410,200000,613,613.4,611.2,611.6,27795,0
20260410,210000,611.3,612.3,610.8,611.3,29634,0
20260410,220000,611.4,612.1,611,611.8,19007,0
20260410,230000,611.7,611.9,610.5,611.1,25704,0
20260411,090000,611,611,611,611,68,0
20260411,100000,611,613.1,608.4,610.1,31962,0
20260411,110000,609.9,610.6,609.6,610.2,7081,0
20260411,120000,610.2,610.2,609,609.1,18022,0
20260411,130000,609,609.6,609,609.3,4094,0
20260411,140000,609.2,609.4,609,609.4,4456,0
20260411,150000,609.4,610.1,609.3,610,3995,0
20260411,160000,610,610.2,609.3,609.3,2521,0
20260411,170000,609.4,610.3,609.1,609.6,18869,0
20260411,180000,609.7,611.4,609.5,611.4,4305,0
20260412,090000,620,620,620,620,11045,0
20260412,100000,619.4,626.8,618.4,624.3,189065,0
20260412,110000,624,627.6,624,627.1,53976,0
20260412,120000,627.1,629,627.1,628,58128,0
20260412,130000,628,629.4,626.8,627,42579,0
20260412,140000,627,627.5,626.2,627,19118,0
20260412,150000,627.3,628.5,626.2,628.5,27631,0
20260412,160000,628.5,629.5,628.2,629.5,117404,0
20260412,170000,629.5,629.5,629.5,629.5,51452,0
20260412,180000,629.5,629.5,629.5,629.5,10202,0
20260413,070000,642.2,642.2,631.6,633.2,294234,0
20260413,080000,633.2,637.6,633.2,637,58350,0
20260413,090000,637.2,637.2,630.7,631.5,138102,0
20260413,100000,631.8,632.8,627.6,629.1,165733,0
20260413,110000,629,629.7,626.2,628,115609,0
20260413,120000,628,630.1,626.7,628.8,81141,0
20260413,130000,628.9,629.8,623,624.5,182632,0
20260413,140000,624.5,629.3,623.4,625.1,116532,0
20260413,150000,625.1,626.9,624,624.5,63568,0
20260413,160000,624.4,625.2,619.1,619.2,137607,0
20260413,170000,619.1,620.8,615.5,616.5,161267,0
20260413,180000,616.6,619.9,613.1,619.6,174565,0
20260413,190000,619.6,619.6,614,615.7,78142,0
20260413,200000,615.7,615.8,612.3,614.6,63383,0
20260413,210000,614.5,614.9,612.7,612.8,32047,0
20260413,220000,612.8,614,612.8,613.9,11945,0
20260413,230000,614,614.3,612,612.7,38677,0
20260414,070000,614.8,615.1,611.5,614.7,44927,0
20260414,080000,614.6,618.8,614.5,617.6,59862,0
20260414,090000,617.8,617.9,614.4,615,41171,0
20260414,100000,614.7,615.9,613.3,615.4,74338,0
20260414,110000,615.4,617.1,607.1,607.2,150073,0
20260414,120000,607.3,608.2,600.5,602.9,261041,0
20260414,130000,603,612.5,602.9,611.7,161832,0
20260414,140000,611.8,612.9,605.3,607.1,166856,0
20260414,150000,607,610.1,606.9,607.8,52691,0
20260414,160000,607.8,611.6,606.3,606.3,62101,0
20260414,170000,606.4,607,602.2,602.4,132353,0
20260414,180000,602.4,608.7,602.2,606.3,78652,0
20260414,190000,606.2,606.4,605.2,605.3,36505,0
20260414,200000,605.2,605.3,604.3,604.6,22526,0
20260414,210000,604.6,605.9,604.4,605.9,18297,0
20260414,220000,605.9,606.3,605.2,605.6,32454,0
20260414,230000,605.6,605.7,603.4,603.9,38593,0
20260415,070000,603.7,606,601.4,603.8,53784,0
20260415,080000,603.8,606.4,602.5,606.1,24166,0
20260415,090000,605.6,605.7,603,603.3,50868,0
20260415,100000,603.3,604.6,595.9,597.5,259870,0
20260415,110000,597.5,597.5,591,596,384823,0
20260415,120000,596,598.3,595.1,595.8,163196,0
20260415,130000,595.8,600.2,595.4,598.9,189841,0
20260415,140000,599.7,604,599.7,602.5,210745,0
20260415,150000,602.5,604.7,599.6,599.6,128486,0
20260415,160000,600,600,597.2,597.9,125868,0
20260415,170000,598,601.9,597.1,598.9,164667,0
20260415,180000,599,600.8,598.5,599.3,104901,0
20260415,190000,599.6,601.6,599.5,601.2,40071,0
20260415,200000,601.3,602.2,600.5,600.7,26646,0
20260415,210000,600.7,600.8,600,600.3,16288,0
20260415,220000,600.3,601.9,600,601.9,21862,0
20260415,230000,601.6,602,598.9,599,34249,0
20260416,070000,599.8,602.4,599.5,601.5,29676,0
20260416,080000,601.5,601.6,599.8,600.4,43621,0
20260416,090000,600.4,600.4,595.2,596.2,109595,0
20260416,100000,596.2,601.4,595,598.7,214231,0
20260416,110000,598.8,602.5,598.7,601.2,138346,0
20260416,120000,601.2,602.8,600.8,602.6,82700,0
20260416,130000,602.7,604.4,599.8,600.6,91708,0
20260416,140000,600.7,601,597,597.4,171994,0
20260416,150000,597.2,597.8,591,593.2,275499,0
20260416,160000,593.3,594.6,590.9,594.6,236768,0
20260416,170000,594.6,594.9,589.4,592.3,215697,0
20260416,180000,592.2,592.6,590.4,590.7,67154,0
20260416,190000,591,593.6,590.9,593.2,61893,0
20260416,200000,593.2,593.3,591.5,591.7,33185,0
20260416,210000,591.7,593,590.3,590.5,51013,0
20260416,220000,590.5,591.4,590.3,590.5,28899,0
20260416,230000,590.6,590.7,590,590,25843,0
20260417,070000,590.4,592.7,588,590.8,116909,0
20260417,080000,590.5,593,590.1,592.1,44404,0
20260417,090000,592.1,592.1,589,590.6,85346,0
20260417,100000,590.5,591.4,586.8,590.9,156293,0
20260417,110000,590.8,592.7,590.5,591.5,67279,0
20260417,120000,591.5,591.9,589.7,591.1,50940,0
20260417,130000,591.2,592,590.5,591.4,52813,0
20260417,140000,591.4,594.9,591.4,594,107840,0
20260417,150000,594,595.8,588,588.2,336121,0
20260417,160000,588.3,589.4,567.5,569.2,1279301,0
20260417,170000,569.2,570.2,561.2,563.8,857014,0
20260417,180000,563.7,566.1,561.2,563.7,818439,0
20260417,190000,564.3,566.9,564.3,566,166690,0
20260417,200000,566,567.9,565.8,567.1,69946,0
20260417,210000,567.1,567.7,565.5,566.9,43673,0
20260417,220000,566.9,567.7,566.5,567.3,37656,0
20260417,230000,567.3,567.6,566.7,567.5,49993,0
20260418,090000,571.8,571.8,571.8,571.8,2568,0
20260418,100000,571.6,572.9,568.1,570.2,125091,0
20260418,110000,570.2,572.9,569.8,572.6,83369,0
20260418,120000,572.5,576.9,572.5,574.7,167272,0
20260418,130000,574.6,576.4,574.5,576,58709,0
20260418,140000,576,577.7,575.5,577.6,132567,0
20260418,150000,577.6,579.7,577,578,123678,0
20260418,160000,578,578.3,574.8,575.2,61714,0
20260418,170000,575,575.2,573.2,574.1,70883,0
20260418,180000,574.1,575.2,572.6,574.1,38436,0
20260419,090000,576.7,576.7,576.7,576.7,1517,0
20260419,100000,576.3,581.6,575.3,580.7,188340,0
20260419,110000,580.7,580.9,579,579.3,74555,0
20260419,120000,579.2,579.2,577.5,578.7,30393,0
20260419,130000,578.7,579.3,577.9,578.7,29915,0
20260419,140000,578.7,578.8,577,578.6,28668,0
20260419,150000,578.6,579,578,578.1,18790,0
20260419,160000,578,578.6,576.1,577.2,28400,0
20260419,170000,577.4,577.9,576.2,577.5,18149,0
20260419,180000,577.8,579.4,576.7,578.5,44011,0
20260420,070000,583.8,583.8,580,580.9,126736,0
20260420,080000,581.1,582.9,580.8,582.8,63282,0
20260420,090000,582.7,582.7,578.2,579,159171,0
20260420,100000,578.8,580.8,576.3,579.2,195256,0
20260420,110000,579.1,579.2,576.5,576.9,96565,0
20260420,120000,576.8,577.7,574,574.8,182208,0
20260420,130000,574.8,576.5,574.2,575.4,85546,0
20260420,140000,575.4,576,572.6,573.5,74441,0
20260420,150000,573.5,575.4,572.5,574.5,45966,0
20260420,160000,574.6,574.9,570.4,574.8,136247,0
20260420,170000,574.8,581.8,574.7,581.1,333100,0
20260420,180000,581.1,584.4,579.6,582,246433,0
20260420,190000,582.5,583.1,581.6,582.8,53990,0
20260420,200000,582.7,583,581.5,581.8,35334,0
20260420,210000,581.8,583.2,581.6,582.2,19979,0
20260420,220000,582.3,583,582.1,582.6,9930,0
20260420,230000,582.6,582.9,581.3,582.7,27372,0
20260421,070000,582.8,583.7,578,579.4,71304,0
20260421,080000,579.4,579.4,577.5,578.6,52196,0
20260421,090000,578.6,581.2,578.6,580.1,55936,0
20260421,100000,580,582.1,578.6,579.3,76470,0
20260421,110000,579.3,580.8,578.2,580,90219,0
20260421,120000,579.9,581.9,579.7,581.8,77411,0
20260421,130000,581.8,584,580.9,581.5,113467,0
20260421,140000,581.5,585.9,581.4,585.7,143599,0
20260421,150000,585.8,589.8,585.4,586.7,150660,0
20260421,160000,586.9,588.6,586,587.5,84310,0
20260421,170000,587.5,593,587.1,592.1,230417,0
20260421,180000,592.1,593,590,590.8,118391,0
20260421,190000,591,592.7,590.3,592,40778,0
20260421,200000,591.8,593.4,589.7,590.8,131528,0
20260421,210000,590.8,592.3,589.2,589.9,86825,0
20260421,220000,590,594.4,589.3,594.1,156446,0
20260421,230000,594,594.5,589.5,592.5,150947,0
20260422,070000,591.7,591.8,588.7,589.9,74691,0
20260422,080000,589.9,590.6,587,589,53285,0
20260422,090000,589,591.5,588.5,590.3,25711,0
20260422,100000,590.3,592.8,589.4,591.3,149642,0
20260422,110000,591.3,593.3,591.2,591.3,49449,0
20260422,120000,591.3,592,590.1,592,30261,0
20260422,130000,591.9,593,590,591.3,164359,0
20260422,140000,591.3,591.7,589.5,590.8,107160,0
20260422,150000,590.8,593.4,589.7,593.2,73391,0
20260422,160000,593.2,593.9,592.6,592.8,57518,0
20260422,170000,592.8,599.6,592.7,599.2,309672,0
20260422,180000,599.2,601.4,597.7,597.7,197808,0
20260422,190000,598.5,601.7,598.3,601.2,61771,0
20260422,200000,601.2,601.5,598.6,599.8,28039,0
20260422,210000,599.8,600,598,598.2,21579,0
20260422,220000,598.2,599.4,597.8,597.9,17123,0
20260422,230000,597.9,598.2,596.9,598.1,23437,0
20260423,070000,598.1,603,598.1,601.8,106275,0
20260423,080000,602,605.5,601.8,604.6,78502,0
20260423,090000,604.5,604.5,601.2,602.1,51659,0
20260423,100000,602.2,604,601.6,602.5,100962,0
20260423,110000,602.3,603.2,602,602.3,46428,0
20260423,120000,602.3,603.2,602.1,603,46522,0
20260423,130000,602.9,607,601.3,606.9,228300,0
20260423,140000,606.8,606.9,602.2,604,138809,0
20260423,150000,604,606.3,602.5,605.3,169455,0
20260423,160000,605.4,605.9,603.1,604.2,102999,0
20260423,170000,604.1,605,603.4,604,104553,0
20260423,180000,604,604.8,602.3,602.3,62719,0
20260423,190000,602.8,603,600.7,601.1,79819,0
20260423,200000,600.8,605.6,600.6,602.5,212915,0
20260423,210000,602.5,602.5,600.9,601,78405,0
20260423,220000,601.2,601.9,600.8,601,67910,0
20260423,230000,601,602.4,601,601.5,62160,0
20260424,070000,602,604.4,601.9,603.8,76057,0
20260424,080000,603.7,604.5,602.9,603.2,22317,0
20260424,090000,603.2,604,602.6,604,29355,0
20260424,100000,604,604.5,602.7,603.9,51639,0
20260424,110000,603.8,605.5,602.7,602.7,51814,0
20260424,120000,602.8,605.4,601.8,604.7,76567,0
20260424,130000,604.8,607.5,602,602.2,385349,0
20260424,140000,602.4,602.5,596.4,597.5,232657,0
20260424,150000,597.6,597.9,594.6,597.1,142667,0
20260424,160000,597.1,598,591.1,593.4,245858,0
20260424,170000,593.4,594.8,589.4,590.2,223119,0
20260424,180000,590.2,593.6,588.1,591.2,116249,0
20260424,190000,591.9,594.8,591.5,594.4,32715,0
20260424,200000,594.3,595.5,593.6,593.8,20580,0
20260424,210000,593.9,594.7,593.8,594.1,4442,0
20260424,220000,594.4,594.6,593.6,594.1,13349,0
20260424,230000,594.2,595.4,593.6,594.9,23403,0
20260425,090000,594.9,594.9,594.9,594.9,146,0
20260425,100000,594,595.8,593.4,595.7,7447,0
20260425,110000,595.6,595.7,593.7,593.9,12638,0
20260425,120000,594.3,594.9,593.1,594.1,14195,0
20260425,130000,594.1,596.7,594.1,596.7,30166,0
20260425,140000,596.6,596.7,595.9,596.3,6566,0
20260425,150000,596.3,596.3,595.6,595.6,3768,0
20260425,160000,595.8,596.1,595.5,596,1759,0
20260425,170000,595.8,596,595.5,595.9,1944,0
20260425,180000,595.9,596.6,595.5,596.6,16299,0
20260426,090000,596.9,596.9,596.9,596.9,400,0
20260426,100000,596.9,597,595.6,596.2,11889,0
20260426,110000,596.2,596.4,595.4,596.4,3361,0
20260426,120000,596.4,596.5,595.8,596.2,1267,0
20260426,130000,596.2,596.2,594.5,595.9,6345,0
20260426,140000,595.5,596.2,595.5,596,1199,0
20260426,150000,596,596.1,594.3,594.8,4461,0
20260426,160000,594.8,594.8,594.2,594.7,3074,0
20260426,170000,594.7,595,593.4,595,12740,0
20260426,180000,595,595.4,594.7,595,4611,0
20260427,070000,595.3,595.9,593.4,595.5,38447,0
20260427,080000,595.5,595.9,594.6,595.1,16791,0
20260427,090000,595,595,590.9,591.6,107365,0
20260427,100000,591.5,597.8,591,597.3,179820,0
20260427,110000,597.3,602.7,597.3,599.1,264804,0
20260427,120000,599.1,600.4,598,600.2,62419,0
20260427,130000,600.2,600.8,597,598.6,79644,0
20260427,140000,598.7,600,598.6,600,88154,0
20260427,150000,600,602,599,601.8,77198,0
20260427,160000,601.8,603.3,601.1,601.3,65503,0
20260427,170000,601.3,603.3,600,602,66784,0
20260427,180000,602,603.3,601.3,601.3,123482,0
20260427,190000,601.9,602.8,601.5,601.9,28196,0
20260427,200000,601.7,603.2,601,601.5,50286,0
20260427,210000,601.7,602.1,600.9,601.7,11429,0
20260427,220000,601.9,603.1,601.7,603.1,26553,0
20260427,230000,603,604,602.6,604,70745,0
20260428,070000,603.5,605.7,603,605.3,40226,0
20260428,080000,605.3,605.9,603.4,605.1,50055,0
20260428,090000,605.3,610.8,605.3,610.2,219619,0
20260428,100000,610.2,611.3,608,610.2,248130,0
20260428,110000,610.2,610.7,608.9,609.8,122295,0
20260428,120000,609.8,610.9,609,609.6,120383,0
20260428,130000,609.7,611.4,600.8,601.9,1009156,0
20260428,140000,601.9,602.5,598.8,600.3,601423,0
20260428,150000,600.2,604,596.4,597.2,589591,0
20260428,160000,597.2,600.5,594.2,597.4,432386,0
20260428,170000,597.5,600.4,596.6,597.2,147490,0
20260428,180000,597.2,599,596.9,597.8,73225,0
20260428,190000,598.4,600.4,592.3,595.5,222233,0
20260428,200000,595.4,596.5,594,596.4,94590,0
20260428,210000,596.4,596.8,594.9,595.3,29411,0
20260428,220000,595.2,596.6,595,596.5,19296,0
20260428,230000,596.4,597,594.6,596.9,68129,0
20260429,070000,596.8,599.4,595,598,35628,0
20260429,080000,598,598.4,596.1,596.7,24277,0
20260429,090000,596.8,597.8,593.3,594.8,76227,0
20260429,100000,594.8,595.3,591,594,250183,0
20260429,110000,593.8,598.3,593,597.6,185243,0
20260429,120000,597.6,598.4,595.7,596.6,116212,0
20260429,130000,596.5,596.6,591.4,591.6,174172,0
20260429,140000,591.8,592.9,591.2,591.5,138009,0
20260429,150000,591.4,592.7,588.4,590.5,190916,0
20260429,160000,590.5,598,590,590.7,447145,0
20260429,170000,590.7,592.8,583.2,583.3,487887,0
20260429,180000,583.4,585.1,581.6,583.3,242600,0
20260429,190000,582.5,584,582.1,584,92615,0
20260429,200000,583.7,587.8,580.1,582.3,470111,0
20260429,210000,582.3,584.2,581.2,582.7,113854,0
20260429,220000,582.7,583,581.2,581.8,35732,0
20260429,230000,581.7,583.5,580.5,583.5,30432,0
20260430,070000,584,585.3,581.6,582.8,99012,0
20260430,080000,583.2,584,581.8,583.6,26603,0
20260430,090000,583.6,584.5,580.7,582.4,60473,0
20260430,100000,582.3,583.4,577.5,583.3,280017,0
20260430,110000,583.4,585.1,580.6,583.8,235076,0
20260430,120000,583.7,585.6,580.1,582.6,168695,0
20260430,130000,582.7,584.9,582.1,584.8,103418,0
20260430,140000,584.8,585.3,581.7,584.8,251824,0
20260430,150000,584.9,585.4,582.3,583.2,103357,0
20260430,160000,583.4,583.9,579.3,580.5,124468,0
20260430,170000,580.6,582,579.1,579.2,117560,0
20260430,180000,579.3,581.1,576,580,200016,0
20260430,190000,579.5,580.4,579.3,580,22451,0
20260430,200000,580,581.2,579.1,581.1,33698,0
20260430,210000,581,581.8,580.4,581.5,13393,0
20260430,220000,581.8,582.4,581.4,581.9,9612,0
20260430,230000,581.9,582.1,581.1,581.6,36019,0
20260501,090000,581.6,581.6,581.6,581.6,1096,0
20260501,100000,581.6,583.3,578.8,583.2,48948,0
20260501,110000,583.2,583.3,582.4,582.8,8062,0
20260501,120000,582.5,582.8,582.2,582.4,5303,0
20260501,130000,582.4,582.8,582.1,582.4,4689,0
20260501,140000,582.4,582.5,581.4,582.1,4374,0
20260501,150000,581.7,582.1,581,581.4,7672,0
20260501,160000,581.4,581.5,580.2,580.2,9129,0
20260501,170000,580.1,580.2,578.2,578.6,28082,0
20260501,180000,579,579.5,578.8,579.3,5838,0
20260502,090000,580.3,580.3,580.3,580.3,94,0
20260502,100000,580.3,581.4,578.4,579.1,13381,0
20260502,110000,578.9,579.1,578,578.3,7418,0
20260502,120000,578.2,578.3,576.1,577.6,23483,0
20260502,130000,577.2,577.7,575.3,577.5,21237,0
20260502,140000,577.1,577.8,577,577.8,2329,0
20260502,150000,577.8,577.8,576.5,577.3,6283,0
20260502,160000,577.3,577.3,576.9,577,1884,0
20260502,170000,577,577.9,576.4,576.4,12766,0
20260502,180000,576.5,577.3,576.2,577.1,6714,0
20260503,090000,577.1,577.1,577.1,577.1,48,0
20260503,100000,577.1,577.4,576.3,576.5,3516,0
20260503,110000,576.5,577.3,576.5,576.7,4883,0
20260503,120000,576.9,576.9,576,576.7,5058,0
20260503,130000,576.7,576.8,576.1,576.5,2093,0
20260503,140000,576.5,576.7,576,576,3358,0
20260503,150000,576.2,576.4,576,576.4,1680,0
20260503,160000,576.4,576.5,576.1,576.5,1616,0
20260503,170000,576.4,576.6,576.2,576.3,2042,0
20260503,180000,576.6,576.9,576.3,576.7,2213,0
20260504,070000,576.7,579.6,576.7,577.6,21547,0
20260504,080000,577.2,578,577.2,577.8,5010,0
20260504,090000,577.8,579,576.9,577.7,38410,0
20260504,100000,577.8,582.4,577.2,582,100995,0
20260504,110000,582.2,582.7,574.3,574.5,222170,0
20260504,120000,574.4,577,572.8,575,125819,0
20260504,130000,575,580.3,572,573.2,251440,0
20260504,140000,573,574.1,563.9,564.4,232442,0
20260504,150000,564.5,565.3,561.1,564.5,199635,0
20260504,160000,564.5,566,562.4,564.8,199466,0
20260504,170000,564.8,569.9,564.2,569.1,269891,0
20260504,180000,569.1,574.9,568.2,573.2,253170,0
20260504,190000,573.6,575.2,572.6,574.3,82726,0
20260504,200000,574.3,575,571.3,571.4,51364,0
20260504,210000,571.4,577.9,570.8,577.4,69268,0
20260504,220000,577.5,580.8,577.1,577.5,76382,0
20260504,230000,578.1,579.3,575.5,578.8,47118,0
20260505,070000,578.8,579.9,576.4,577.4,29929,0
20260505,080000,577.1,577.9,576.7,577.5,9619,0
20260505,090000,577.4,578,575.1,577.5,40559,0
20260505,100000,577.2,581.1,574.7,574.9,154491,0
20260505,110000,574.9,576,568,572,313406,0
20260505,120000,572,581,570.9,580,283669,0
20260505,130000,579.8,581.7,577.6,578.6,177791,0
20260505,140000,578.6,579.6,576.7,578.7,155773,0
20260505,150000,578.7,584.3,578.6,583.2,247477,0
20260505,160000,583.3,583.9,581,583.5,141156,0
20260505,170000,583.5,584.1,583.2,583.9,130004,0
20260505,180000,583.9,584.7,581.1,581.3,79468,0
20260505,190000,581.8,583.4,580,580.8,55576,0
20260505,200000,580.6,581.5,580,580.2,15053,0
20260505,210000,580.2,581.5,580,581.4,8555,0
20260505,220000,581.3,581.5,580.4,580.7,11567,0
20260505,230000,581,583.9,580.7,581.4,35498,0
20260506,070000,581.5,582.8,580.2,580.5,18507,0
20260506,080000,580.5,581.9,580.4,580.4,10837,0
20260506,090000,580.8,581.1,571.5,574.2,124764,0
20260506,100000,574.3,576.7,572.2,573.1,131904,0
20260506,110000,573.1,578,572.6,574.6,105240,0
20260506,120000,574.6,574.6,566,566.4,197626,0
20260506,130000,566.3,566.3,560.7,562.5,414161,0
20260506,140000,562.4,566,561.4,565,183263,0
20260506,150000,565.1,567.4,564,565,172733,0
20260506,160000,565,568.5,563.8,567.3,190437,0
20260506,170000,567.3,569.3,564.8,569.1,126808,0
20260506,180000,569.1,571.4,568.9,570.5,75481,0
20260506,190000,570.2,571.4,567.1,567.5,56630,0
20260506,200000,567.5,568.4,566.6,566.6,22222,0
20260506,210000,566.6,567.5,565,565,22749,0
20260506,220000,565,565.9,565,565.6,7976,0
20260506,230000,565.6,567.8,560.3,565,89583,0
20260507,070000,564.7,566.2,562.6,564,36665,0
20260507,080000,564.4,564.5,561.6,562.9,36768,0
20260507,090000,562.9,564.3,561,561.9,43602,0
20260507,100000,562,562.3,557.3,557.6,155053,0
20260507,110000,557.6,562,557.4,559.5,108968,0
20260507,120000,559.5,563.4,559.2,562.7,88349,0
20260507,130000,562.6,564.2,561.7,564.1,95558,0
20260507,140000,564.1,570.4,563.3,569.5,180119,0
20260507,150000,569.3,570,566.6,567.4,167744,0
20260507,160000,567.5,567.5,563.8,564.8,172818,0
20260507,170000,564.7,567.7,564,567,75351,0
20260507,180000,567,567,563.6,565.1,73619,0
20260507,190000,565.1,566.6,564.5,566.1,16705,0
20260507,200000,566.2,567.3,565.4,565.6,15345,0
20260507,210000,565.6,565.8,565.1,565.4,8011,0
20260507,220000,565.4,566,565.1,565.6,9243,0
20260507,230000,566.1,566.2,563.9,565.3,22223,0
20260508,070000,565.5,567.8,565,565.1,18601,0
20260508,080000,565,566.1,563.3,564.6,14358,0
20260508,090000,564.3,564.6,562.5,563.6,17682,0
20260508,100000,563.5,565.5,562.1,564.8,34872,0
20260508,110000,564.9,567.3,562.4,564.2,88821,0
20260508,120000,564.2,565.7,564,564.3,27595,0
