20241223,100000,116.47,118.76,116.47,118.55,6783,0
20241223,110000,118.58,119.33,117.38,117.84,6685,0
20241223,120000,117.87,117.95,116.75,117.52,3107,0
20241223,130000,117.52,118.53,117.17,118.25,1808,0
20241223,140000,118.24,118.98,117.63,117.86,1884,0
20241223,150000,117.89,119.34,117.82,119.33,1288,0
20241223,160000,119.35,120.99,119.01,120.33,3195,0
20241223,170000,120.33,121.01,119.86,120.02,1496,0
20241223,180000,120.02,120.2,119.5,119.56,1711,0
20241223,190000,119.76,120.02,119.17,119.27,1124,0
20241223,200000,119.28,119.57,119.09,119.29,1291,0
20241223,210000,119.27,119.7,119.26,119.34,271,0
20241223,220000,119.34,119.84,119.34,119.84,230,0
20241223,230000,119.78,120.33,119.78,119.78,503,0
20241224,100000,119.9,120.32,118.67,119.78,4975,0
20241224,110000,119.98,122.47,119.33,122.11,3502,0
20241224,120000,122.14,122.39,120.74,121.2,2220,0
20241224,130000,121.17,122.22,120.85,122.03,1112,0
20241224,140000,121.87,122.98,121.77,122.89,2168,0
20241224,150000,122.95,122.99,121.79,122.39,1390,0
20241224,160000,122.39,122.39,121.14,121.62,1765,0
20241224,170000,121.69,123.46,121.46,122.85,2428,0
20241224,180000,122.8,122.94,122.3,122.3,1235,0
20241224,190000,122.47,122.72,122.02,122.32,413,0
20241224,200000,122.3,122.47,122.11,122.47,562,0
20241224,210000,122.53,122.55,122.22,122.33,235,0
20241224,220000,122.37,122.43,122.23,122.23,637,0
20241224,230000,122.23,122.25,121.9,121.9,202,0
20241225,100000,122,122.87,121.33,122.29,1799,0
20241225,110000,122.23,124.6,122.15,124.57,5456,0
20241225,120000,124.55,125.4,124.07,124.61,6328,0
20241225,130000,124.56,125.5,124.56,125.47,6715,0
20241225,140000,125.47,125.74,124.86,125.65,6808,0
20241225,150000,125.57,126.9,125.37,126.73,9644,0
20241225,160000,126.74,128.41,126.7,127.88,14626,0
20241225,170000,127.91,127.93,126.4,127.19,5294,0
20241225,180000,127.11,127.36,125.91,126.7,3572,0
20241225,190000,126.69,129.04,126.69,127.04,3301,0
20241225,200000,127.04,127.74,127.01,127.24,699,0
20241225,210000,127.34,127.98,127.12,127.81,502,0
20241225,220000,127.85,128.37,127.7,128.22,366,0
20241225,230000,128.35,129.01,127.86,128.33,2140,0
20241226,100000,128.8,129.5,127.14,128.82,4824,0
20241226,110000,128.95,129.76,127.29,127.47,8893,0
20241226,120000,127.41,128.89,127.01,128.77,2681,0
20241226,130000,128.81,129.09,128.16,128.68,1236,0
20241226,140000,128.35,129.02,127.83,129,784,0
20241226,150000,129,129.41,128.56,128.75,3112,0
20241226,160000,128.88,129.01,128.27,128.51,732,0
20241226,170000,128.53,128.74,127.88,128.33,1129,0
20241226,180000,128.34,128.38,127.5,128.22,483,0
20241226,190000,128.19,128.68,127.86,128.27,1168,0
20241226,200000,128.27,128.27,127.4,127.4,1423,0
20241226,210000,127.42,127.53,126.01,126.4,1607,0
20241226,220000,126.58,127.09,126.29,126.79,1517,0
20241226,230000,126.87,127.1,126.5,126.97,577,0
20241227,100000,127,127.99,126.66,127.85,1548,0
20241227,110000,127.73,128.39,127.73,127.93,1576,0
20241227,120000,128.03,128.15,127.34,128.04,2040,0
20241227,130000,128.04,128.1,127.48,127.56,619,0
20241227,140000,127.58,127.78,127.01,127.6,694,0
20241227,150000,127.69,128.17,127.47,127.93,425,0
20241227,160000,127.92,128.17,127.4,127.57,350,0
20241227,170000,127.55,127.58,127.25,127.47,351,0
20241227,180000,127.39,127.87,126.08,127.47,1976,0
20241227,190000,127.54,127.85,127.2,127.51,965,0
20241227,200000,127.61,128.15,127.61,127.93,911,0
20241227,210000,127.93,127.96,127.77,127.95,497,0
20241227,220000,127.9,128,127.88,127.96,3838,0
20241227,230000,127.97,128,127.84,127.85,686,0
20241228,100000,127.84,130.11,127.73,129.5,4352,0
20241228,110000,129.5,129.94,129.26,129.8,2340,0
20241228,120000,129.79,130.06,129.54,129.74,2805,0
20241228,130000,129.74,129.86,129.24,129.54,403,0
20241228,140000,129.54,129.75,129.31,129.33,2041,0
20241228,150000,129.38,129.89,129.25,129.69,471,0
20241228,160000,129.7,129.8,128.43,128.92,1279,0
20241228,170000,128.93,129.29,128.47,129.16,872,0
20241228,180000,129.15,129.31,128.55,128.8,531,0
20241228,190000,128.83,129.51,128.8,128.82,540,0
20241228,200000,129,129.53,129,129.47,280,0
20241228,210000,129.51,129.57,129.25,129.4,121,0
20241228,220000,129.36,129.7,129.34,129.7,149,0
20241228,230000,129.65,130.07,129.38,129.9,1671,0
20241230,100000,129.88,133,129.88,131.91,5201,0
20241230,110000,131.91,132.11,131.43,131.97,2690,0
20241230,120000,131.94,132.4,131.55,131.55,913,0
20241230,130000,131.58,131.6,131,131.32,2051,0
20241230,140000,131.31,132.19,131.29,131.94,1528,0
20241230,150000,131.94,132.33,131.41,131.69,1748,0
20241230,160000,131.6,132,131.58,131.61,437,0
20241230,170000,131.65,132.21,131.65,131.87,524,0
20241230,180000,131.99,132.68,131.99,132.42,968,0
20241230,190000,132.43,132.63,132.12,132.29,1500,0
20241230,200000,132.39,132.42,132.33,132.42,129,0
20241230,210000,132.4,132.82,132.31,132.57,3087,0
20241230,220000,132.6,133.31,132.48,133.28,510,0
20241230,230000,133.24,133.65,133.1,133.26,404,0
20250103,100000,133.21,133.21,128.77,129,8170,0
20250103,110000,129,129.98,128,129.52,5388,0
20250103,120000,129.51,129.65,128.64,128.94,1200,0
20250103,130000,128.94,129.21,128.51,128.91,1221,0
20250103,140000,128.9,129.4,128.5,129.01,970,0
20250103,150000,129,129.5,128.83,128.97,317,0
20250103,160000,128.87,129.29,128.74,129.04,371,0
20250103,170000,129.06,129.43,128.94,128.94,117,0
20250103,180000,128.86,129.1,128.51,128.51,185,0
20250103,190000,128.51,129.9,127.1,128.81,600,0
20250103,200000,128.83,129,128.79,128.89,32,0
20250103,210000,128.84,128.93,128.79,128.9,41,0
20250103,220000,128.91,128.91,128.78,128.83,34,0
20250103,230000,128.83,128.98,128.78,128.98,261,0
20250106,100000,128.7,128.98,126.29,127.59,4264,0
20250106,110000,127.58,128.47,127.42,128.28,2828,0
20250106,120000,128.26,128.37,127.7,127.7,692,0
20250106,130000,127.7,128.14,127.7,127.89,323,0
20250106,140000,127.96,128.27,127.68,128.14,840,0
20250106,150000,128.03,128.44,128.03,128.21,226,0
20250106,160000,128.11,128.27,127.85,128.17,654,0
20250106,170000,128.25,128.43,128.09,128.25,115,0
20250106,180000,128.22,128.48,127.99,128.48,376,0
20250106,190000,128.01,128.22,127.95,127.95,70,0
20250106,200000,127.99,127.99,127.73,127.89,242,0
20250106,210000,127.87,127.99,127.87,127.9,22,0
20250106,220000,127.86,128.23,127.86,128.23,428,0
20250106,230000,128.2,128.58,128.1,128.49,186,0
20250108,100000,128,129.9,128,129,1538,0
20250108,110000,129,129.8,128.95,129.5,2758,0
20250108,120000,129.55,129.58,129,129.34,252,0
20250108,130000,129.38,129.4,129.09,129.4,359,0
20250108,140000,129.33,129.63,129.32,129.51,535,0
20250108,150000,129.55,129.79,129.32,129.52,316,0
20250108,160000,129.59,129.71,129.45,129.67,524,0
20250108,170000,129.72,129.92,129.59,129.75,1558,0
20250108,180000,129.77,129.77,129.37,129.75,223,0
20250108,190000,129.71,129.77,129.6,129.71,147,0
20250108,200000,129.74,129.77,129.69,129.75,31,0
20250108,210000,129.69,129.69,129.52,129.58,63,0
20250108,220000,129.6,129.69,129.3,129.58,1026,0
20250108,230000,129.58,129.76,129.53,129.6,299,0
20250109,100000,129.55,129.67,127.88,127.88,5203,0
20250109,110000,127.89,128.16,127.06,127.64,2627,0
20250109,120000,127.64,127.64,126.2,126.53,3394,0
20250109,130000,126.42,127.13,126.21,126.63,1811,0
20250109,140000,126.63,126.63,125,125.15,2457,0
20250109,150000,125.17,125.6,124.54,124.81,4482,0
20250109,160000,124.94,125.98,124.6,125.7,3861,0
20250109,170000,125.74,125.98,124.89,124.98,1093,0
20250109,180000,124.98,125,124.4,124.42,1119,0
20250109,190000,124.4,124.87,124.4,124.75,679,0
20250109,200000,124.75,124.75,123.85,124.09,1074,0
20250109,210000,124,124.25,123.65,124.04,709,0
20250109,220000,124.11,124.4,124.11,124.27,169,0
20250109,230000,124.35,124.57,124.17,124.17,141,0
20250110,100000,124.2,125.98,124.2,124.93,3344,0
20250110,110000,124.86,125.07,122.64,123.64,3739,0
20250110,120000,123.68,123.78,121.56,121.72,2624,0
20250110,130000,121.86,125.47,121.69,125.4,6887,0
20250110,140000,125.22,126.41,124.63,125.12,6570,0
20250110,150000,125.18,126.4,125.17,125.43,2250,0
20250110,160000,125.41,126.18,124.72,125.68,728,0
20250110,170000,125.75,127.25,125.18,127.19,1799,0
20250110,180000,127.17,127.42,124.72,126.3,2256,0
20250110,190000,126.23,126.88,125.89,126.19,1028,0
20250110,200000,126.09,126.4,126.02,126.11,133,0
20250110,210000,126.12,126.93,126.12,126.8,528,0
20250110,220000,126.8,126.85,126.61,126.84,159,0
20250110,230000,126.9,126.96,126.54,126.81,258,0
20250113,100000,127.33,129.91,127.33,129.05,6802,0
20250113,110000,129.03,130.88,128.43,130.09,5812,0
20250113,120000,130.09,130.91,129.64,130.38,6884,0
20250113,130000,130.21,130.42,129.51,129.67,1571,0
20250113,140000,129.8,130.19,129.03,129.31,2354,0
20250113,150000,129.25,130.39,129,130.22,3166,0
20250113,160000,130.18,130.61,130.09,130.46,1254,0
20250113,170000,130.42,132.74,130.38,132.01,4248,0
20250113,180000,132.15,132.27,131.78,132.18,2073,0
20250113,190000,132.15,132.21,131.27,131.27,1561,0
20250113,200000,131.29,131.6,131.01,131.16,1139,0
20250113,210000,131.12,131.21,130.54,130.54,819,0
20250113,220000,130.65,131.67,130.61,131.61,649,0
20250113,230000,131.62,131.88,131.33,131.74,779,0
20250114,100000,131.35,131.64,130.1,130.73,4532,0
20250114,110000,130.73,134.76,130.41,134.04,7912,0
20250114,120000,134.14,134.33,133.01,133.71,5989,0
20250114,130000,133.73,134.96,133.68,134.35,5717,0
20250114,140000,134.22,134.64,133.8,133.93,2549,0
20250114,150000,134.04,134.23,133.59,134.17,1499,0
20250114,160000,134.17,134.64,133.83,134.07,1487,0
20250114,170000,134.07,134.07,132.84,133.63,1205,0
20250114,180000,133.68,134.01,133.01,133.09,983,0
20250114,190000,133.08,133.18,132.27,132.84,1314,0
20250114,200000,132.81,133.36,132.81,133.02,752,0
20250114,210000,133,133.58,132.93,133.48,430,0
20250114,220000,133.43,133.57,133.21,133.3,202,0
20250114,230000,133.32,133.53,133.2,133.2,156,0
20250115,100000,133.24,134.5,132.68,133.05,5800,0
20250115,110000,133.25,133.53,132.87,133.27,1061,0
20250115,120000,133.21,133.74,131.97,132.26,1814,0
20250115,130000,132.2,132.88,132.09,132.49,832,0
20250115,140000,132.49,132.99,132.18,132.87,606,0
20250115,150000,132.8,133.72,132.44,133.32,947,0
20250115,160000,133.27,133.27,132.82,132.95,344,0
20250115,170000,133.02,133.04,132.39,132.8,1486,0
20250115,180000,132.84,132.96,132.54,132.82,302,0
20250115,190000,132.91,136,132.91,135.04,9259,0
20250115,200000,135,135.47,134.6,134.63,826,0
20250115,210000,134.61,135.82,134.45,135.59,918,0
20250115,220000,135.59,136.12,135.5,135.99,1766,0
20250115,230000,135.99,136.76,135.99,136.55,2307,0
20250116,100000,136.6,136.93,135.39,136.12,4553,0
20250116,110000,136.1,136.61,135.73,136.48,1254,0
20250116,120000,136.48,137.71,136.48,136.71,4128,0
20250116,130000,136.74,136.9,136.51,136.85,871,0
20250116,140000,136.86,137.62,136.85,137.4,2343,0
20250116,150000,137.4,137.56,137,137.19,1210,0
20250116,160000,137.09,137.09,134.26,135.67,8875,0
20250116,170000,135.67,136.5,135.13,136.46,2523,0
20250116,180000,136.34,136.35,135.8,136.15,1568,0
20250116,190000,136.02,136.4,135.65,135.82,477,0
20250116,200000,135.8,135.82,135.17,135.27,509,0
20250116,210000,135.27,135.7,135.16,135.32,378,0
20250116,220000,135.56,135.91,135.54,135.75,131,0
20250116,230000,135.89,135.9,135.52,135.56,123,0
20250117,100000,135.43,135.99,134.91,135.94,3611,0
20250117,110000,135.94,137.23,135.93,136.61,5651,0
20250117,120000,136.74,137,136.41,136.86,1103,0
20250117,130000,136.79,138.17,136.57,137.43,4526,0
20250117,140000,137.49,137.78,137.12,137.5,1821,0
20250117,150000,137.5,137.8,137.01,137.6,4306,0
20250117,160000,137.64,139.25,137.6,139.18,3184,0
20250117,170000,139.16,139.2,138.56,138.64,2829,0
20250117,180000,138.64,138.73,138.38,138.66,769,0
20250117,190000,138.69,139.4,138.69,138.9,1309,0
20250117,200000,138.9,139.06,138.49,138.6,543,0
20250117,210000,138.64,138.96,138.49,138.84,450,0
20250117,220000,138.84,139.12,138.84,139.05,376,0
20250117,230000,139.08,139.19,138.85,139.14,596,0
20250120,100000,140.07,141.02,139.9,140.38,6519,0
20250120,110000,140.41,140.41,139.21,139.91,2539,0
20250120,120000,139.91,139.94,137.9,138.13,2143,0
20250120,130000,138.1,138.88,136.81,138.48,2533,0
20250120,140000,138.22,139.23,137.95,138.99,823,0
20250120,150000,138.92,139.87,138.07,138.84,2706,0
20250120,160000,139.04,139.78,139,139.13,1158,0
20250120,170000,139.08,139.33,138.19,138.2,2193,0
20250120,180000,138.21,138.49,137.58,137.99,1439,0
20250120,190000,137.99,138.65,137.34,137.99,629,0
20250120,200000,138.08,139.49,137.79,137.8,1792,0
20250120,210000,137.8,138.06,136.81,137.58,1810,0
20250120,220000,137.66,137.76,137.05,137.17,275,0
20250120,230000,137.15,137.32,136.72,137.19,558,0
20250121,100000,137.26,138.93,137.16,138.43,3641,0
20250121,110000,138.57,138.6,137.5,137.57,1055,0
20250121,120000,137.54,137.85,136.9,136.94,2079,0
20250121,130000,136.94,137.54,136.71,137.31,2224,0
20250121,140000,137.18,138.9,135.49,135.7,5173,0
20250121,150000,135.59,136.26,135.55,135.69,2590,0
20250121,160000,135.73,136.25,135.4,135.92,2059,0
20250121,170000,136.02,137.44,135.79,137.28,966,0
20250121,180000,137.44,137.78,136.93,137.62,1025,0
20250121,190000,137.45,137.69,137.17,137.43,830,0
20250121,200000,137.43,137.88,137.43,137.8,141,0
20250121,210000,137.77,137.81,137.64,137.64,67,0
20250121,220000,137.59,138,137.59,137.98,329,0
20250121,230000,138.1,138.38,138.1,138.37,200,0
20250122,100000,138.2,138.28,136.57,137,1951,0
20250122,110000,136.91,137.99,136.91,137.99,2097,0
20250122,120000,137.99,138.48,137.45,138.26,1504,0
20250122,130000,138.25,138.69,137.52,138.1,2646,0
20250122,140000,138.15,139.31,138.12,138.99,1598,0
20250122,150000,139,139.11,138.09,138.13,469,0
20250122,160000,138.25,138.5,137.75,137.88,1246,0
20250122,170000,138.12,138.83,138.11,138.33,1129,0
20250122,180000,138.3,138.96,138.28,138.8,734,0
20250122,190000,139.09,139.74,137.05,137.2,2436,0
20250122,200000,137.17,137.49,136.17,137.32,1408,0
20250122,210000,137.44,137.45,137.01,137.45,436,0
20250122,220000,137.43,137.62,137.23,137.23,129,0
20250122,230000,137.23,137.24,136.8,137.06,595,0
20250123,100000,136.68,137.2,136,137.14,1368,0
20250123,110000,137.11,137.39,136.1,136.66,774,0
20250123,120000,136.58,136.64,135.71,136.02,2141,0
20250123,130000,136.01,137.02,135.92,136.78,776,0
20250123,140000,136.86,137.8,136.45,137.53,2135,0
20250123,150000,137.56,137.57,136.9,137.1,417,0
20250123,160000,136.92,137.56,136.78,137.34,1948,0
20250123,170000,137.44,137.54,136.87,137.08,788,0
20250123,180000,137.17,137.2,136.54,136.66,288,0
20250123,190000,136.55,136.89,135.82,136.73,2666,0
20250123,200000,136.7,138.27,136.7,137.4,1242,0
20250123,210000,137.36,137.48,137.04,137.22,400,0
20250123,220000,137.23,137.38,137.1,137.15,257,0
20250123,230000,137.15,138.2,137.11,137.96,558,0
20250124,100000,138.21,139.05,137.76,138.23,4610,0
20250124,110000,138.24,138.54,138.02,138.29,2047,0
20250124,120000,138.29,139,137.87,138.66,1153,0
20250124,130000,138.8,139.05,138.49,138.59,1009,0
20250124,140000,138.48,139.43,138.46,139.32,592,0
20250124,150000,139.38,139.48,138.96,139.08,1886,0
20250124,160000,139.09,139.22,137.94,138.21,2370,0
20250124,170000,138.19,138.62,137.37,138.23,3561,0
20250124,180000,138.17,138.57,138.12,138.29,1123,0
20250124,190000,138.05,138.48,138,138.31,1308,0
20250124,200000,138.33,138.74,138.32,138.52,350,0
20250124,210000,138.41,138.45,138.04,138.45,728,0
20250124,220000,138.45,138.55,138.27,138.45,2032,0
20250124,230000,138.48,138.68,138.28,138.55,445,0
20250127,090000,138.56,138.56,137.65,137.91,783,0
20250127,100000,137.91,138,137.39,137.69,1498,0
20250127,110000,137.64,137.64,136.5,136.5,2704,0
20250127,120000,136.52,137.18,136.25,137.03,2165,0
20250127,130000,136.92,137.39,136.6,137.22,1341,0
20250127,140000,137.07,137.15,136.66,136.74,1953,0
20250127,150000,136.74,137.35,136.63,137.16,926,0
20250127,160000,137.24,137.24,136.38,136.38,2850,0
20250127,170000,136.34,136.7,135.57,135.99,2924,0
20250127,180000,135.99,136.36,135.76,135.89,905,0
20250127,190000,135.8,135.8,135.06,135.47,1045,0
20250127,200000,135.48,135.6,135.07,135.39,484,0
20250127,210000,135.3,135.3,134.18,134.33,2312,0
20250127,220000,134.3,134.9,134.18,134.76,447,0
20250127,230000,134.74,134.88,134.31,134.47,468,0
20250128,090000,134.34,135.24,134.31,134.57,682,0
20250128,100000,134.58,134.79,133.5,134.16,2571,0
20250128,110000,134.27,134.96,133.81,133.84,782,0
20250128,120000,133.82,133.82,133.07,133.7,1058,0
20250128,130000,133.83,134.38,133.61,133.94,1737,0
20250128,140000,134.03,135.83,133.96,135.19,2025,0
20250128,150000,135.23,138.88,134.68,138.05,5664,0
20250128,160000,138.05,138.82,137,137.48,5727,0
20250128,170000,137.45,137.75,136.67,137.75,2816,0
20250128,180000,137.79,138.08,137.47,137.47,1128,0
20250128,190000,137.58,137.94,137.44,137.81,283,0
20250128,200000,137.78,137.94,137.47,137.6,284,0
20250128,210000,137.56,137.79,137.53,137.71,398,0
20250128,220000,137.71,137.91,137.68,137.77,337,0
20250128,230000,137.83,138.04,137.8,137.92,277,0
20250129,090000,138.12,138.29,137.58,137.83,1049,0
20250129,100000,137.81,138.23,137.11,137.43,2181,0
20250129,110000,137.66,138.17,137.6,137.93,1985,0
20250129,120000,137.8,138.15,137.5,137.93,1437,0
20250129,130000,137.98,138.2,137.22,137.76,4630,0
20250129,140000,137.66,137.85,137.01,137.16,943,0
20250129,150000,137.05,137.49,136.88,137.02,645,0
20250129,160000,137,137.27,136.7,136.72,333,0
20250129,170000,136.7,137.5,136.23,137.38,3119,0
20250129,180000,137.25,137.56,137.08,137.28,347,0
20250129,190000,137.42,137.48,136.55,136.97,325,0
20250129,200000,137,137.37,136.98,137.33,402,0
20250129,210000,137.31,137.98,137.05,137.41,1882,0
20250129,220000,137.44,137.59,137.25,137.39,1674,0
20250129,230000,137.38,137.41,137.12,137.33,304,0
20250130,090000,137.34,138.3,137.34,138.11,1682,0
20250130,100000,138.1,138.18,137.45,137.78,2205,0
20250130,110000,137.92,138.57,137.91,138.06,5116,0
20250130,120000,138.13,138.42,137.6,138,655,0
20250130,130000,137.87,138.34,137.67,138.15,220,0
20250130,140000,138.12,139,138.02,138.61,5355,0
20250130,150000,138.65,139.31,138.62,138.94,2471,0
20250130,160000,138.98,139.21,138.84,138.91,1768,0
20250130,170000,138.88,139.61,138.73,139.61,2224,0
20250130,180000,139.6,140.48,139.55,140.06,2967,0
20250130,190000,139.62,140.29,139.62,140.24,504,0
20250130,200000,140.1,140.99,139.86,140.46,1255,0
20250130,210000,140.49,140.88,140.3,140.74,239,0
20250130,220000,140.76,140.81,140.46,140.67,265,0
20250130,230000,140.67,140.88,140.57,140.88,588,0
20250131,090000,141.6,142.43,141.21,142.19,3101,0
20250131,100000,142.21,143.6,141.89,143.15,6255,0
20250131,110000,143.15,144.33,142.71,142.71,7801,0
20250131,120000,142.71,143.29,142.33,143,1630,0
20250131,130000,142.98,142.98,142.2,142.47,1291,0
20250131,140000,142.48,143.33,142.3,142.97,550,0
20250131,150000,142.9,143.09,141.3,141.31,2062,0
20250131,160000,141.34,141.97,141.09,141.51,2782,0
20250131,170000,141.39,141.77,140.16,140.61,2317,0
20250131,180000,140.61,140.65,139.73,140.23,2368,0
20250131,190000,140.18,141.49,140.18,141.46,702,0
20250131,200000,141.5,141.54,140.75,140.8,334,0
20250131,210000,140.71,141.19,140.67,141.17,213,0
20250131,220000,141.19,141.4,140.84,140.92,368,0
20250131,230000,140.93,141.09,140.84,140.94,468,0
20250203,090000,140.05,140.85,140.05,140.1,1116,0
20250203,100000,140.1,141.8,139.88,141.7,3520,0
20250203,110000,141.79,142.3,140.92,141.43,2562,0
20250203,120000,141.4,141.4,140.5,141.29,1592,0
20250203,130000,141.23,141.98,140.88,141.63,673,0
20250203,140000,141.56,141.62,140.87,141.43,453,0
20250203,150000,141.04,141.27,139.36,140.06,3282,0
20250203,160000,140.08,140.6,139.81,140.5,935,0
20250203,170000,140.51,140.6,139.93,140,492,0
20250203,180000,140,140,138.69,139.38,3211,0
20250203,190000,139.14,140.18,139.14,140.13,741,0
20250203,200000,140.1,140.6,139.71,140.6,840,0
20250203,210000,140.51,140.61,140.2,140.31,634,0
20250203,220000,140.38,140.9,140.36,140.9,194,0
20250203,230000,140.96,141.1,139.85,139.85,352,0
20250204,090000,139.99,140.55,139.77,140.33,404,0
20250204,100000,140.3,140.43,139.65,140.02,738,0
20250204,110000,140.05,140.06,139.12,139.25,853,0
20250204,120000,139.31,139.52,138.86,138.94,475,0
20250204,130000,138.9,139.26,138.41,138.41,1310,0
20250204,140000,138.4,138.7,138.01,138.33,1883,0
20250204,150000,138.26,138.3,137.8,138.2,1862,0
20250204,160000,138.18,138.24,137.59,137.82,1286,0
20250204,170000,137.77,138.48,137.5,138.05,900,0
20250204,180000,137.91,138.38,137.64,138.03,544,0
20250204,190000,138.06,138.16,137.76,138.1,348,0
20250204,200000,138.03,138.03,137.66,137.82,138,0
20250204,210000,137.82,137.86,136.79,136.79,1889,0
20250204,220000,136.91,137.4,136.91,137,300,0
20250204,230000,137.05,137.11,136.72,137.02,2329,0
20250205,090000,136.73,137.29,136.14,137.29,1551,0
20250205,100000,137.26,138.8,136.94,137.83,2881,0
20250205,110000,137.95,138.68,137.15,137.48,3279,0
20250205,120000,137.52,139.19,137.28,138.7,2591,0
20250205,130000,138.7,138.73,137.52,137.79,2477,0
20250205,140000,137.6,138.16,137.42,137.82,717,0
20250205,150000,137.89,138.4,137.63,137.68,592,0
20250205,160000,137.7,137.97,137.5,137.74,1704,0
20250205,170000,137.74,139.41,137.69,138.94,1519,0
20250205,180000,139.13,139.4,138.77,139.09,721,0
20250205,190000,139.19,140.36,139.19,140.15,1793,0
20250205,200000,140.12,140.16,139.67,139.7,554,0
20250205,210000,139.7,139.96,139.44,139.95,299,0
20250205,220000,139.96,140.73,139.91,140.37,1701,0
20250205,230000,140.37,140.82,140.37,140.82,287,0
20250206,090000,140.2,140.73,140.2,140.64,979,0
20250206,100000,140.61,141,139.93,140.38,3072,0
20250206,110000,140.4,140.77,139.59,139.75,4817,0
20250206,120000,139.98,140.64,139.95,140.08,751,0
20250206,130000,140.09,140.16,139.19,139.54,4481,0
20250206,140000,139.54,140.47,139.37,140.37,832,0
20250206,150000,140.26,142.02,140.08,141.5,8917,0
20250206,160000,141.5,142.11,141.13,142.08,2469,0
20250206,170000,142.21,143.63,142.21,142.64,6272,0
20250206,180000,142.68,142.89,141.84,142.29,1423,0
20250206,190000,142.08,142.69,142.01,142.26,796,0
20250206,200000,142.26,142.33,141.86,142.27,465,0
20250206,210000,142.25,142.32,142.18,142.25,55,0
20250206,220000,142.27,142.66,142.2,142.21,507,0
20250206,230000,142.29,142.32,142.17,142.28,218,0
20250207,090000,142.9,142.99,142.32,142.78,633,0
20250207,100000,142.7,142.91,141.88,142.83,1846,0
20250207,110000,142.83,143.1,142.31,142.39,1748,0
20250207,120000,142.33,142.44,142.01,142.18,900,0
20250207,130000,142.32,142.78,142.1,142.5,1252,0
20250207,140000,142.37,142.37,141.15,141.56,10964,0
20250207,150000,141.55,142.15,141.48,141.6,363,0
20250207,160000,141.62,142.59,141.31,142.1,1852,0
20250207,170000,142.1,142.1,141.65,141.87,334,0
20250207,180000,141.82,142.5,141.6,142.37,697,0
20250207,190000,141.88,142.24,141.88,141.94,199,0
20250207,200000,141.96,142.39,141.92,142.16,335,0
20250207,210000,142.09,142.4,142.09,142.16,344,0
20250207,220000,142.32,142.42,142.15,142.42,1381,0
20250207,230000,142.35,142.43,142.23,142.26,247,0
20250210,090000,142.99,143.73,142.7,143.71,2317,0
20250210,100000,143.69,143.94,143.3,143.5,1815,0
20250210,110000,143.5,143.51,142.75,142.75,818,0
20250210,120000,142.69,143.12,142.67,143.11,549,0
20250210,130000,143.12,143.33,142.89,143.23,882,0
20250210,140000,143.24,144.6,143.08,144.54,4293,0
20250210,150000,144.51,144.76,143.82,144.12,8556,0
20250210,160000,144.15,144.59,144.11,144.32,2057,0
20250210,170000,144.36,144.68,144.27,144.38,333,0
20250210,180000,144.5,144.52,144.09,144.45,451,0
20250210,190000,144.2,144.64,144.2,144.42,185,0
20250210,200000,144.35,144.49,144.27,144.41,150,0
20250210,210000,144.46,144.75,144.46,144.62,211,0
20250210,220000,144.58,144.74,142.31,142.63,4358,0
20250210,230000,142.5,142.86,141,142.72,2770,0
20250211,090000,142.99,143.5,142,143.27,2980,0
20250211,100000,143.28,143.38,142.62,143.16,2854,0
20250211,110000,143.16,143.22,141.01,141.92,4263,0
20250211,120000,141.86,142.69,141.81,142.67,2027,0
20250211,130000,142.64,143.27,142.48,142.96,1369,0
20250211,140000,142.94,143.07,141.88,142.13,2008,0
20250211,150000,142.1,142.66,142.03,142.22,1182,0
20250211,160000,142.27,142.99,142.13,142.86,1407,0
20250211,170000,142.88,142.94,142.5,142.87,407,0
20250211,180000,142.89,142.89,142.36,142.66,416,0
20250211,190000,142.69,142.85,142.5,142.64,298,0
20250211,200000,142.63,142.63,142.28,142.63,157,0
20250211,210000,142.63,142.99,142.42,142.99,282,0
20250211,220000,142.94,143.33,142.82,143.22,355,0
20250211,230000,143.25,143.5,143,143,482,0
20250212,090000,143.39,144.39,143.39,144.28,922,0
20250212,100000,144.3,144.99,143.88,144.61,2412,0
20250212,110000,144.59,146.08,144.33,145.96,6609,0
20250212,120000,145.97,147.36,145.89,146.12,6641,0
20250212,130000,146.13,146.79,146.02,146.61,2845,0
20250212,140000,146.55,148.33,146.39,146.44,8081,0
20250212,150000,146.54,146.94,145.83,146.03,2487,0
20250212,160000,146.15,147.25,145.9,147.05,2612,0
20250212,170000,147.03,147.21,145.89,146.11,4418,0
20250212,180000,146.11,146.89,146.11,146.68,695,0
20250212,190000,146.11,149.62,146.01,149.51,4752,0
20250212,200000,149.63,158.7,149.59,158.02,20219,0
20250212,210000,158.04,158.96,155.04,157.54,11565,0
20250212,220000,157.74,158.96,157.74,158.96,1863,0
20250212,230000,158.96,158.96,158.95,158.96,1285,0
20250213,090000,158.96,158.96,156.05,158.96,15445,0
20250213,100000,158.96,163.98,157.32,160.02,19371,0
20250213,110000,160.05,165.1,159.26,164.9,4920,0
20250213,120000,164.9,169.9,163.98,169.74,9255,0
20250213,130000,169.71,176.88,165.31,165.49,16832,0
20250213,140000,165.49,166.82,163.2,163.34,5319,0
20250213,150000,163.21,167.7,163,166.67,4731,0
20250213,160000,166.68,167.94,165.6,166,4797,0
20250213,170000,166.03,169,165.76,168.12,4859,0
20250213,180000,168.19,169.78,165.6,167.77,3403,0
20250213,190000,167.61,167.87,164.37,166.31,2487,0
20250213,200000,166.45,166.96,165.89,166.93,604,0
20250213,210000,166.88,166.93,166,166,250,0
20250213,220000,166.05,168.24,166,168.24,764,0
20250213,230000,168.21,170.5,167.69,170.5,1074,0
20250214,090000,170.85,174.34,170.31,172.54,7734,0
20250214,100000,172.59,173.11,170.52,172.39,5089,0
20250214,110000,172.37,173.9,171.75,172.35,3156,0
20250214,120000,171.87,172.47,169.7,172.18,5832,0
20250214,130000,172.03,173,166.74,167.45,12449,0
20250214,140000,167.45,170.53,167.11,169.98,2572,0
20250214,150000,169.8,171.75,168.63,168.65,1531,0
20250214,160000,168.65,168.73,163.45,164.89,7927,0
20250214,170000,164.81,167.16,163.69,165.33,3144,0
20250214,180000,165.3,166.79,164.7,166.39,1081,0
20250214,190000,166.39,169.29,165.97,167.61,1231,0
20250214,200000,167.61,167.98,166.22,166.32,396,0
20250214,210000,166.44,167.32,166.44,167.2,242,0
20250214,220000,167.2,167.64,167.02,167.33,496,0
20250214,230000,167.45,168.51,167.44,168.4,628,0
20250217,090000,172.22,174.89,172.13,174.24,3390,0
20250217,100000,174.27,174.46,172.11,172.93,3405,0
20250217,110000,172.91,173.19,171.4,172.25,2060,0
20250217,120000,172.22,173.67,171.96,173.27,2186,0
20250217,130000,173.23,174.2,172.85,173.39,1504,0
20250217,140000,173.29,173.38,172.8,173.11,865,0
20250217,150000,173.06,174.46,172.88,174.07,1490,0
20250217,160000,174.1,174.34,172.91,173.82,2861,0
20250217,170000,173.79,174.7,173.3,174.32,2776,0
20250217,180000,174.43,176.99,173.86,176.18,5438,0
20250217,190000,176,176.97,174.94,175.05,1321,0
20250217,200000,175.05,176.29,174.58,176.25,1044,0
20250217,210000,176.15,176.97,175.34,176.55,1494,0
20250217,220000,176.55,180.37,176.41,179.4,3611,0
20250217,230000,179.35,182.49,179.35,181.5,2564,0
20250218,090000,180.2,180.26,177.22,177.78,3542,0
20250218,100000,177.76,179.2,175.6,178.16,9578,0
20250218,110000,178.16,178.24,173.19,174.03,5090,0
20250218,120000,174,176.64,173.53,175.61,2825,0
20250218,130000,175.61,176.65,175,175.46,1571,0
20250218,140000,175.75,179,174.57,178.72,2696,0
20250218,150000,178.73,179.68,171.5,173.61,7564,0
20250218,160000,173.43,175.72,172.6,173.86,3101,0
20250218,170000,173.87,174.98,173.36,173.52,1844,0
20250218,180000,173.44,175,172.71,173.89,2101,0
20250218,190000,173.61,174.29,173.07,174.14,1803,0
20250218,200000,174.2,174.24,172.98,173,930,0
20250218,210000,172.98,173,169.35,170.9,2710,0
20250218,220000,170.81,171.11,169.72,170.41,1810,0
20250218,230000,170.45,171.69,170.45,171.34,343,0
20250219,090000,171.55,172.99,170.18,172.31,1250,0
20250219,100000,172.55,172.69,171.2,171.28,2138,0
20250219,110000,171.3,171.46,169.34,169.94,3483,0
20250219,120000,169.7,170.91,169.7,170,1018,0
20250219,130000,170.11,171.84,169.43,171.18,1362,0
20250219,140000,171.1,172.2,171.01,171.7,777,0
20250219,150000,171.7,172.34,171.29,172.01,2288,0
20250219,160000,172.1,172.86,171.89,172.34,1539,0
20250219,170000,172.53,173.69,171.8,173.47,1203,0
20250219,180000,173.59,173.76,172.8,173.33,816,0
20250219,190000,173.41,176.1,172.75,175.67,2977,0
20250219,200000,175.6,177.9,175.43,177.35,3102,0
20250219,210000,177.49,178.19,176.57,176.83,1056,0
20250219,220000,176.8,177.07,175.72,175.91,868,0
20250219,230000,176.01,176.63,175.62,176.35,469,0
20250220,090000,176.08,176.86,174.8,175.32,1782,0
20250220,100000,175.1,175.5,174.2,174.47,1209,0
20250220,110000,174.35,174.58,173.5,173.98,1325,0
20250220,120000,173.95,175.25,173.17,175.25,1501,0
20250220,130000,175.28,175.37,174.37,174.61,690,0
20250220,140000,174.59,175.22,174.03,175.07,1161,0
20250220,150000,174.91,175.73,174.49,175.34,1326,0
20250220,160000,175.34,175.65,174.99,175.27,2098,0
20250220,170000,175.27,175.35,174.49,174.9,766,0
20250220,180000,174.9,174.91,172.47,173.12,1194,0
20250220,190000,173.03,173.92,172.8,173.68,1229,0
20250220,200000,173.51,173.83,172.71,173.79,533,0
20250220,210000,173.77,174,173.32,174,175,0
20250220,220000,174,174.18,173.86,173.96,245,0
20250220,230000,173.84,173.94,173.3,173.33,417,0
20250221,090000,173.39,174.38,173.29,174.37,404,0
20250221,100000,174.31,174.64,173.59,174.22,2939,0
20250221,110000,174.36,174.59,173.67,174.08,812,0
20250221,120000,174.08,174.37,172.83,172.91,772,0
20250221,130000,172.9,173.17,170.5,170.72,2661,0
20250221,140000,170.72,171,168.48,170.64,4717,0
20250221,150000,170.37,170.5,168.72,168.76,1758,0
20250221,160000,168.75,170.04,168,169.36,2505,0
20250221,170000,169.25,170.54,169.07,170.4,1032,0
20250221,180000,169.92,170.77,169.88,170.7,1128,0
20250221,190000,170.97,171.26,169.58,170.25,2282,0
20250221,200000,170.19,170.59,169.4,170.29,490,0
20250221,210000,170.31,170.84,170.2,170.25,1096,0
20250221,220000,170.31,170.83,170.31,170.83,451,0
20250221,230000,170.72,172,170.55,171.41,2054,0
20250224,090000,171.62,172.34,171.21,171.94,1040,0
20250224,100000,171.92,172.75,170.08,170.38,2404,0
20250224,110000,170.36,171.41,170.21,170.44,1566,0
20250224,120000,170.55,171.09,169.75,170.79,4289,0
20250224,130000,170.61,171.02,170.1,170.33,3926,0
20250224,140000,170.38,171.03,170.38,170.4,1375,0
20250224,150000,170.4,170.74,169.95,170.28,1026,0
20250224,160000,170.33,170.89,169.56,170.89,1164,0
20250224,170000,170.75,172.3,170.58,171.73,1060,0
20250224,180000,171.59,174.51,171.42,172.82,1570,0
20250224,190000,172.62,172.68,171.35,171.72,1157,0
20250224,200000,171.74,176.16,171.72,175.84,3823,0
20250224,210000,175.84,176.4,174.76,175.81,1998,0
20250224,220000,175.7,176.07,175.14,175.83,771,0
20250224,230000,175.76,177.7,175.51,177.7,1477,0
20250225,090000,177.5,179.99,177,178.8,2632,0
20250225,100000,178.81,179.11,176.9,177.72,1625,0
20250225,110000,177.7,179.11,176.51,176.51,1391,0
20250225,120000,176.51,177.41,176.26,177.15,695,0
20250225,130000,177.1,177.46,175.94,176.3,555,0
20250225,140000,176.47,177.64,176.47,177.64,651,0
20250225,150000,177.64,178.27,177.03,177.1,864,0
20250225,160000,177.06,177.64,177.06,177.33,1223,0
20250225,170000,177.33,177.41,176.81,177.32,535,0
20250225,180000,177.31,177.31,174.1,174.68,3233,0
20250225,190000,174.71,175.78,174.71,175.22,959,0
20250225,200000,175.2,175.52,174.77,175.1,236,0
20250225,210000,175.14,175.85,175.09,175.7,573,0
20250225,220000,175.68,176.52,175.68,176.24,455,0
20250225,230000,176.13,176.23,175.1,175.35,311,0
20250226,090000,175.08,175.4,173.82,174.28,909,0
20250226,100000,174.17,174.3,173.04,174.2,1949,0
20250226,110000,174.3,174.47,173.23,173.42,791,0
20250226,120000,173.38,173.92,172.57,173.32,1141,0
20250226,130000,173.32,173.68,170.36,170.71,3136,0
20250226,140000,170.91,172.21,170.17,171.47,2354,0
20250226,150000,171.36,171.64,169.92,170.66,2665,0
20250226,160000,170.51,171.98,169.72,171.98,2486,0
20250226,170000,171.98,172.2,170.7,171.81,1343,0
20250226,180000,171.87,172.01,170.35,171.43,1139,0
20250226,190000,171,171.11,169.52,170.32,1982,0
20250226,200000,170.31,171.35,169.16,169.64,1462,0
20250226,210000,169.67,170,169.2,169.36,1291,0
20250226,220000,169.35,169.99,169.2,169.55,383,0
20250226,230000,169.55,169.76,169.21,169.65,379,0
20250227,090000,168.86,171,168.5,170.2,1574,0
20250227,100000,170.2,172.14,170,171.24,8374,0
20250227,110000,171.16,171.34,169.42,170.31,3017,0
20250227,120000,170.48,171.36,169.19,169.76,4248,0
20250227,130000,169.32,170.75,168.64,170.48,2609,0
20250227,140000,170.23,170.23,169.17,169.5,731,0
20250227,150000,169.35,172,169.32,170.94,1280,0
20250227,160000,170.79,172.58,169.94,170.49,2179,0
20250227,170000,170.42,170.99,170.03,170.99,807,0
20250227,180000,170.96,171.26,170.02,170.57,391,0
20250227,190000,170.31,170.31,168.7,169.73,1467,0
20250227,200000,169.73,170,167.84,168.13,955,0
20250227,210000,168.21,168.87,167.65,168.59,1059,0
20250227,220000,168.54,168.95,167.19,167.71,896,0
20250227,230000,167.59,170,166.85,169.82,1242,0
20250228,090000,168,168.55,167.64,168.34,962,0
20250228,100000,168.25,168.62,164.16,165.3,5251,0
20250228,110000,165.28,166.32,164.5,166.32,3706,0
20250228,120000,166.31,166.5,164.76,165.04,3035,0
20250228,130000,165.07,166.26,164.93,166.12,785,0
20250228,140000,166.11,167.61,165.77,166.73,3230,0
20250228,150000,166.68,166.74,165.01,165.57,993,0
20250228,160000,165.55,166.82,165.4,166.4,1161,0
20250228,170000,166.4,168.14,165.89,167.61,1322,0
20250228,180000,167.68,168.74,167.65,168.19,956,0
20250228,190000,168.2,170.36,167.6,170.3,1647,0
20250228,200000,170.41,172.55,169.39,171.7,3191,0
20250228,210000,171.78,172.2,167.12,169.65,4202,0
20250228,220000,169.65,170.14,168.31,169.91,849,0
20250228,230000,170.09,171.38,169.85,171.04,1747,0
20250303,090000,169.88,170.33,168.67,169.82,2222,0
20250303,100000,169.65,169.69,167.03,167.06,4148,0
20250303,110000,167.01,167.93,165.2,166.27,5311,0
20250303,120000,166.2,166.29,163.91,165.34,4404,0
20250303,130000,165.3,166.22,164.59,165.86,2745,0
20250303,140000,165.86,166.68,164.96,166.53,2572,0
20250303,150000,166.53,166.55,165.5,166.32,2123,0
20250303,160000,166.24,168,166.09,167.41,2468,0
20250303,170000,167.39,167.91,165.96,166.19,1817,0
20250303,180000,166.16,166.51,165.35,165.85,2005,0
20250303,190000,165.73,167.87,164.5,167.03,2203,0
20250303,200000,167.03,167.74,166.7,167.55,424,0
20250303,210000,167.46,167.54,165.5,165.92,1068,0
20250303,220000,166.19,171.79,165.95,170.95,3252,0
20250303,230000,171.23,171.43,169.01,169.6,912,0
20250304,090000,171,171.89,170.12,170.7,1967,0
20250304,100000,170.85,172.7,169.99,171.51,2914,0
20250304,110000,171.69,172.47,170.31,172.07,3523,0
20250304,120000,172.07,172.33,171.04,171.04,3921,0
20250304,130000,171.07,172.1,170.81,171.64,1489,0
20250304,140000,171.46,172.39,171.02,171.9,3614,0
20250304,150000,171.85,172.31,171.37,171.82,1403,0
20250304,160000,171.86,172.62,171.42,172.5,2699,0
20250304,170000,172.4,172.4,171.56,172.07,3943,0
20250304,180000,172.07,173.7,172.05,173.7,5384,0
20250304,190000,173.73,175.55,173.59,174.49,3221,0
20250304,200000,174.58,174.58,173.3,174.02,1048,0
20250304,210000,174.06,174.28,173.46,174.06,677,0
20250304,220000,174.06,174.7,173.93,174.46,1033,0
20250304,230000,174.52,174.55,174.02,174.49,306,0
20250305,090000,172.83,172.83,171.49,172.3,1900,0
20250305,100000,172.15,172.65,171.34,171.96,1418,0
20250305,110000,172.03,175.14,171.98,175.14,1949,0
20250305,120000,175.14,178.13,174.51,175.7,4314,0
20250305,130000,175.76,176.27,175.4,175.69,614,0
20250305,140000,175.73,175.73,174.24,175.06,2388,0
20250305,150000,175.07,175.64,173.7,174.44,2326,0
20250305,160000,174.38,175.12,173.81,174.77,2453,0
20250305,170000,174.8,175.2,174.5,174.81,1308,0
20250305,180000,174.8,176.14,174.8,175.89,518,0
20250305,190000,175.75,176.68,174.51,175.43,686,0
20250305,200000,175.39,175.39,174.56,174.74,369,0
20250305,210000,174.75,174.87,174.12,174.78,675,0
20250305,220000,174.83,175,172.14,172.15,1830,0
20250305,230000,172.27,173.9,171.29,171.48,1531,0
20250306,090000,172.05,173.02,172.05,172.89,973,0
20250306,100000,172.75,173.66,171.81,173.04,1359,0
20250306,110000,172.89,173.05,171.64,172.64,2639,0
20250306,120000,172.68,172.68,171.55,171.77,424,0
20250306,130000,171.81,171.81,170.33,170.55,1844,0
20250306,140000,170.81,171.79,170.58,170.75,644,0
20250306,150000,170.75,172.08,170.51,171.71,2138,0
20250306,160000,171.81,175.93,171.32,174.36,3268,0
20250306,170000,174.35,175.31,173.64,174.11,1680,0
20250306,180000,173.87,173.95,172.43,172.9,1667,0
20250306,190000,172.74,173.88,172.72,173.45,270,0
20250306,200000,173.45,174.14,172.83,173.82,461,0
20250306,210000,173.7,173.8,173.1,173.46,738,0
20250306,220000,173.29,173.29,172.23,172.9,1700,0
20250306,230000,172.83,173.57,172.49,173.2,232,0
20250307,090000,174,174.4,173.63,173.64,802,0
20250307,100000,173.69,174.98,173.4,174.18,1006,0
20250307,110000,174.15,174.52,173.8,174.15,1064,0
20250307,120000,174.11,174.21,173.53,173.72,432,0
20250307,130000,173.75,174.52,173.75,173.92,235,0
20250307,140000,173.93,174.31,173.78,174.02,155,0
20250307,150000,174.16,174.23,173.74,173.75,405,0
20250307,160000,174.13,174.51,173.9,174.46,329,0
20250307,170000,174.51,174.59,168.41,171.44,9444,0
20250307,180000,171.27,171.51,169.71,170.26,4280,0
20250307,190000,170.06,171.92,170.06,171.43,1414,0
20250307,200000,171.39,172.42,171.07,171.73,1256,0
20250307,210000,172.27,172.27,171.28,171.58,1176,0
20250307,220000,171.66,172.4,171.41,171.89,991,0
20250307,230000,172,172.66,171.63,171.63,419,0
20250310,090000,172.45,172.83,171.99,172.52,923,0
20250310,100000,172.69,172.69,171,171.62,1157,0
20250310,110000,171.45,171.82,171.2,171.58,1100,0
20250310,120000,171.23,172.01,170.82,171.92,577,0
20250310,130000,171.9,172.71,171.7,172.71,497,0
20250310,140000,172.32,172.77,172.32,172.36,495,0
20250310,150000,172.39,172.61,171.79,172.07,325,0
20250310,160000,172.04,172.67,171.71,172.2,515,0
20250310,170000,172.21,172.5,171.75,171.77,421,0
20250310,180000,171.91,172.12,171.69,171.78,274,0
20250310,190000,171.81,172.11,171.5,171.79,589,0
20250310,200000,171.7,171.7,170.39,171.06,697,0
20250310,210000,170.86,171.35,170.74,171.35,581,0
20250310,220000,171.33,171.33,171.11,171.15,137,0
20250310,230000,171.09,171.55,171.09,171.2,299,0
20250311,090000,170.62,171.27,170.06,170.8,520,0
20250311,100000,170.65,171.34,170,170.74,1212,0
20250311,110000,171.3,172.03,171.29,171.37,2314,0
20250311,120000,171.37,171.55,170.8,171.15,2109,0
20250311,130000,171.26,171.75,170.95,171.27,850,0
20250311,140000,171.12,171.13,169.84,170.28,548,0
20250311,150000,170.13,170.96,169.39,170.72,2766,0
20250311,160000,170.71,171.49,170.57,170.7,2960,0
20250311,170000,170.95,171.86,170.47,170.77,887,0
20250311,180000,170.75,170.91,170.32,170.65,701,0
20250311,190000,170.64,171.8,170.38,171.68,554,0
20250311,200000,171.75,172.78,171.2,171.83,676,0
20250311,210000,171.59,172.32,169.5,170.18,2671,0
20250311,220000,170.04,170.63,169.71,170.63,417,0
20250311,230000,170.78,171.19,170.64,170.81,532,0
20250312,090000,170.14,170.68,169.8,169.89,861,0
20250312,100000,169.89,170.15,168.56,168.64,1324,0
20250312,110000,168.78,169.62,168.65,169.16,601,0
20250312,120000,169.1,170.25,168.79,169.74,1717,0
20250312,130000,169.7,169.73,168.2,168.54,917,0
20250312,140000,168.42,169,167.93,169,1073,0
20250312,150000,169.01,169.51,168.59,169.26,284,0
20250312,160000,169.29,169.82,168.55,168.56,553,0
20250312,170000,168.62,168.94,168.4,168.66,397,0
20250312,180000,168.66,168.97,168.3,168.3,232,0
20250312,190000,168.91,169.38,168.65,168.76,470,0
20250312,200000,168.77,169.12,168.4,169.05,122,0
20250312,210000,169.07,169.26,168.71,168.72,175,0
20250312,220000,168.74,169.04,168.55,168.94,236,0
20250312,230000,168.81,168.9,168.49,168.49,431,0
20250313,090000,167.2,167.62,166.2,166.41,2209,0
20250313,100000,166.43,166.7,165.15,165.46,2722,0
20250313,110000,165.51,165.74,163.48,163.59,6521,0
20250313,120000,163.59,165.43,162.6,165.28,5512,0
20250313,130000,165.29,165.87,163.15,164,3828,0
20250313,140000,163.98,164.49,162.68,162.73,2167,0
20250313,150000,162.73,164.03,161.1,161.75,5284,0
20250313,160000,161.72,165.42,161.28,163.49,7025,0
20250313,170000,163.45,164.49,162.96,163.39,1915,0
20250313,180000,163.44,166.48,162.79,166.48,1944,0
20250313,190000,166.48,172.22,163.25,169.25,5908,0
20250313,200000,169.4,169.75,168.01,168.8,1458,0
20250313,210000,168.8,170.39,168.67,169.4,902,0
20250313,220000,169.43,170.5,169.05,169.77,1191,0
20250313,230000,169.79,169.9,168.31,168.53,964,0
20250314,090000,166.55,167.02,166.09,166.75,1677,0
20250314,100000,166.84,168,166.59,166.83,2751,0
20250314,110000,166.77,167.51,165.06,165.12,3688,0
20250314,120000,165.28,166.61,165.19,166.01,1049,0
20250314,130000,166.3,166.92,166.09,166.92,1168,0
20250314,140000,166.74,167.61,166.74,166.81,1726,0
20250314,150000,167.03,168,166.91,167.69,1181,0
20250314,160000,167.74,170.7,167.74,170.7,3202,0
20250314,170000,170.7,170.85,169,169.93,2245,0
20250314,180000,169.99,170.18,169.48,170.07,1363,0
20250314,190000,169.5,172,167.73,171.43,1805,0
20250314,200000,171.43,171.43,170.51,171.1,760,0
20250314,210000,171,171.3,170.53,170.75,1484,0
20250314,220000,170.79,170.97,170.31,170.4,401,0
20250314,230000,170.29,172,170.29,170.94,1714,0
20250317,090000,173.5,174.9,173.46,174.65,2887,0
20250317,100000,174.65,174.72,173.4,174.43,1660,0
20250317,110000,174.29,175.27,174.07,174.88,2794,0
20250317,120000,174.9,175.14,174.01,174.41,882,0
20250317,130000,174.44,174.87,173.76,174.77,1540,0
20250317,140000,174.75,175.03,172.51,173.19,4532,0
20250317,150000,173.31,174.5,172.98,174.13,1416,0
20250317,160000,174.05,174.64,173.8,174.25,2123,0
20250317,170000,174.16,174.5,173.56,173.97,460,0
20250317,180000,173.94,174.31,173.92,174.14,544,0
20250317,190000,174.1,174.79,172.92,173.14,3299,0
20250317,200000,173.28,173.57,172.38,172.65,1625,0
20250317,210000,172.66,172.92,171.8,172.51,1800,0
20250317,220000,172.58,173.08,172.49,172.99,638,0
20250317,230000,172.98,173.3,172.89,173.03,331,0
20250318,090000,173.65,174,173.65,173.97,1341,0
20250318,100000,173.99,174,172.78,173.17,2430,0
20250318,110000,173.15,173.66,172.49,173.45,1837,0
20250318,120000,173.41,173.98,173.2,173.5,608,0
20250318,130000,173.45,173.65,173.27,173.52,945,0
20250318,140000,173.5,173.63,173.25,173.35,244,0
20250318,150000,173.35,173.48,172.74,173.02,1241,0
20250318,160000,173.21,174.09,173.08,173.94,1168,0
20250318,170000,173.89,173.89,172.83,173.76,1403,0
20250318,180000,173.64,174.73,168.24,171.94,7614,0
20250318,190000,172.51,174.09,169.4,173.08,3243,0
20250318,200000,173,173.44,169.03,169.53,4307,0
20250318,210000,169.28,170.86,169.26,170.61,1159,0
20250318,220000,170.48,170.49,169.75,169.75,382,0
20250318,230000,169.7,169.7,168.55,169.02,959,0
20250319,090000,168.82,169.54,168.68,169.16,910,0
20250319,100000,169.15,169.39,166.94,167.65,10320,0
20250319,110000,167.65,168.04,167.14,168.04,1824,0
20250319,120000,168.2,168.2,167.62,167.76,395,0
20250319,130000,167.76,167.86,166,166.29,4240,0
20250319,140000,166.42,167.82,166.39,167.55,1635,0
20250319,150000,167.51,169.25,167.33,169.25,2916,0
20250319,160000,169.16,169.69,168.72,169.37,7192,0
20250319,170000,169.33,169.55,168.49,169,1768,0
20250319,180000,169,169.06,168.56,168.84,581,0
20250319,190000,169.03,170,169.03,169.41,722,0
20250319,200000,169.5,169.63,168.95,169.01,385,0
20250319,210000,168.88,169.25,168.88,169.23,252,0
20250319,220000,169.24,169.54,169.2,169.51,1305,0
20250319,230000,169.51,169.63,168.92,168.99,1267,0
20250320,090000,168.82,169.26,168.6,169.26,389,0
20250320,100000,169.25,169.25,167.28,167.75,2805,0
20250320,110000,167.7,168.02,166.85,167.44,1346,0
20250320,120000,167.49,168.32,167.46,168.06,1444,0
20250320,130000,168.03,168.04,167.12,167.55,609,0
20250320,140000,167.55,167.73,167.02,167.22,1138,0
20250320,150000,167.27,168.92,166.23,166.9,5158,0
20250320,160000,166.94,168.6,166.94,168.28,723,0
20250320,170000,168.34,169.49,168.26,169.42,948,0
20250320,180000,169.47,169.47,168.41,168.5,672,0
20250320,190000,168.54,169,167.66,168.49,1209,0
20250320,200000,168.47,168.53,168.21,168.22,98,0
20250320,210000,168.32,168.54,168.2,168.51,36,0
20250320,220000,168.6,168.74,168.43,168.55,207,0
20250320,230000,168.67,168.9,168.51,168.54,156,0
20250321,090000,167.9,168,167,167.68,1197,0
20250321,100000,167.57,168.05,167.35,168.04,1159,0
20250321,110000,168.1,169.1,167.91,168.73,1258,0
20250321,120000,168.69,169.31,168.3,168.9,959,0
20250321,130000,168.9,169.32,166.9,167.64,3512,0
20250321,140000,167.64,168.28,167.49,167.64,1467,0
20250321,150000,167.51,168.08,166.83,167.03,1429,0
20250321,160000,167.11,167.59,166.7,166.7,1469,0
20250321,170000,166.91,167.11,166.2,166.51,2161,0
20250321,180000,166.53,166.73,166,166.01,1582,0
20250321,190000,166.33,167.32,166.3,166.91,915,0
20250321,200000,166.9,167.21,166.8,166.98,178,0
20250321,210000,166.91,167.21,166.69,166.83,265,0
20250321,220000,166.78,166.94,166.54,166.89,598,0
20250321,230000,166.91,167.04,166.72,166.72,200,0
20250324,090000,165.54,166.44,165.11,166.21,1273,0
20250324,100000,166.22,166.55,165.5,165.62,3146,0
20250324,110000,165.65,166.04,165.34,165.53,441,0
20250324,120000,165.53,166.29,165.53,165.91,286,0
20250324,130000,165.91,165.91,165,165.06,1189,0
20250324,140000,165.31,165.72,164.85,165.14,590,0
20250324,150000,165.16,165.3,164.91,165.01,966,0
20250324,160000,165.01,165.18,164.54,164.7,1408,0
20250324,170000,164.7,165.02,164.57,164.9,1413,0
20250324,180000,164.91,165.34,164.91,165.34,531,0
20250324,190000,165.1,165.57,165.07,165.11,379,0
20250324,200000,165.14,165.88,164.93,165.88,394,0
20250324,210000,165.61,165.67,163.51,164.73,4614,0
20250324,220000,164.65,164.86,164.1,164.38,1644,0
20250324,230000,164.53,164.93,164.02,164.81,346,0
20250325,090000,165.47,166.52,165.47,166.13,1075,0
20250325,100000,166.05,166.18,165.71,165.79,685,0
20250325,110000,165.8,166.49,165.32,165.64,1374,0
20250325,120000,165.54,165.54,162.99,162.99,3696,0
20250325,130000,163,163.84,162.8,163.34,1134,0
20250325,140000,163.2,163.56,163.08,163.18,1109,0
20250325,150000,163.34,163.34,162.38,162.43,827,0
20250325,160000,162.38,162.92,161.5,161.89,5812,0
20250325,170000,162.07,163.44,160.44,163.22,6549,0
20250325,180000,163.39,164.37,162.79,163.76,3065,0
20250325,190000,163.88,164.89,163.88,164.61,907,0
20250325,200000,164.32,164.67,163.53,164.53,2031,0
20250325,210000,164.64,165.47,164.6,165.17,463,0
20250325,220000,165.17,165.33,164.74,164.77,836,0
20250325,230000,164.77,164.89,164.59,164.89,307,0
20250326,090000,166.22,166.76,165.72,166.4,960,0
20250326,100000,166.52,166.68,164.64,164.95,2633,0
20250326,110000,164.88,165.08,164.22,164.6,1485,0
20250326,120000,164.75,165.75,164.57,165.54,1138,0
20250326,130000,165.5,165.62,164.67,164.82,1057,0
20250326,140000,164.69,165.15,164.4,164.4,186,0
20250326,150000,164.4,164.98,163.84,164.32,577,0
20250326,160000,164.13,164.13,163.1,163.5,1517,0
20250326,170000,163.48,164,162.68,162.69,1156,0
20250326,180000,162.78,162.86,162.1,162.5,1784,0
20250326,190000,162.5,162.79,161.44,161.72,1813,0
20250326,200000,161.73,162.99,161.73,162.2,1117,0
20250326,210000,162.2,162.7,162.17,162.42,574,0
20250326,220000,162.31,162.88,162.21,162.55,689,0
20250326,230000,162.45,162.45,161.87,162.14,439,0
20250327,090000,162.21,162.42,161.28,161.55,1266,0
20250327,100000,161.55,161.79,160.28,160.97,4180,0
20250327,110000,160.99,161.15,159.07,159.31,3095,0
20250327,120000,159.31,159.34,158.01,158.9,4231,0
20250327,130000,158.88,159.64,158.68,159.3,1996,0
20250327,140000,159.5,160.16,158.88,158.89,993,0
20250327,150000,159.12,159.12,156.88,157.11,3793,0
20250327,160000,157.11,157.96,156.74,157.23,3753,0
20250327,170000,157.14,157.82,155.7,155.94,2699,0
20250327,180000,155.93,156.3,155.6,156.01,1943,0
20250327,190000,156.05,156.65,155.95,156.56,948,0
20250327,200000,156.58,157.36,156.58,156.62,1436,0
20250327,210000,156.62,156.7,155.77,155.96,674,0
20250327,220000,155.86,156.28,155.56,156.16,676,0
20250327,230000,156.14,156.18,155,155.47,1629,0
20250328,090000,154,154.38,153.2,153.73,6518,0
20250328,100000,153.68,155.73,153.52,155.14,3440,0
20250328,110000,155.19,155.53,153.61,153.74,1403,0
20250328,120000,153.72,154.03,148.48,149.85,9552,0
20250328,130000,149.85,150.91,149.15,150.13,2095,0
20250328,140000,150.11,150.2,147.77,147.86,4320,0
20250328,150000,147.99,148.56,147.29,147.94,5962,0
20250328,160000,147.79,149.39,147.09,147.94,2043,0
20250328,170000,147.9,148.87,147.78,148.1,2765,0
20250328,180000,148.04,149.31,148.04,148.78,3043,0
20250328,190000,149.22,149.98,148.08,148.49,1009,0
20250328,200000,148.49,148.51,147.55,148.17,1322,0
20250328,210000,148.1,148.12,146.61,147.19,1373,0
20250328,220000,147.12,147.6,146.84,147.2,560,0
20250328,230000,147.22,147.23,145.63,145.87,971,0
20250331,090000,144.8,146.72,144.5,146.01,5765,0
20250331,100000,145.91,147.81,143.41,143.95,4136,0
20250331,110000,143.94,145.43,143.48,143.88,10337,0
20250331,120000,143.94,145.11,143.94,144.82,2193,0
20250331,130000,144.88,145.91,144.88,145.69,852,0
20250331,140000,145.69,146.64,145.69,146.57,1122,0
20250331,150000,146.4,146.4,144.75,145.43,1803,0
20250331,160000,145.48,146.7,145.41,145.9,1538,0
20250331,170000,145.93,146.5,145.21,146.42,2221,0
20250331,180000,146.52,146.95,146.07,146.32,841,0
20250331,190000,146.21,146.21,145.61,145.98,574,0
20250331,200000,145.92,146.27,145.86,145.86,747,0
20250331,210000,145.94,145.97,145.52,145.91,347,0
20250331,220000,145.94,146.11,145.62,146.04,1635,0
20250331,230000,146.03,146.22,145.79,146.22,268,0
20250401,090000,147.3,147.9,146.91,147.47,1205,0
20250401,100000,147.42,148.09,145.93,146.3,1899,0
20250401,110000,146.37,146.62,145.51,146.13,1262,0
20250401,120000,146.18,146.9,145.86,146.15,880,0
20250401,130000,146.15,146.2,144.07,144.56,2467,0
20250401,140000,144.46,144.8,141.17,142.13,8300,0
20250401,150000,141.99,142.82,139.16,140.98,9598,0
20250401,160000,140.9,141.08,139.49,141,3202,0
20250401,170000,141.01,142.95,140.26,141.48,6121,0
20250401,180000,141.36,141.72,139.74,139.74,2335,0
20250401,190000,139.84,140.77,138.21,138.49,5044,0
20250401,200000,138.53,139.58,138.53,138.97,2214,0
20250401,210000,138.8,139.52,137.74,137.83,4727,0
20250401,220000,137.8,138.36,136.94,137.5,2939,0
20250401,230000,137.34,137.8,137.11,137.8,1351,0
20250402,090000,137.96,138.16,136.6,137.07,2001,0
20250402,100000,137.05,138.62,136.61,137.71,7318,0
20250402,110000,137.85,138.1,136.83,137.6,2176,0
20250402,120000,137.57,139.67,137.56,139.12,8722,0
20250402,130000,139.23,140.02,138.67,139.72,2937,0
20250402,140000,139.9,140.18,137.24,139.15,5887,0
20250402,150000,139.29,139.7,138.89,139.69,1486,0
20250402,160000,139.7,140.16,137.85,137.91,1327,0
20250402,170000,137.88,139.64,137.88,138.83,2473,0
20250402,180000,138.83,138.91,137.02,137.47,2457,0
20250402,190000,137.44,138.37,135.62,137.98,4473,0
20250402,200000,137.96,138.71,137.81,138.63,1423,0
20250402,210000,138.72,140.23,138.49,139.39,2045,0
20250402,220000,139.33,139.96,139.24,139.55,1875,0
20250402,230000,139.63,139.99,139.32,139.41,618,0
20250403,090000,140.8,141,139.51,140.44,1865,0
20250403,100000,140.54,140.54,139,139.13,1831,0
20250403,110000,139.4,140.42,139.4,140.25,1903,0
20250403,120000,140.32,141.31,139.8,140.99,2604,0
20250403,130000,141,141.09,139.41,139.89,1800,0
20250403,140000,139.68,139.68,137.32,138.23,3595,0
20250403,150000,138.14,138.42,137.15,137.53,2425,0
20250403,160000,137.4,137.42,134.82,135.53,7156,0
20250403,170000,135.57,135.75,134.01,134.43,3197,0
20250403,180000,134.4,134.4,131.74,132.52,8113,0
20250403,190000,132.94,133.55,131.09,133.47,4538,0
20250403,200000,133.37,133.53,132.09,132.97,2062,0
20250403,210000,132.74,133.42,132.21,133.26,2674,0
20250403,220000,133.37,133.58,132.84,133.28,1009,0
20250403,230000,133.25,134.8,132.95,134.8,1674,0
20250404,090000,134.3,134.5,133,133.81,2707,0
20250404,100000,133.8,134.8,133,133.92,5481,0
20250404,110000,134.04,134.04,131.33,131.33,5229,0
20250404,120000,131.36,132.3,130.62,131.44,3177,0
20250404,130000,131.42,131.99,127.86,128.01,11076,0
20250404,140000,128.16,129.9,127.88,128.52,5119,0
20250404,150000,128.53,129.42,127.77,128.8,2524,0
20250404,160000,128.67,130.03,128.12,128.66,3316,0
20250404,170000,128.94,129.15,127.89,128,3276,0
20250404,180000,128.07,129.6,128,128.49,2704,0
20250404,190000,128.36,129.13,127.81,127.95,1729,0
20250404,200000,128.15,128.34,127.06,127.68,4007,0
20250404,210000,127.74,128.88,127.32,128.19,1927,0
20250404,220000,128.2,128.46,127.79,127.97,784,0
20250404,230000,127.97,127.97,126.77,126.92,1298,0
20250407,090000,124.31,124.7,118.36,122.27,11394,0
20250407,100000,122.15,125.11,121.47,124.83,10125,0
20250407,110000,124.74,125.32,123.19,123.25,7415,0
20250407,120000,123.25,123.66,121.36,121.49,4422,0
20250407,130000,121.49,124.7,121.49,124.38,3714,0
20250407,140000,124.26,125.96,123.78,124.39,4286,0
20250407,150000,124.29,125.83,123.41,125.54,2037,0
20250407,160000,125.49,128.09,124.13,128.03,6403,0
20250407,170000,127.72,129.7,125.47,127.03,13638,0
20250407,180000,127.06,127.92,124.62,125.96,4456,0
20250407,190000,125.75,125.75,123.67,124.96,4113,0
20250407,200000,125.14,126.5,124.58,126.1,1711,0
20250407,210000,126.45,126.45,125.42,125.48,889,0
20250407,220000,125.55,125.63,124.12,125.15,1971,0
20250407,230000,125.2,126.13,124.8,125.94,616,0
20250408,090000,127.36,128.92,126.79,128.04,2647,0
20250408,100000,127.91,128.41,126.24,126.82,3742,0
20250408,110000,126.63,127.37,125.9,125.94,1911,0
20250408,120000,125.93,126.26,125,125.53,2386,0
20250408,130000,125.55,126.7,124.83,126.16,6032,0
20250408,140000,126.25,127.62,125.87,127.51,2477,0
20250408,150000,127.44,127.53,126.36,127.18,1491,0
20250408,160000,127.18,127.6,126,126.46,2566,0
20250408,170000,126.46,126.89,125.92,125.92,1491,0
20250408,180000,125.9,126.05,125.43,125.61,942,0
20250408,190000,125.75,126.19,122.86,122.96,2340,0
20250408,200000,123.1,125.16,122.85,124.53,2505,0
20250408,210000,124.51,124.57,123.79,123.89,1426,0
20250408,220000,123.98,123.98,121.56,123.15,3379,0
20250408,230000,122.84,123.18,121.72,122.45,1840,0
20250409,090000,122.5,123.25,122.14,122.43,1335,0
20250409,100000,122.38,122.46,121.23,121.72,3615,0
20250409,110000,121.67,122.48,120,120.95,3768,0
20250409,120000,120.84,121.34,120.09,120.18,2372,0
20250409,130000,120.09,120.29,118.52,118.84,6627,0
20250409,140000,118.76,118.76,116.81,118.26,10262,0
20250409,150000,118.23,119.98,118.06,119.66,4396,0
20250409,160000,119.68,121.44,119.3,121.1,6074,0
20250409,170000,121.1,121.87,118.83,118.83,3958,0
20250409,180000,118.99,120.4,118.93,120.2,1936,0
20250409,190000,120.2,121.79,120.14,121.71,1930,0
20250409,200000,121.56,129.18,121.42,127.73,12720,0
20250409,210000,127.76,128.07,125.52,125.63,3616,0
20250409,220000,125.65,130.2,125.64,126.69,4673,0
20250409,230000,126.84,129.7,126.64,128.94,2867,0
20250410,090000,128.01,128.6,126.81,128.31,2203,0
20250410,100000,128.37,128.42,125.29,126.02,4629,0
20250410,110000,126.11,126.43,124.85,125.24,2773,0
20250410,120000,125.29,127.18,125.18,126.82,1879,0
20250410,130000,126.52,127.49,126.39,126.79,1779,0
20250410,140000,126.85,128.33,126.54,128.09,2389,0
20250410,150000,128.17,131.27,128.17,129.42,8915,0
20250410,160000,129.56,130.85,127.06,127.33,6346,0
20250410,170000,127.23,128.45,126.41,126.7,4214,0
20250410,180000,126.66,128.4,126.66,127.65,1824,0
20250410,190000,127.24,128.89,125.15,127.07,4829,0
20250410,200000,127,128.52,126.69,128.52,2883,0
20250410,210000,128.52,129.19,127.53,128.67,2167,0
20250410,220000,128.79,129.15,127.91,128.57,998,0
20250410,230000,128.57,128.73,127.78,128.29,772,0
20250411,090000,128.9,132.3,128.3,131.1,4935,0
20250411,100000,131.1,132.1,130.56,131.51,2681,0
20250411,110000,131.57,131.57,130.21,130.5,2953,0
20250411,120000,130.5,131.94,130.15,131.39,3846,0
20250411,130000,131.42,132.67,131.26,132.42,2609,0
20250411,140000,132.42,132.97,131.22,131.41,2417,0
20250411,150000,131.45,131.9,130.15,131.83,1757,0
20250411,160000,131.5,131.55,130.01,130.39,2110,0
20250411,170000,130.29,131.05,129.61,130.76,1951,0
20250411,180000,130.88,132.53,130.88,131.99,1664,0
20250411,190000,132.1,133.8,130.55,132.77,3337,0
20250411,200000,132.85,133.79,132.64,133.27,1428,0
20250411,210000,133.34,133.91,132.89,132.9,842,0
20250411,220000,132.89,133.44,132.6,133.08,811,0
20250411,230000,132.99,133.18,132.67,133.18,1017,0
20250414,090000,134.52,134.76,133.8,134.4,1939,0
20250414,100000,134.57,135.44,134.02,134.4,3474,0
20250414,110000,134.58,135.19,134.05,135.1,2003,0
20250414,120000,135.06,135.06,134.25,134.66,2019,0
20250414,130000,134.75,135.35,134.75,134.94,439,0
20250414,140000,134.85,135.05,134.42,134.6,1175,0
20250414,150000,134.56,134.67,132.96,133.24,3958,0
20250414,160000,133.11,133.42,131.9,132.09,2027,0
20250414,170000,132.14,133.49,131.9,133.35,1923,0
20250414,180000,133.38,133.4,132.21,132.21,706,0
20250414,190000,132.19,133.15,132,132.56,554,0
20250414,200000,132.71,132.71,131.25,131.31,2048,0
20250414,210000,131.32,132.62,131.01,132.5,961,0
20250414,220000,132.49,132.49,131.99,132.2,113,0
20250414,230000,132.11,132.52,131.92,132.48,289,0
20250415,090000,132.06,134.1,131.98,133.23,3175,0
20250415,100000,133.37,134.41,133.13,133.27,3639,0
20250415,110000,133.39,133.7,132.46,132.94,2384,0
20250415,120000,133.09,133.32,132,132,1446,0
20250415,130000,132.03,132.31,131.39,131.7,666,0
20250415,140000,131.7,131.7,130,130.54,2294,0
20250415,150000,130.55,131.65,130,131.25,1923,0
20250415,160000,131.36,131.96,130.83,131.42,2624,0
20250415,170000,131.42,132.33,130.98,131.54,1641,0
20250415,180000,131.61,131.61,130.45,130.83,413,0
20250415,190000,130.84,131.48,130.56,131.34,861,0
20250415,200000,131.25,131.99,131.03,131.78,605,0
20250415,210000,131.78,131.95,131.56,131.95,231,0
20250415,220000,131.95,132.41,131.8,131.94,812,0
20250415,230000,131.93,132.26,131.77,131.87,806,0
20250416,090000,131.06,131.06,130.12,130.12,1240,0
20250416,100000,130.15,130.82,130.14,130.28,1414,0
20250416,110000,130.35,131.33,129.21,130.68,3760,0
20250416,120000,130.72,131.9,130.53,131.69,1627,0
20250416,130000,131.7,132.57,131.67,132.01,1643,0
20250416,140000,131.94,132.32,131.43,132.05,797,0
20250416,150000,132.26,132.26,131.32,131.84,338,0
20250416,160000,131.88,133.62,131.32,133.33,2514,0
20250416,170000,133.37,134.14,132.98,133.66,3446,0
20250416,180000,133.56,133.75,133.11,133.35,588,0
20250416,190000,133.56,133.8,132.41,132.96,2181,0
20250416,200000,133,133.17,131.8,131.95,1258,0
20250416,210000,132.11,132.97,131.91,132.52,801,0
20250416,220000,132.48,132.61,132.07,132.42,426,0
20250416,230000,132.37,132.59,132,132.05,909,0
20250417,090000,133.43,133.5,132.82,133.24,801,0
20250417,100000,133.21,133.8,132.98,133.5,1170,0
20250417,110000,133.43,134.33,133.17,134.19,1768,0
20250417,120000,134.09,134.13,133.38,133.63,809,0
20250417,130000,133.64,134.28,133.5,134.08,1403,0
20250417,140000,134.05,134.76,134.05,134.58,1280,0
20250417,150000,134.53,135.82,134.53,135.07,4579,0
20250417,160000,135.1,135.35,134.51,134.63,1222,0
20250417,170000,134.87,134.87,132.76,133.22,2408,0
20250417,180000,133.16,133.96,132.84,133.77,1058,0
20250417,190000,133.83,133.99,133.47,133.83,900,0
20250417,200000,133.69,136.42,133.39,136.1,2929,0
20250417,210000,136.15,137.22,135.09,136.33,3725,0
20250417,220000,136.43,136.43,135.78,136.25,654,0
20250417,230000,136.26,137.41,136.24,136.72,1601,0
20250418,090000,135.21,135.89,134.89,135.05,2545,0
20250418,100000,135.11,136.49,134.75,135.76,2125,0
20250418,110000,135.98,136.3,134.62,134.88,3566,0
20250418,120000,134.82,135.39,133.69,133.69,2589,0
20250418,130000,133.7,134.52,133.16,134.1,5960,0
20250418,140000,133.87,135.1,133.42,134.36,2929,0
20250418,150000,134.29,134.67,133.63,133.72,1385,0
20250418,160000,133.67,135.95,133.67,134.97,3904,0
20250418,170000,135.1,135.81,134.78,135.36,1347,0
20250418,180000,135.28,135.71,135.28,135.38,888,0
20250418,190000,135.36,136.22,134.85,136.22,886,0
20250418,200000,135.94,136.16,134.63,134.88,975,0
20250418,210000,134.97,135.49,134.97,135.13,567,0
20250418,220000,135.16,135.3,134.98,135.13,442,0
20250418,230000,135.07,135.47,134.85,134.88,962,0
20250421,090000,136.45,136.46,135.5,136.06,927,0
20250421,100000,136.07,136.88,135.91,136.45,2300,0
20250421,110000,136.42,137.5,136.42,137.49,1147,0
20250421,120000,137.45,138.97,137.27,138.24,3126,0
20250421,130000,138.18,138.95,137.93,138.62,2523,0
20250421,140000,138.5,139.36,138.31,139.25,4243,0
20250421,150000,139.09,139.52,138.32,138.74,1284,0
20250421,160000,138.73,138.89,138,138,1038,0
20250421,170000,138,138.88,137.97,138.83,929,0
20250421,180000,138.84,139.1,138.52,139.09,285,0
20250421,190000,139.1,140.49,139.06,139.93,2693,0
20250421,200000,139.83,140.01,139.38,139.41,1260,0
20250421,210000,139.45,139.81,139.45,139.67,402,0
20250421,220000,139.65,140.02,139.61,139.8,757,0
20250421,230000,139.71,139.78,139.39,139.78,681,0
20250422,090000,141,141.69,140.52,141.61,2234,0
20250422,100000,141.6,141.61,140.9,141.47,2134,0
20250422,110000,141.36,141.36,140.45,140.51,967,0
20250422,120000,140.5,140.77,139.57,139.62,4450,0
20250422,130000,139.59,140.92,139.4,140.15,2403,0
20250422,140000,140.17,140.17,138.73,138.81,735,0
20250422,150000,138.73,139.64,138.73,139.64,1133,0
20250422,160000,139.56,141.61,139.45,141,3906,0
20250422,170000,141.07,142.01,140.65,142.01,5307,0
20250422,180000,142,142.45,141.51,142.41,1516,0
20250422,190000,142.06,143.05,141.9,141.9,3108,0
20250422,200000,142.08,146.63,141.53,144.63,5233,0
20250422,210000,144.65,147,144.3,144.89,11760,0
20250422,220000,144.83,145.56,144.71,145.3,1826,0
20250422,230000,145.21,145.76,145,145.76,1007,0
20250423,090000,143.54,143.88,140.95,141.52,5881,0
20250423,100000,141.45,141.46,138.85,139.92,4488,0
20250423,110000,139.92,140.88,139.83,140.49,1760,0
20250423,120000,140.43,141.9,139.66,141.11,3251,0
20250423,130000,141.09,141.88,140.78,141.32,2239,0
20250423,140000,141.57,141.83,141.04,141.74,616,0
20250423,150000,141.52,141.67,140.95,141.48,1299,0
20250423,160000,141.51,141.98,140.81,141.28,1613,0
20250423,170000,141.42,142.99,141.07,142.86,1322,0
20250423,180000,142.88,143.25,142.25,142.69,1430,0
20250423,190000,142.71,143.75,141.53,143.7,1057,0
20250423,200000,143.79,146.37,143.73,145.07,4409,0
20250423,210000,145.1,145.6,143.43,144.2,971,0
20250423,220000,144.29,144.48,143.72,143.72,632,0
20250423,230000,143.77,143.86,142.37,143.86,679,0
20250424,090000,144.61,145.37,144.36,145.04,986,0
20250424,100000,145.05,145.65,144.65,145.24,1117,0
20250424,110000,145.44,145.96,145,145.82,1418,0
20250424,120000,145.93,146.59,145.5,146.42,1685,0
20250424,130000,146.4,146.98,146,146.68,2214,0
20250424,140000,146.51,146.51,145.15,145.3,1898,0
20250424,150000,145.43,146.24,145.2,145.84,1332,0
20250424,160000,145.82,145.9,144.38,144.5,1256,0
20250424,170000,144.62,144.95,144,144.79,1074,0
20250424,180000,144.75,145.66,144.21,144.95,1297,0
20250424,190000,145.2,145.97,144.72,145.4,1026,0
20250424,200000,145.35,145.35,144.36,144.59,554,0
20250424,210000,144.66,144.77,144.09,144.16,884,0
20250424,220000,144.17,144.83,144.15,144.83,601,0
20250424,230000,144.72,144.8,144.33,144.33,304,0
20250425,090000,146,146.51,145.44,146.25,2011,0
20250425,100000,146.3,146.63,146.06,146.41,1850,0
20250425,110000,146.23,146.32,145.78,146,962,0
20250425,120000,145.88,148.58,145.5,147.66,3812,0
20250425,130000,147.53,148.09,146.27,147.51,5951,0
20250425,140000,147.6,149.72,147.24,149.48,6913,0
20250425,150000,149.48,149.6,148.67,149.52,2118,0
20250425,160000,149.46,150.24,149,149.88,1904,0
20250425,170000,149.86,150.98,149.2,150.38,3617,0
20250425,180000,150.16,150.16,148.92,149.03,4805,0
20250425,190000,149.39,149.81,149.05,149.69,1135,0
20250425,200000,149.54,150,149.01,149.16,785,0
20250425,210000,149.21,150.04,149.21,149.73,948,0
20250425,220000,149.88,150.69,149.63,150.2,1446,0
20250425,230000,150.14,150.74,150.11,150.54,1011,0
20250428,090000,151.51,152.65,150.5,152.43,5457,0
20250428,100000,152.31,152.31,151.01,151.76,3270,0
20250428,110000,151.68,152.14,151.11,151.3,2081,0
20250428,120000,151.3,151.9,151.17,151.54,960,0
20250428,130000,151.51,155.08,149.25,152.98,11333,0
20250428,140000,152.98,157.05,152.2,155.12,20361,0
20250428,150000,155.19,165.36,153.09,154.25,12814,0
20250428,160000,154.26,155.36,153.59,154.46,3019,0
20250428,170000,154.6,155.65,154.53,155.14,1996,0
20250428,180000,155.02,155.46,154.59,155.2,439,0
20250428,200000,155.5,155.57,153.75,154.55,1648,0
20250428,210000,154.38,154.38,152.25,152.53,5708,0
20250428,220000,152.35,153.66,152.34,153.23,514,0
20250428,230000,153.2,153.55,153.2,153.3,625,0
20250429,090000,152.81,153.44,152.25,153.28,1169,0
20250429,100000,153.11,153.97,152,153.54,3228,0
20250429,110000,153.54,154.68,152.77,153.83,1897,0
20250429,120000,153.68,153.86,153,153.27,1592,0
20250429,130000,153.35,154.15,153.09,153.75,873,0
20250429,140000,153.96,154.07,152.93,153.41,688,0
20250429,150000,153.3,153.61,152.47,153.01,1105,0
20250429,160000,153.06,153.88,152.82,153.34,816,0
20250429,170000,153.47,153.98,151.27,151.6,2496,0
20250429,180000,151.61,151.78,150.38,151.54,2703,0
20250429,190000,151.36,152,147.5,147.89,6966,0
20250429,200000,147.76,149.65,147.49,149.39,5725,0
20250429,210000,149.16,149.2,148.05,148.37,546,0
20250429,220000,148.16,148.78,148.06,148.35,913,0
20250429,230000,148.57,149.51,148.54,149.19,286,0
20250430,090000,149.01,149.99,148.57,149.37,1216,0
20250430,100000,149.38,149.63,148.41,149.46,1306,0
20250430,110000,149.34,149.49,147.87,148.62,1709,0
20250430,120000,148.51,149.98,148.48,149.67,1736,0
20250430,130000,149.63,153.79,149.37,152.49,7957,0
20250430,140000,152.49,153.58,152.26,153.48,1689,0
20250430,150000,153.44,154,147.9,150.37,8228,0
20250430,160000,150.36,151.7,149.33,149.51,3113,0
20250430,170000,149.61,151.1,149.61,150,2215,0
20250430,180000,150.07,150.43,149.78,149.79,1229,0
20250430,190000,149.78,149.86,148.55,149,1868,0
20250430,200000,148.95,149.85,148.87,149.61,1513,0
20250430,210000,149.52,150.08,149.49,149.91,1084,0
20250430,220000,149.84,150.94,149.84,150.52,707,0
20250430,230000,150.67,150.67,149.93,149.93,502,0
20250502,090000,148.24,148.25,145.77,146.17,6473,0
20250502,100000,146.1,146.31,145.5,145.57,2885,0
20250502,110000,145.56,145.56,144.73,145.52,1446,0
20250502,120000,145.37,145.37,144.36,145.17,1338,0
20250502,130000,145.1,145.86,144.95,145.71,830,0
20250502,140000,145.71,146.2,145.24,145.98,1704,0
20250502,150000,145.99,146.43,145.39,145.42,675,0
20250502,160000,145.3,145.61,144.94,145.16,312,0
20250502,170000,144.97,145.46,144.71,144.8,190,0
20250502,180000,144.71,144.71,143.3,143.73,2017,0
20250502,190000,143.78,144.24,143.39,143.73,1647,0
20250502,200000,143.63,143.64,142.92,143.44,900,0
20250502,210000,143.44,143.89,143.27,143.61,611,0
20250502,220000,143.49,143.57,141.91,142.52,2267,0
20250502,230000,142.5,142.5,137.02,139.39,8208,0
20250505,090000,140.9,141.04,140.09,140.25,4911,0
20250505,100000,140.26,140.96,138.42,138.56,4729,0
20250505,110000,138.58,139.63,138.54,139.25,1265,0
20250505,120000,139.1,140.21,139.1,139.68,1207,0
20250505,130000,139.68,140.03,138.03,138.21,1778,0
20250505,140000,138.28,138.84,138.05,138.23,1443,0
20250505,150000,138.49,138.88,137.58,138.25,2688,0
20250505,160000,138.27,138.27,136.35,136.37,6322,0
20250505,170000,136.32,136.78,134.9,135.61,5637,0
20250505,180000,135.45,135.45,131.98,133.5,9508,0
20250505,190000,133.59,133.96,132.51,133.6,1854,0
20250505,200000,133.61,137.16,133.23,136.95,4125,0
20250505,210000,136.98,136.98,135.65,135.99,2833,0
20250505,220000,135.99,136.2,135.64,135.64,1364,0
20250505,230000,135.5,135.5,134.32,135.1,1439,0
20250506,090000,135.1,135.1,132.44,133.85,3141,0
20250506,100000,133.56,136.98,133.56,135.49,9012,0
20250506,110000,135.56,136.7,135.53,136.38,2919,0
20250506,120000,136.51,137.62,135.95,136.04,2526,0
20250506,130000,136,136.43,134.77,134.91,1083,0
20250506,140000,134.95,136.14,134.76,135.61,1454,0
20250506,150000,135.88,137.33,135.88,137.16,1629,0
20250506,160000,137.25,139.24,137.25,138.21,8979,0
20250506,170000,138.14,138.83,136.86,138.37,3783,0
20250506,180000,138.49,139.68,138.27,138.99,1625,0
20250506,190000,138.39,139,136.56,138.26,2902,0
20250506,200000,138.12,139,137.94,138.75,937,0
20250506,210000,138.96,139.61,138.5,139.35,850,0
20250506,220000,139.23,139.5,138.39,138.39,702,0
20250506,230000,138.47,138.77,136.92,137.75,4152,0
20250507,090000,138,138.3,137.31,137.58,4825,0
20250507,100000,137.44,138.23,136.96,137.86,3158,0
20250507,110000,137.8,139.29,137.51,139.26,4015,0
20250507,120000,139.26,139.43,138.63,138.75,878,0
20250507,130000,138.7,139.67,138.55,139.41,1370,0
20250507,140000,139.45,140.23,139.24,139.74,2320,0
20250507,150000,139.87,139.87,138.8,139.63,561,0
20250507,160000,139.58,139.96,138.3,138.57,4482,0
20250507,170000,138.46,139.92,138.4,139.6,3408,0
20250507,180000,139.71,139.92,139.07,139.55,1045,0
20250507,190000,139.91,140.43,139.81,140.02,1851,0
20250507,200000,140.02,140.69,139.13,139.46,1553,0
20250507,210000,139.46,139.89,139.27,139.65,618,0
20250507,220000,139.63,139.93,139.31,139.64,292,0
20250507,230000,139.7,140.22,139.4,140.22,358,0
20250508,090000,141.68,143.5,141.31,143.18,3061,0
20250508,100000,143.2,143.94,142.82,143.33,2100,0
20250508,110000,143.33,143.54,142.77,143.23,2518,0
20250508,120000,143.24,144.09,143.08,143.2,1859,0
20250508,130000,143.27,143.65,142.43,142.52,1655,0
20250508,140000,142.75,143.13,141.7,141.82,1786,0
20250508,150000,141.8,142.12,141.21,142.07,2538,0
20250508,160000,141.97,144.87,141.97,142.63,3281,0
20250508,170000,142.97,143.59,142.58,142.89,1230,0
20250508,180000,143.1,143.3,142.6,142.75,440,0
20250508,190000,143.06,143.17,142.29,142.8,648,0
20250508,200000,142.84,143.4,142.68,142.95,891,0
20250508,210000,143.04,143.25,142.5,142.98,506,0
20250508,220000,142.98,143.15,142.73,142.98,188,0
20250508,230000,142.92,143.3,142.85,143.09,492,0
20250512,090000,148.12,149.4,148.1,148.88,2525,0
20250512,100000,149.06,149.33,147.88,148.4,2972,0
20250512,110000,148.39,148.39,147.45,147.63,2064,0
20250512,120000,147.57,147.86,146.62,146.98,1309,0
20250512,130000,147.02,147.58,146.21,147.3,4801,0
20250512,140000,147.3,148,146.83,146.83,4507,0
20250512,150000,147.01,147.23,146.36,146.82,3365,0
20250512,160000,146.84,147.06,145,145.36,5343,0
20250512,170000,145.24,147.04,144.83,146.4,2580,0
20250512,180000,146.4,146.8,146,146.6,596,0
20250512,190000,146.52,146.69,146.19,146.65,540,0
20250512,200000,146.74,147.5,146.6,147.33,2487,0
20250512,210000,147.23,147.3,146.61,146.75,1901,0
20250512,220000,146.72,146.8,146.29,146.7,1737,0
20250512,230000,146.71,147.11,146.71,147.05,445,0
20250513,090000,147.11,147.61,146.71,147.1,908,0
20250513,100000,146.94,147.08,146.5,146.81,1734,0
20250513,110000,146.9,146.9,145.06,145.38,1896,0
20250513,120000,145.34,146.61,145.05,146.25,986,0
20250513,130000,146.3,146.33,145.91,146.04,412,0
20250513,140000,146.04,146.04,145.36,145.4,400,0
20250513,150000,145.45,146.49,145.45,146.11,1443,0
20250513,160000,146.13,146.98,146.13,146.46,727,0
20250513,170000,146.61,146.9,146.31,146.69,813,0
20250513,180000,146.49,146.99,146.15,146.5,980,0
20250513,190000,146.5,146.93,145.97,146.29,252,0
20250513,200000,146.39,146.46,146.09,146.09,442,0
20250513,210000,145.98,146.12,145.66,145.92,843,0
20250513,220000,146,146.12,145.93,145.97,198,0
20250513,230000,146.01,146.06,145.89,146,2150,0
20250514,090000,145.95,146.17,145.42,145.52,286,0
20250514,100000,145.5,145.58,144.53,145.19,1712,0
20250514,110000,145.1,145.66,144.82,145.13,1064,0
20250514,120000,145.09,145.64,144.99,145.55,692,0
20250514,130000,145.47,146.02,145.39,145.73,1654,0
20250514,140000,145.85,146.19,145.55,145.92,872,0
20250514,150000,145.99,146.45,145.86,146.33,1003,0
20250514,160000,146.23,146.96,145.84,145.95,1875,0
20250514,170000,146.02,146.6,145.5,145.64,923,0
20250514,180000,145.73,146.13,145.66,146.13,792,0
20250514,190000,146.04,146.08,145.5,145.63,344,0
20250514,200000,145.55,146.09,145.55,145.87,697,0
20250514,210000,145.76,145.76,137.1,145.37,6231,0
20250514,220000,145.41,145.58,142.53,143.92,1653,0
20250514,230000,143.8,143.88,141.75,141.86,3588,0
20250515,090000,143,143.47,142.16,142.47,3666,0
20250515,100000,142.34,142.39,141.47,141.52,1806,0
20250515,110000,141.51,141.85,140.47,140.91,1865,0
20250515,120000,140.85,140.85,138.2,138.74,5062,0
20250515,130000,138.76,139.62,138.41,139.42,2546,0
20250515,140000,139.41,140.43,139.22,140.08,2658,0
20250515,150000,140.01,141.36,139.74,140.77,4811,0
20250515,160000,140.82,141.75,139.5,141.06,7517,0
20250515,170000,141.17,141.35,139.56,139.9,2546,0
20250515,180000,139.91,140.05,139.4,139.77,1567,0
20250515,190000,139.88,140.3,139.57,139.96,1024,0
20250515,200000,139.82,140.48,139.61,140.11,1569,0
20250515,210000,140.1,140.13,139.52,139.75,914,0
20250515,220000,139.72,139.76,138.91,139.44,1092,0
20250515,230000,139.56,139.96,139.45,139.96,281,0
20250516,090000,139.99,139.99,139.07,139.32,887,0
20250516,100000,139.32,139.93,139.2,139.74,1212,0
20250516,110000,139.73,140.72,139.73,140.08,1333,0
20250516,120000,140.05,140.35,139.91,140.11,901,0
20250516,130000,140.11,140.22,138.5,139,1857,0
20250516,140000,139,139,137.36,138.44,2142,0
20250516,150000,138.43,138.98,134.14,134.3,14557,0
20250516,160000,134.28,140.17,133.78,138.67,11867,0
20250516,170000,138.73,139.66,137.81,138.12,2991,0
20250516,180000,138.16,138.58,137.78,137.91,1088,0
20250516,190000,138.03,138.58,137.96,138.35,583,0
20250516,200000,138.41,138.5,138.16,138.34,525,0
20250516,210000,138.33,138.45,138.12,138.16,225,0
20250516,220000,138.22,139.63,138.19,139.47,1096,0
20250516,230000,139.5,139.65,139.17,139.26,592,0
20250519,090000,141.99,143.72,141.03,142.01,3909,0
20250519,100000,142.04,142.38,141.29,141.46,1768,0
20250519,110000,141.51,141.94,141.51,141.81,604,0
20250519,120000,141.71,142.18,141.5,141.51,481,0
20250519,130000,141.6,142.08,141.4,141.96,1035,0
20250519,140000,141.96,142.67,141.87,142.45,1130,0
20250519,150000,142.44,142.94,142.06,142.45,1074,0
20250519,160000,142.31,142.39,140.65,141.22,1423,0
20250519,170000,141.22,141.75,140.53,141.29,1874,0
20250519,180000,141.49,143.21,140.25,142.36,2932,0
20250519,190000,142.33,143.83,140.55,141.11,5575,0
20250519,200000,141.24,142.23,140.72,141.04,3542,0
20250519,210000,141.04,141.5,139.72,139.88,2656,0
20250519,220000,139.96,140.49,139.23,139.62,1658,0
20250519,230000,139.56,140.36,139.41,139.87,496,0
20250520,090000,140.24,140.36,139.6,140.07,686,0
20250520,100000,139.87,139.87,138.54,138.6,1596,0
20250520,110000,138.53,139.16,138.5,138.87,791,0
20250520,120000,138.83,139.34,138.29,139.21,1183,0
20250520,130000,139.12,139.24,138.16,138.7,1234,0
20250520,140000,138.67,139.53,138.67,138.95,1015,0
20250520,150000,139.02,139.12,138.55,138.68,3046,0
20250520,160000,138.67,138.98,138.46,138.62,593,0
20250520,170000,138.55,138.86,138.44,138.44,813,0
20250520,180000,138.44,138.44,137.29,137.46,2327,0
20250520,190000,137.36,137.7,135.28,135.99,3855,0
20250520,200000,135.89,137.2,135.68,136.84,1631,0
20250520,210000,136.9,137.4,136.61,137.32,1006,0
20250520,220000,137.33,137.51,137.02,137.26,733,0
20250520,230000,137.23,137.5,137.2,137.5,465,0
20250521,090000,137.63,137.75,136.97,137.19,990,0
20250521,100000,137.29,137.45,135.92,136.59,2975,0
20250521,110000,136.51,142.16,136.5,138.61,16110,0
20250521,120000,138.6,138.99,135.55,137.79,7003,0
20250521,130000,137.73,137.74,136.82,137.15,997,0
20250521,140000,137.3,139.5,137.3,137.82,3428,0
20250521,150000,137.96,138.56,136.92,137.45,3123,0
20250521,160000,137.4,137.67,135.85,137.04,3530,0
20250521,170000,136.97,137,136.06,136.92,1094,0
20250521,180000,136.95,138.75,136.08,137,3910,0
20250521,190000,136.67,138.03,136.48,136.85,877,0
20250521,200000,137.02,137.28,136.79,136.97,652,0
20250521,210000,137.09,137.48,136.7,136.71,655,0
20250521,220000,136.81,137.03,136.31,137.03,415,0
20250521,230000,137,137.16,136.71,136.76,600,0
20250522,090000,136.49,136.83,134.3,135.25,3222,0
20250522,100000,135.24,135.68,133.84,134.3,3001,0
20250522,110000,134.26,134.67,133.97,134.36,2106,0
20250522,120000,134.31,134.9,134.1,134.53,1180,0
20250522,130000,134.54,134.86,134.26,134.44,659,0
20250522,140000,134.47,134.99,134.37,134.45,981,0
20250522,150000,134.42,134.45,130.39,131.77,11855,0
20250522,160000,131.68,132.12,130.44,131.73,6711,0
20250522,170000,131.72,132.91,131.19,132.49,2794,0
20250522,180000,132.58,132.64,131.31,131.58,3354,0
20250522,190000,132.45,132.5,130.47,131.23,4936,0
20250522,200000,131.28,131.6,130.82,131.38,1439,0
20250522,210000,131.42,131.56,130.82,130.97,1262,0
20250522,220000,130.95,131.36,130.83,131.19,657,0
20250522,230000,131.18,131.29,131.08,131.24,233,0
20250523,090000,129.77,130.39,128.52,130.24,3768,0
20250523,100000,130.18,130.18,129.27,129.82,1745,0
20250523,110000,129.82,130.3,129.74,130.16,1520,0
20250523,120000,130.08,130.99,129.94,130.62,2611,0
20250523,130000,130.62,131.29,130.41,131.21,1265,0
20250523,140000,131.05,131.63,130.5,130.71,2743,0
20250523,150000,130.6,131.09,129.91,130,2189,0
20250523,160000,130.01,130.7,129.9,130.54,1049,0
20250523,170000,130.53,131.43,130.53,130.95,1102,0
20250523,180000,130.98,131.15,130.81,130.85,417,0
20250523,190000,130.85,131.11,130.73,131.11,657,0
20250523,200000,131.08,131.27,130.87,130.87,348,0
20250523,210000,130.98,131.16,130.98,131.1,150,0
20250523,220000,131.1,131.37,131.07,131.2,306,0
20250523,230000,131.2,131.41,131.11,131.41,178,0
20250526,090000,129.29,129.34,127.47,127.68,6752,0
20250526,100000,127.89,128.23,126.05,126.98,9693,0
20250526,110000,126.87,127.28,126.14,126.14,3002,0
20250526,120000,126.22,127.15,126.15,126.31,1332,0
20250526,130000,126.18,126.55,125.67,126.04,4237,0
20250526,140000,126.09,126.28,125.36,125.58,1521,0
20250526,150000,125.5,126.34,125.41,125.85,1823,0
20250526,160000,125.74,126.18,125.65,125.75,1119,0
20250526,170000,125.65,126.06,125.45,125.75,1016,0
20250526,180000,125.75,125.76,124.57,124.57,2981,0
20250526,190000,124.6,125.2,124.3,124.66,1874,0
20250526,200000,124.68,125.46,124.66,125.2,1089,0
20250526,210000,125.22,125.48,125.13,125.3,269,0
20250526,220000,125.35,125.83,125.29,125.42,1202,0
20250526,230000,125.47,125.83,125.47,125.72,754,0
20250527,090000,123.91,126.37,123.91,126.09,3656,0
20250527,100000,126.16,126.16,125.02,125.63,2293,0
20250527,110000,125.79,126.37,125.35,126.1,1945,0
20250527,120000,126.2,126.29,125.34,126.06,1012,0
20250527,130000,125.95,126.36,125.47,125.95,1094,0
20250527,140000,126.05,126.18,125.57,125.93,752,0
20250527,150000,126.06,126.96,125.69,125.79,1954,0
20250527,160000,125.8,126.25,125.06,126.06,1355,0
20250527,170000,125.9,126.79,125.9,126.77,2499,0
20250527,180000,126.8,127.83,126.8,127.62,3388,0
20250527,190000,127.58,127.8,127.11,127.64,1233,0
20250527,200000,127.55,127.88,127.3,127.85,884,0
20250527,210000,127.86,128,127.54,127.76,703,0
20250527,220000,127.83,128.05,127.52,127.71,674,0
20250527,230000,127.78,127.78,127.54,127.72,261,0
20250528,090000,128.05,128.28,127.21,127.71,1633,0
20250528,100000,127.58,129.12,127.53,128.68,2124,0
20250528,110000,128.78,128.98,128.17,128.25,1778,0
20250528,120000,128.32,129.48,128.21,128.93,4417,0
20250528,130000,128.99,129.23,128.43,128.8,1388,0
20250528,140000,128.89,129.75,128.85,128.92,1661,0
20250528,150000,129,129.74,128.98,129.53,2047,0
20250528,160000,129.58,129.99,129.3,129.89,2376,0
20250528,170000,129.9,129.9,129.64,129.73,522,0
20250528,180000,129.7,129.75,129.32,129.41,844,0
20250528,190000,129.74,132.47,129.74,131.92,3525,0
20250528,200000,131.9,132.39,131.43,131.98,3736,0
20250528,210000,131.96,132.39,131.96,132.08,637,0
20250528,220000,132.1,132.7,131.98,132.48,1171,0
20250528,230000,132.44,132.54,132.2,132.31,823,0
20250529,090000,131.43,131.8,130.8,131.17,1768,0
20250529,100000,131.17,131.21,130.5,130.61,2564,0
20250529,110000,130.54,131.52,130.38,131.52,1167,0
20250529,120000,131.62,131.72,131.08,131.42,822,0
20250529,130000,131.24,132.49,131.24,132.21,1447,0
20250529,140000,132.18,132.47,131.76,132.35,902,0
20250529,150000,132.41,132.59,131.62,132.09,673,0
20250529,160000,132.14,132.14,131.27,131.76,1858,0
20250529,170000,131.6,131.78,130.86,131.54,1135,0
20250529,180000,131.53,131.79,130.84,131.17,260,0
20250529,190000,130.88,131.31,130.02,130.76,1427,0
20250529,200000,130.83,130.83,129.79,129.95,1266,0
20250529,210000,129.96,130.27,129.53,130.26,553,0
20250529,220000,130.25,130.25,129.72,130.06,291,0
20250529,230000,130.06,130.3,129.81,129.81,511,0
20250530,090000,130.49,131,130.07,130.5,836,0
20250530,100000,130.4,130.72,129.4,129.4,1071,0
20250530,110000,129.37,130.01,128.51,129.06,4490,0
20250530,120000,129.01,130.8,128.88,130.41,3027,0
20250530,130000,130.5,131.67,130.5,131.46,3080,0
20250530,140000,131.27,133.27,131.06,132.23,3054,0
20250530,150000,132.36,132.36,131.53,132.33,5231,0
20250530,160000,132.43,132.76,132.08,132.2,1476,0
20250530,170000,132.22,132.88,132.09,132.23,2159,0
20250530,180000,132.24,132.6,132.15,132.6,379,0
20250530,190000,132.73,132.77,132.4,132.51,199,0
20250530,200000,132.49,132.79,132.44,132.7,190,0
20250530,210000,132.66,132.87,132.52,132.52,284,0
20250530,220000,132.52,132.66,132.21,132.27,315,0
20250530,230000,132.21,132.49,132.03,132.49,869,0
20250602,090000,129.48,130.38,129,130.21,5142,0
20250602,100000,130.04,130.41,129.53,130.2,2439,0
20250602,110000,130.23,130.23,129.31,129.63,626,0
20250602,120000,129.62,129.88,128.37,128.7,2108,0
20250602,130000,128.63,128.84,128.23,128.32,1562,0
20250602,140000,128.32,129.06,127.63,128.52,2110,0
20250602,150000,128.53,129.19,127.97,128.2,1166,0
20250602,160000,128.11,129.48,128.05,128.8,1728,0
20250602,170000,128.85,130.88,128.41,130.44,1342,0
20250602,180000,130.55,131.87,130.05,131.33,4352,0
20250602,190000,131.34,131.96,130.58,130.93,1733,0
20250602,200000,130.93,131.3,130.46,130.54,735,0
20250602,210000,130.54,130.82,130.48,130.82,174,0
20250602,220000,130.26,130.38,130,130.38,171,0
20250602,230000,130.34,130.71,130.27,130.46,333,0
20250603,090000,130.65,131.25,130.65,130.89,1318,0
20250603,100000,130.92,131.31,130.26,130.66,2539,0
20250603,110000,130.7,130.7,129.81,130.25,1428,0
20250603,120000,130.24,130.77,130.13,130.26,1218,0
20250603,130000,130.27,130.32,129.24,130.19,1719,0
20250603,140000,130.18,130.24,129.81,130.14,270,0
20250603,150000,130.15,130.16,129.01,129.01,595,0
20250603,160000,129.01,129.63,128.8,129.5,1183,0
20250603,170000,129.49,130.1,129.24,129.75,1111,0
20250603,180000,129.75,130.73,129.54,130.47,874,0
20250603,190000,130.43,130.84,130.25,130.5,534,0
20250603,200000,130.38,131.04,130.05,130.81,620,0
20250603,210000,130.88,131.12,130.68,130.69,352,0
20250603,220000,130.64,130.84,130.57,130.71,604,0
20250603,230000,130.7,130.98,130.67,130.92,324,0
20250604,090000,130.55,131.1,130.1,130.92,1398,0
20250604,100000,130.84,131.7,130.69,131.32,2590,0
20250604,110000,131.52,131.52,130.96,131.02,1318,0
20250604,120000,131.03,131.62,130.96,131.49,471,0
20250604,130000,131.54,131.74,131.26,131.37,943,0
20250604,140000,131.25,132.09,130.87,132.09,1049,0
20250604,150000,132.06,132.58,131.3,131.3,3099,0
20250604,160000,131.3,131.75,131,131.42,1551,0
20250604,170000,131.34,131.49,129.39,129.97,2846,0
20250604,180000,129.93,130.09,129.01,129.98,3395,0
20250604,190000,130.03,130.69,129.5,130.65,1849,0
20250604,200000,130.7,130.7,130.16,130.42,1730,0
20250604,210000,130.36,130.36,129.49,129.69,536,0
20250604,220000,129.68,129.88,129.33,129.52,707,0
20250604,230000,129.65,129.88,129.59,129.84,243,0
20250605,090000,129.96,130.66,129.96,130.6,447,0
20250605,100000,130.53,130.69,130.1,130.14,410,0
20250605,110000,130.17,130.17,129.21,129.81,750,0
20250605,120000,129.7,130.2,129.54,129.91,557,0
20250605,130000,129.91,130.2,129.64,130.18,477,0
20250605,140000,130.05,130.27,129.78,130.16,1511,0
20250605,150000,130.1,130.27,129.66,129.66,757,0
20250605,160000,129.6,130.15,129.56,130.05,468,0
20250605,170000,130.06,130.28,129.88,129.89,883,0
20250605,180000,129.79,129.9,129.62,129.76,307,0
20250605,190000,129.74,129.9,129.32,129.55,1201,0
20250605,200000,129.55,129.81,129.37,129.64,683,0
20250605,210000,129.55,129.7,129.49,129.66,275,0
20250605,220000,129.7,130.01,129.7,130.01,579,0
20250605,230000,130.02,130.02,129.59,129.64,288,0
20250606,090000,129.96,129.96,129.37,129.85,1351,0
20250606,100000,129.8,130.6,129.6,130.36,1711,0
20250606,110000,130.31,130.36,129.72,129.76,904,0
20250606,120000,129.77,130.14,128.42,129.48,2956,0
20250606,130000,129.5,132.55,128.5,129.8,9568,0
20250606,140000,129.66,130.23,129.39,129.52,1392,0
20250606,150000,129.67,129.69,127.45,128.14,4330,0
20250606,160000,128.04,128.66,127.55,128.6,1974,0
20250606,170000,128.6,128.79,126.48,126.58,1809,0
20250606,180000,126.53,126.88,125.76,126.29,2821,0
20250606,190000,126.77,126.84,126.06,126.63,942,0
20250606,200000,126.7,126.86,126.25,126.63,649,0
20250606,210000,126.57,126.65,126.35,126.54,295,0
20250606,220000,126.63,126.98,126.07,126.42,1511,0
20250606,230000,126.42,126.49,125.92,125.98,886,0
20250609,090000,126.59,126.59,125.1,125.17,2336,0
20250609,100000,125.17,125.67,124.35,124.39,2010,0
20250609,110000,124.42,124.73,124.09,124.26,5158,0
20250609,120000,124.31,124.48,123.51,124.47,2329,0
20250609,130000,124.4,124.89,124.22,124.52,2250,0
20250609,140000,124.36,124.36,123.75,124.1,890,0
20250609,150000,124.03,124.03,122.88,123.36,2806,0
20250609,160000,123.38,123.63,123,123.02,1128,0
20250609,170000,123.16,123.66,123.04,123.3,875,0
20250609,180000,123.3,123.44,123.02,123.05,2250,0
20250609,190000,123.22,123.76,123.15,123.71,3436,0
20250609,200000,123.75,124.04,123.58,123.7,554,0
20250609,210000,123.72,123.98,123.41,123.78,2120,0
20250609,220000,123.85,124.21,123.85,123.86,1457,0
20250609,230000,124.1,124.1,123.73,123.73,324,0
20250610,090000,123.99,124.43,123.97,124.29,798,0
20250610,100000,124.3,124.55,123.11,123.37,3588,0
20250610,110000,123.4,123.56,123,123.44,2366,0
20250610,120000,123.37,123.69,122.5,122.83,740,0
20250610,130000,122.79,122.95,122.15,122.41,2053,0
20250610,140000,122.41,123.15,122.4,122.9,764,0
20250610,150000,122.95,123.05,122.47,122.71,778,0
20250610,160000,122.53,122.85,122.31,122.73,1281,0
20250610,170000,122.71,123.16,122.61,122.78,501,0
20250610,180000,122.82,123.7,122.68,123.44,1389,0
20250610,190000,123.58,123.78,122.95,122.99,2018,0
20250610,200000,123.01,123.19,122.88,123.04,815,0
20250610,210000,123.08,123.38,123.08,123.34,219,0
20250610,220000,123.35,123.4,123.08,123.3,244,0
20250610,230000,123.36,123.43,123.05,123.43,221,0
20250611,090000,123.14,123.29,122.7,123.29,1007,0
20250611,100000,123.27,123.87,123.06,123.6,1823,0
20250611,110000,123.6,123.82,123.17,123.17,1262,0
20250611,120000,123.18,123.52,122.58,122.75,1688,0
20250611,130000,122.78,123.3,122.67,123.05,855,0
20250611,140000,123.16,123.29,122.85,123.29,649,0
20250611,150000,123.29,123.69,123.08,123.6,1200,0
20250611,160000,123.56,123.56,123.07,123.11,1081,0
20250611,170000,123.06,123.25,122.85,123.2,352,0
20250611,180000,123.04,123.47,123.03,123.47,827,0
20250611,190000,123.32,123.41,123.01,123.29,768,0
20250611,200000,123.25,123.36,122.91,123.03,854,0
20250611,210000,123.14,123.41,123.1,123.21,989,0
20250611,220000,123.18,123.33,123.11,123.25,360,0
20250611,230000,123.2,123.46,123.19,123.46,708,0
20250613,090000,124.28,124.98,123.35,123.5,2209,0
20250613,100000,123.47,123.88,123.41,123.46,1374,0
20250613,110000,123.46,123.64,123.32,123.56,442,0
20250613,120000,123.5,124.28,123.5,124.21,1123,0
20250613,130000,124.28,124.28,123.95,124.04,493,0
20250613,140000,124.01,124.1,123.75,124.02,326,0
20250613,150000,123.96,124.15,123.83,123.86,293,0
20250613,160000,123.85,124.06,123.79,123.91,123,0
20250613,170000,123.91,124.05,123.78,123.88,237,0
20250613,180000,123.88,124.03,123.76,123.85,110,0
20250613,190000,123.78,123.91,123.56,123.79,773,0
20250613,200000,123.71,123.87,123.62,123.87,251,0
20250613,210000,123.82,123.97,123.78,123.95,126,0
20250613,220000,123.94,124,123.87,123.87,65,0
20250613,230000,123.89,123.97,123.55,123.55,498,0
20250616,090000,125.13,125.69,124.58,124.98,1915,0
20250616,100000,124.98,125.16,124.29,124.58,2005,0
20250616,110000,124.47,124.98,124.45,124.8,999,0
20250616,120000,124.7,125.06,124.55,124.81,783,0
20250616,130000,124.88,124.9,124,124.13,1832,0
20250616,140000,124.17,124.48,124.05,124.18,578,0
20250616,150000,124.31,124.43,123.71,123.84,833,0
20250616,160000,123.85,124.01,123,123.03,2306,0
20250616,170000,123.05,123.55,123.02,123.23,913,0
20250616,180000,123.18,123.34,123.03,123.03,479,0
20250616,190000,123.13,123.56,123.11,123.31,580,0
20250616,200000,123.3,123.46,123.3,123.36,662,0
20250616,210000,123.36,123.4,123.15,123.17,341,0
20250616,220000,123.17,123.26,123.08,123.19,607,0
20250616,230000,123.19,123.35,123.1,123.35,675,0
20250617,090000,123.44,123.44,123.06,123.06,1633,0
20250617,100000,123.07,125.1,123.02,124.5,7721,0
20250617,110000,124.54,124.78,124.23,124.34,3975,0
20250617,120000,124.4,125.43,124.36,125.39,8291,0
20250617,130000,125.36,126.45,125.25,125.52,4036,0
20250617,140000,125.43,125.77,125.37,125.42,4797,0
20250617,150000,125.41,126.19,125.32,125.97,4166,0
20250617,160000,125.98,127.21,125.76,127.21,3968,0
20250617,170000,127.21,127.39,126.9,127.2,2459,0
20250617,180000,127.27,127.38,126.95,127.14,2244,0
20250617,190000,127.25,127.5,127.21,127.37,1410,0
20250617,200000,127.37,128.1,127.37,127.99,2152,0
20250617,210000,128.04,128.42,127.3,127.44,3472,0
20250617,220000,127.41,127.41,126.9,127.33,1960,0
20250617,230000,127.28,127.63,126.97,127.63,845,0
20250618,090000,127.3,127.63,127.02,127.5,2709,0
20250618,100000,127.51,127.58,126.41,126.54,2138,0
20250618,110000,126.47,126.82,126.01,126.17,3361,0
20250618,120000,126.17,127.16,125.86,126.88,1853,0
20250618,130000,126.89,127.69,126.78,127.34,1745,0
20250618,140000,127.28,128.27,126.96,127.64,2648,0
20250618,150000,127.67,127.71,127.13,127.5,1070,0
20250618,160000,127.65,127.76,126.66,127.76,1833,0
20250618,170000,127.65,127.73,126.74,127.09,2535,0
20250618,180000,127.08,127.23,126.61,126.76,2344,0
20250618,190000,126.76,127.69,126.47,127.25,1330,0
20250618,200000,127.25,127.29,126.77,126.88,595,0
20250618,210000,126.9,127.6,126.9,127.34,720,0
20250618,220000,127.32,127.38,127,127.12,685,0
20250618,230000,127.1,127.3,126.92,126.92,186,0
20250619,090000,127.33,127.69,126.98,127.11,978,0
20250619,100000,127.07,127.59,126.8,127.3,1650,0
20250619,110000,127.12,127.53,126.85,127.09,1279,0
20250619,120000,127.05,127.05,126.56,126.64,919,0
20250619,130000,126.6,126.83,126.1,126.24,1872,0
20250619,140000,126.33,126.67,126.23,126.45,916,0
20250619,150000,126.52,126.56,125.38,125.93,4137,0
20250619,160000,125.88,126.55,125.81,126.28,1298,0
20250619,170000,126.41,126.93,126.35,126.77,1072,0
20250619,180000,126.8,126.9,126.35,126.42,415,0
20250619,190000,126.49,126.91,126.45,126.66,833,0
20250619,200000,126.65,126.67,126.33,126.39,512,0
20250619,210000,126.36,126.58,126.27,126.45,275,0
20250619,220000,126.55,126.63,126.4,126.49,117,0
20250619,230000,126.4,126.68,126.39,126.4,304,0
20250620,090000,126.22,126.36,126,126.22,739,0
20250620,100000,126.22,126.49,125.68,126.37,1991,0
20250620,110000,126.36,126.54,126.02,126.14,1166,0
20250620,120000,126.2,126.34,126.12,126.15,821,0
20250620,130000,126.15,126.26,125.86,126.04,872,0
20250620,140000,126.03,126.31,125.53,125.73,1135,0
20250620,150000,125.62,126.85,125.34,126.23,3688,0
20250620,160000,126.29,126.3,125.63,125.73,1038,0
20250620,170000,125.65,125.71,124.33,124.77,2771,0
20250620,180000,124.77,124.79,123.88,123.9,3493,0
20250620,190000,123.9,127.8,123.65,124.13,4550,0
20250620,200000,124.09,124.21,123.81,124.04,988,0
20250620,210000,124.06,124.61,124.06,124.36,325,0
20250620,220000,124.33,124.5,124.16,124.47,285,0
20250620,230000,124.49,124.54,124.14,124.46,660,0
