20251217,080000,130.99,130.99,130.99,130.99,8,0
20251217,090000,131.04,131.12,130.58,130.76,1501,0
20251217,100000,130.59,130.72,129.37,129.8,8684,0
20251217,110000,129.8,130.64,129.76,129.99,8969,0
20251217,120000,129.97,129.98,128.99,129.13,5954,0
20251217,130000,129.08,129.35,128.2,129.24,5883,0
20251217,140000,129.26,129.27,128.58,129.17,2946,0
20251217,150000,129.16,129.2,128.8,129.12,720,0
20251217,160000,129.06,129.11,128.6,128.64,1385,0
20251217,170000,128.63,128.65,128.1,128.65,2283,0
20251217,180000,128.65,129.43,128.3,129.43,3097,0
20251217,190000,129.23,129.56,129.04,129.16,1195,0
20251217,200000,129.16,129.41,129.13,129.2,459,0
20251217,210000,129.23,129.35,128.98,128.98,696,0
20251217,220000,129.02,129.52,128.64,129.32,1008,0
20251217,230000,129.33,129.5,129.19,129.43,657,0
20251218,080000,129.42,129.42,129.42,129.42,3,0
20251218,090000,129.33,129.55,128.22,129.38,1828,0
20251218,100000,129.36,129.84,128.78,129.52,2944,0
20251218,110000,129.6,129.78,128.99,129.13,2285,0
20251218,120000,129.1,129.28,128.8,129.28,759,0
20251218,130000,129.3,129.39,129.13,129.18,1182,0
20251218,140000,129.16,129.16,128.63,128.79,1434,0
20251218,150000,128.74,129.53,128.72,129.5,4227,0
20251218,160000,129.39,129.4,128.73,128.81,2824,0
20251218,170000,128.81,128.92,128.59,128.66,1644,0
20251218,180000,128.65,128.93,128.5,128.77,1758,0
20251218,190000,128.58,128.92,128.57,128.92,1138,0
20251218,200000,128.92,128.95,128.79,128.91,162,0
20251218,210000,128.91,129.11,128.71,128.92,1206,0
20251218,220000,128.94,129.05,128.94,128.99,337,0
20251218,230000,129,129.41,128.64,128.98,1250,0
20251219,080000,129.4,129.4,129.4,129.4,430,0
20251219,090000,129.49,130.06,129.4,129.8,3759,0
20251219,100000,129.82,131.17,129.82,130.43,14160,0
20251219,110000,130.43,130.85,130.08,130.27,3126,0
20251219,120000,130.23,130.33,129.74,129.99,3214,0
20251219,130000,130,130.86,126.36,127.97,17481,0
20251219,140000,127.88,128.49,127.8,128.41,1820,0
20251219,150000,128.4,128.55,127,127.04,3264,0
20251219,160000,127.01,127.74,126.75,127.5,8731,0
20251219,170000,127.47,127.47,126.77,127,3093,0
20251219,180000,126.99,127.52,126.83,126.83,2049,0
20251219,190000,127.04,127.53,127,127.39,697,0
20251219,200000,127.39,127.8,127.39,127.72,1057,0
20251219,210000,127.65,127.83,127.56,127.56,174,0
20251219,220000,127.56,127.69,127.52,127.58,188,0
20251219,230000,127.65,127.68,127.61,127.68,150,0
20251220,100000,127.74,127.93,127.65,127.82,182,0
20251220,110000,127.89,127.89,127.75,127.75,69,0
20251220,120000,127.82,127.84,127.75,127.82,46,0
20251220,130000,127.82,127.88,127.56,127.56,163,0
20251220,140000,127.55,127.64,127.5,127.61,64,0
20251220,150000,127.61,127.65,127.55,127.55,14,0
20251220,160000,127.59,127.87,127.59,127.72,28,0
20251220,170000,127.72,127.96,127.6,127.86,448,0
20251220,180000,127.89,127.89,127.59,127.8,280,0
20251221,100000,127.79,127.8,127.72,127.75,282,0
20251221,110000,127.73,127.75,127.64,127.64,51,0
20251221,120000,127.63,127.66,127.55,127.55,195,0
20251221,130000,127.56,127.64,127.51,127.64,113,0
20251221,140000,127.55,127.63,127.5,127.63,76,0
20251221,150000,127.63,127.71,127.44,127.44,757,0
20251221,160000,127.53,127.66,127.44,127.44,29,0
20251221,170000,127.46,127.57,127.31,127.32,77,0
20251221,180000,127.42,127.52,127.35,127.52,40,0
20251222,080000,127.6,127.6,127.6,127.6,10,0
20251222,090000,127.36,127.45,127,127.04,3179,0
20251222,100000,127.02,127.02,125.58,125.84,9440,0
20251222,110000,125.82,126.83,125.5,126.05,6503,0
20251222,120000,126.04,126.39,125.68,125.94,2665,0
20251222,130000,125.93,126.22,125.72,126.03,1068,0
20251222,140000,126.01,126.02,125.6,125.75,1244,0
20251222,150000,125.77,125.8,125.24,125.52,4816,0
20251222,160000,125.47,125.69,125.32,125.38,1642,0
20251222,170000,125.4,125.43,124.55,124.81,3838,0
20251222,180000,124.82,124.91,124.62,124.72,1663,0
20251222,190000,124.74,125.38,124.74,125.21,1055,0
20251222,200000,125.2,125.25,124.99,125.24,746,0
20251222,210000,125.25,125.25,124.91,125.11,490,0
20251222,220000,125.1,125.1,124.61,124.68,1471,0
20251222,230000,124.66,124.91,123.83,124.58,3868,0
20251223,080000,125,125,125,125,11,0
20251223,090000,125,125.08,124.19,124.35,2230,0
20251223,100000,124.29,124.98,124.2,124.5,2300,0
20251223,110000,124.5,124.74,124.18,124.21,1557,0
20251223,120000,124.31,124.32,123.58,124,2802,0
20251223,130000,123.89,124.47,123.78,124.26,3345,0
20251223,140000,124.26,125.66,124.2,125.6,2438,0
20251223,150000,125.61,125.71,125.23,125.27,3065,0
20251223,160000,125.32,125.59,125.27,125.59,760,0
20251223,170000,125.6,125.91,125.05,125.58,2394,0
20251223,180000,125.6,125.69,125.36,125.62,1596,0
20251223,190000,125.62,125.8,125.62,125.63,733,0
20251223,200000,125.54,125.62,125.35,125.44,437,0
20251223,210000,125.36,125.73,125.36,125.73,352,0
20251223,220000,125.7,125.74,125.62,125.69,217,0
20251223,230000,125.68,125.69,125.33,125.33,644,0
20251224,090000,125.56,125.76,124.88,125.03,1682,0
20251224,100000,125.03,125.37,124.55,125.11,2134,0
20251224,110000,125.13,125.48,124.6,125.02,2860,0
20251224,120000,124.9,125.37,124.9,125.27,4306,0
20251224,130000,125.22,125.51,125.18,125.45,2497,0
20251224,140000,125.43,125.66,125.14,125.19,910,0
20251224,150000,125.19,125.58,125.03,125.28,559,0
20251224,160000,125.33,125.39,125.01,125.12,577,0
20251224,170000,125.11,125.13,124.8,124.91,1112,0
20251224,180000,124.91,125.08,124.68,124.84,871,0
20251224,190000,124.82,125.14,124.82,125.05,1312,0
20251224,200000,125.03,125.29,124.98,125.29,947,0
20251224,210000,125.29,125.3,125.15,125.28,104,0
20251224,220000,125.24,125.49,125.19,125.37,754,0
20251224,230000,125.43,125.47,125.22,125.34,326,0
20251225,090000,125.29,125.29,124.96,125.07,558,0
20251225,100000,124.96,124.97,124.36,124.65,2370,0
20251225,110000,124.61,125.22,124.59,125.1,673,0
20251225,120000,125.09,125.13,124.74,124.84,2488,0
20251225,130000,124.82,124.98,124.62,124.66,1755,0
20251225,140000,124.68,124.81,124.64,124.81,1904,0
20251225,150000,124.82,124.82,124.47,124.47,585,0
20251225,160000,124.45,124.75,124.25,124.48,692,0
20251225,170000,124.43,124.5,124.34,124.45,921,0
20251225,180000,124.44,124.45,124.29,124.39,468,0
20251225,190000,124.42,124.55,124.31,124.55,319,0
20251225,200000,124.55,124.61,124.51,124.52,195,0
20251225,210000,124.51,124.66,124.51,124.66,278,0
20251225,220000,124.75,125.12,124.65,124.67,351,0
20251225,230000,124.67,124.69,124.49,124.49,702,0
20251226,090000,124.55,125.88,124.43,125.54,3865,0
20251226,100000,125.6,126.88,125.6,126.12,6066,0
20251226,110000,126.12,126.4,125.87,125.96,2064,0
20251226,120000,125.97,126.33,125.96,126.25,3908,0
20251226,130000,126.28,126.54,126.22,126.45,930,0
20251226,140000,126.48,126.88,126.42,126.57,4505,0
20251226,150000,126.57,127,126.2,126.74,2967,0
20251226,160000,126.78,126.99,126.55,126.72,1780,0
20251226,170000,126.71,126.95,126.71,126.83,1180,0
20251226,180000,126.78,126.87,126.69,126.78,1092,0
20251226,190000,126.83,126.99,126.35,126.57,912,0
20251226,200000,126.56,126.73,126.51,126.73,378,0
20251226,210000,126.73,126.78,126.53,126.66,710,0
20251226,220000,126.73,127.15,126.72,127.09,1081,0
20251226,230000,127.1,127.5,127.1,127.48,1278,0
20251227,090000,127.5,127.5,127.5,127.5,5,0
20251227,100000,127.5,128.35,127.48,127.9,2222,0
20251227,110000,127.77,127.89,127.66,127.76,32,0
20251227,120000,127.75,127.99,127.75,127.99,402,0
20251227,130000,127.9,127.92,127.9,127.9,260,0
20251227,140000,127.9,127.93,127.75,127.75,58,0
20251227,150000,127.75,127.99,127.75,127.78,48,0
20251227,160000,127.78,127.87,127.71,127.71,20,0
20251227,170000,127.75,127.75,127.69,127.7,102,0
20251227,180000,127.71,128,127.68,127.98,270,0
20251228,100000,127.81,127.82,127.5,127.5,218,0
20251228,110000,127.5,127.57,127.11,127.48,212,0
20251228,120000,127.44,127.57,127.33,127.46,117,0
20251228,130000,127.59,127.59,127.36,127.39,85,0
20251228,140000,127.49,127.74,127.3,127.73,791,0
20251228,150000,127.74,128,127.7,127.99,321,0
20251228,160000,127.85,127.9,127.85,127.85,14,0
20251228,170000,127.85,128,127.7,127.8,372,0
20251228,180000,128.02,128.24,127.86,128,207,0
20251229,080000,127.8,127.8,127.8,127.8,22,0
20251229,090000,127.81,127.89,127.02,127.26,1736,0
20251229,100000,127.25,127.47,126.93,127.04,2089,0
20251229,110000,127.04,129.66,127.03,129.65,2668,0
20251229,120000,129.66,129.84,128.54,128.88,4792,0
20251229,130000,128.88,129.06,128.59,128.86,780,0
20251229,140000,128.76,128.95,128.63,128.95,1233,0
20251229,150000,128.91,129.19,128.57,128.7,1248,0
20251229,160000,128.73,128.74,127.15,127.25,4176,0
20251229,170000,127.22,127.32,126.13,126.89,3530,0
20251229,180000,126.9,127.07,125,125.52,6848,0
20251229,190000,125.64,126.5,125.4,125.9,2886,0
20251229,200000,125.9,126.11,125.72,125.72,419,0
20251229,210000,125.73,126.18,125.59,126.14,532,0
20251229,220000,126.14,126.18,125.93,125.99,231,0
20251229,230000,125.99,126.04,125.64,125.78,279,0
20251230,090000,125.79,125.92,125.36,125.72,2186,0
20251230,100000,125.69,125.7,125.1,125.38,2159,0
20251230,110000,125.37,125.8,125.06,125.7,2466,0
20251230,120000,125.68,125.95,125.52,125.89,2158,0
20251230,130000,125.87,125.93,125.69,125.85,1636,0
20251230,140000,125.89,125.91,125.67,125.7,856,0
20251230,150000,125.69,126,125.64,125.92,1522,0
20251230,160000,125.99,126.3,125.97,126.05,1317,0
20251230,170000,126.06,126.29,125.56,125.56,772,0
20251230,180000,125.55,125.85,125.5,125.74,995,0
20251230,190000,125.85,126.03,125.83,125.91,1474,0
20251230,200000,125.88,125.92,125.76,125.86,585,0
20251230,210000,125.84,125.89,125.8,125.88,152,0
20251230,220000,125.87,125.89,125.67,125.7,417,0
20251230,230000,125.69,125.69,125.53,125.58,636,0
20260105,080000,123.5,123.5,123.5,123.5,334,0
20260105,090000,123.4,123.5,120,122.82,12235,0
20260105,100000,122.78,123.3,122.18,123.24,4694,0
20260105,110000,123.17,123.49,122.95,123.42,1142,0
20260105,120000,123.42,123.77,123.32,123.68,1500,0
20260105,130000,123.67,123.68,123.41,123.58,1367,0
20260105,140000,123.57,123.76,123.43,123.72,1177,0
20260105,150000,123.75,124.05,123.51,123.9,1264,0
20260105,160000,123.91,124.26,123.89,124.08,2494,0
20260105,170000,124.13,124.62,124.13,124.48,965,0
20260105,180000,124.52,124.58,124.22,124.28,454,0
20260105,190000,124.34,124.36,124.02,124.18,763,0
20260105,200000,124.16,124.3,124.02,124.22,1059,0
20260105,210000,124.22,124.24,124.14,124.21,59,0
20260105,220000,124.21,124.21,124.13,124.13,67,0
20260105,230000,124.14,124.18,123.89,124,468,0
20260106,080000,123.91,123.91,123.91,123.91,47,0
20260106,090000,124.12,124.45,123.99,124.4,636,0
20260106,100000,124.4,124.4,123.71,124.07,1931,0
20260106,110000,124.09,124.27,124.05,124.25,986,0
20260106,120000,124.25,124.29,123.93,123.93,537,0
20260106,130000,123.93,124.09,123.81,124.02,274,0
20260106,140000,124.06,124.08,123.87,123.93,211,0
20260106,150000,123.89,123.95,123.68,123.87,469,0
20260106,160000,123.89,123.95,123.6,123.6,484,0
20260106,170000,123.58,123.67,123.4,123.54,752,0
20260106,180000,123.57,123.72,123.39,123.6,929,0
20260106,190000,123.63,123.79,123.55,123.77,328,0
20260106,200000,123.77,123.79,123.69,123.75,94,0
20260106,210000,123.77,123.79,123.55,123.6,142,0
20260106,220000,123.61,123.66,123.5,123.66,186,0
20260106,230000,123.61,123.98,123.61,123.9,184,0
20260108,080000,122.64,122.64,122.64,122.64,50,0
20260108,090000,122.64,123.09,122.3,122.49,3728,0
20260108,100000,122.45,122.91,122.36,122.77,2616,0
20260108,110000,122.85,122.85,122.43,122.67,961,0
20260108,120000,122.64,122.94,122.64,122.9,590,0
20260108,130000,122.92,122.97,122.68,122.79,556,0
20260108,140000,122.73,122.79,122.65,122.65,109,0
20260108,150000,122.65,122.78,122.33,122.72,1630,0
20260108,160000,122.69,122.83,122.6,122.73,462,0
20260108,170000,122.68,122.81,122.46,122.67,2123,0
20260108,180000,122.71,122.74,122.3,122.37,1638,0
20260108,190000,122.43,122.52,122.36,122.47,501,0
20260108,200000,122.48,122.52,122.4,122.51,1279,0
20260108,210000,122.49,122.84,122.44,122.84,1173,0
20260108,220000,122.84,122.87,122.57,122.7,554,0
20260108,230000,122.69,122.73,122.49,122.49,498,0
20260109,080000,123.4,123.4,123.4,123.4,51,0
20260109,090000,123.49,123.54,122.8,123.15,1311,0
20260109,100000,123.14,123.65,123.09,123.27,2199,0
20260109,110000,123.37,124.13,123.3,123.66,3249,0
20260109,120000,123.68,123.71,123.41,123.58,725,0
20260109,130000,123.58,123.65,123.35,123.56,1309,0
20260109,140000,123.53,123.89,123.52,123.55,1027,0
20260109,150000,123.58,123.64,123.22,123.22,955,0
20260109,160000,123.27,123.4,123.26,123.37,265,0
20260109,170000,123.34,123.45,123.25,123.35,306,0
20260109,180000,123.36,123.43,123.18,123.25,907,0
20260109,190000,123.31,123.46,123.18,123.46,78,0
20260109,200000,123.38,123.5,123.32,123.38,281,0
20260109,210000,123.4,123.5,123.37,123.48,575,0
20260109,220000,123.48,123.52,123.42,123.48,184,0
20260109,230000,123.46,123.5,123.29,123.46,399,0
20260112,080000,123.46,123.46,123.46,123.46,11,0
20260112,090000,123.47,123.66,123.21,123.43,767,0
20260112,100000,123.45,124.3,123.36,124.25,1854,0
20260112,110000,124.3,124.49,123.94,124.06,9493,0
20260112,120000,124.06,124.16,123.87,123.92,1121,0
20260112,130000,123.96,124.01,123.63,123.65,1187,0
20260112,140000,123.68,123.69,122.99,123.18,2208,0
20260112,150000,123.18,123.18,122.15,122.17,9068,0
20260112,160000,122.17,122.23,121.45,121.45,7753,0
20260112,170000,121.45,121.47,120.73,120.78,8011,0
20260112,180000,120.72,120.85,120.54,120.81,7463,0
20260112,190000,120.85,120.99,120.74,120.97,1141,0
20260112,200000,120.97,121.07,120.95,121.05,879,0
20260112,210000,121.05,121.18,120.97,121.18,690,0
20260112,220000,121.12,121.13,120.95,121,1053,0
20260112,230000,121,121,120.93,120.95,1255,0
20260113,080000,121,121,121,121,116,0
20260113,090000,120.95,121.2,120.5,120.64,2171,0
20260113,100000,120.61,120.65,120.12,120.44,5983,0
20260113,110000,120.39,120.5,119.83,119.92,12773,0
20260113,120000,119.83,120.7,119.77,120.61,10546,0
20260113,130000,120.64,120.83,120.48,120.6,1474,0
20260113,140000,120.61,121.02,120.43,120.84,1179,0
20260113,150000,120.85,120.85,120.4,120.59,4343,0
20260113,160000,120.61,121.2,120.61,120.96,1448,0
20260113,170000,121.01,121.19,120.91,121.07,1692,0
20260113,180000,121.06,121.06,120.5,120.71,1460,0
20260113,190000,120.75,120.94,120.7,120.7,163,0
20260113,200000,120.73,120.75,120.5,120.5,195,0
20260113,210000,120.46,120.55,120.36,120.52,864,0
20260113,220000,120.53,120.57,120.49,120.57,257,0
20260113,230000,120.57,120.63,120.24,120.32,875,0
20260114,080000,120.34,120.34,120.34,120.34,7,0
20260114,090000,120.49,120.67,120.13,120.21,1261,0
20260114,100000,120.21,120.4,119.59,120.27,2170,0
20260114,110000,120.28,123.37,120.17,122.09,27566,0
20260114,120000,122.11,122.6,122.05,122.25,2793,0
20260114,130000,122.3,122.35,121.5,121.61,3183,0
20260114,140000,121.79,122.13,121.56,121.8,1728,0
20260114,150000,121.81,122.37,121.81,122.29,3071,0
20260114,160000,122.33,122.35,121.8,122.08,1806,0
20260114,170000,122.07,122.6,121.89,122.03,1927,0
20260114,180000,122.04,122.2,121.88,121.96,1046,0
20260114,190000,121.95,122.03,121.48,121.68,1556,0
20260114,200000,121.64,121.92,121.52,121.92,537,0
20260114,210000,121.89,121.89,121.57,121.76,319,0
20260114,220000,121.75,122.21,121.66,122.05,4384,0
20260114,230000,122.1,122.21,121.65,121.71,2470,0
20260115,080000,121.72,121.72,121.72,121.72,15,0
20260115,090000,121.91,121.97,121.45,121.85,1303,0
20260115,100000,121.65,121.69,121.07,121.17,2912,0
20260115,110000,121.16,121.78,121.12,121.38,2163,0
20260115,120000,121.34,121.58,121.23,121.28,2802,0
20260115,130000,121.25,122.36,121.25,122.04,3764,0
20260115,140000,122.01,122.7,121.94,122.32,941,0
20260115,150000,122.33,122.4,121.9,122.07,2531,0
20260115,160000,122.09,122.42,121.94,122.28,1179,0
20260115,170000,122.3,122.55,121.9,122.05,716,0
20260115,180000,122.08,122.17,121.85,121.9,1926,0
20260115,190000,121.95,122.55,121.7,122.2,792,0
20260115,200000,122.2,122.49,122.19,122.35,538,0
20260115,210000,122.3,122.4,122.22,122.22,214,0
20260115,220000,122.27,122.66,122.27,122.45,418,0
20260115,230000,122.45,122.46,122.08,122.23,980,0
20260116,090000,122.26,122.32,122.01,122.07,1166,0
20260116,100000,122.1,122.9,121.98,122.83,1804,0
20260116,110000,122.85,123.15,122.73,122.84,2535,0
20260116,120000,122.83,122.89,122.63,122.79,1043,0
20260116,130000,122.78,123.07,122.67,122.78,1383,0
20260116,140000,122.72,122.99,122.72,122.98,468,0
20260116,150000,122.95,122.96,122.7,122.87,1282,0
20260116,160000,122.84,123.78,122.84,123.48,5370,0
20260116,170000,123.49,123.88,123.39,123.45,4603,0
20260116,180000,123.45,123.7,123.26,123.6,1171,0
20260116,190000,123.36,123.82,123.31,123.55,860,0
20260116,200000,123.51,123.7,123.48,123.57,228,0
20260116,210000,123.62,123.78,123.61,123.73,353,0
20260116,220000,123.7,123.8,123.6,123.65,1513,0
20260116,230000,123.71,124.14,123.51,123.76,1363,0
20260117,100000,123.76,124.2,123.75,123.85,647,0
20260117,110000,123.85,123.93,123.82,123.89,143,0
20260117,120000,123.89,123.97,123.59,123.83,174,0
20260117,130000,123.81,123.83,123.54,123.75,102,0
20260117,140000,123.68,123.79,123.63,123.69,110,0
20260117,150000,123.64,123.74,123.58,123.74,87,0
20260117,160000,123.69,123.74,123.51,123.74,18,0
20260117,170000,123.58,123.73,123.5,123.57,88,0
20260117,180000,123.66,123.67,123.66,123.67,3,0
20260118,090000,123.8,123.8,123.8,123.8,2,0
20260118,100000,123.8,123.89,123.5,123.75,82,0
20260118,110000,123.88,123.88,123.54,123.55,98,0
20260118,120000,123.7,123.84,123.55,123.79,15,0
20260118,130000,123.73,123.85,123.73,123.77,114,0
20260118,140000,123.88,123.89,123.74,123.86,21,0
20260118,150000,123.87,123.87,123.87,123.87,1,0
20260118,160000,123.88,123.89,123.75,123.89,22,0
20260118,170000,123.89,124.07,123.87,124.07,105,0
20260118,180000,123.95,124.1,123.93,123.93,167,0
20260119,090000,123.79,123.88,123.26,123.39,2247,0
20260119,100000,123.38,123.74,123.07,123.55,1510,0
20260119,110000,123.53,124.07,123.53,123.87,2667,0
20260119,120000,123.82,123.95,123.73,123.95,571,0
20260119,130000,123.98,124.19,123.71,123.95,2082,0
20260119,140000,123.95,124.09,123.76,123.78,3401,0
20260119,150000,123.78,124,123.65,123.96,606,0
20260119,160000,123.92,124.06,123.68,124.01,333,0
20260119,170000,124.01,124.5,124,124.34,1324,0
20260119,180000,124.39,124.41,124.18,124.2,477,0
20260119,190000,124.27,124.36,124.04,124.22,571,0
20260119,200000,124.21,124.21,124.05,124.11,412,0
20260119,210000,124.12,124.14,124.02,124.13,115,0
20260119,220000,124.09,124.1,123.41,123.77,1595,0
20260119,230000,123.77,123.78,123.12,123.16,716,0
20260120,090000,123.6,123.95,123.49,123.6,462,0
20260120,100000,123.54,123.57,123.13,123.26,651,0
20260120,110000,123.19,123.53,122.55,123.17,2580,0
20260120,120000,123.16,123.57,123.02,123.44,817,0
20260120,130000,123.43,123.53,123.26,123.44,774,0
20260120,140000,123.31,123.31,122.86,123.09,782,0
20260120,150000,123.07,123.34,122.9,123.26,493,0
20260120,160000,123.17,123.67,123.15,123.55,1039,0
20260120,170000,123.58,123.9,123.3,123.75,1438,0
20260120,180000,123.8,123.88,123.64,123.81,534,0
20260120,190000,123.87,123.99,123.59,123.6,653,0
20260120,200000,123.58,123.71,123.49,123.51,318,0
20260120,210000,123.51,123.98,123.45,123.67,729,0
20260120,220000,123.67,124.02,123.67,123.87,694,0
20260120,230000,123.91,123.92,123.51,123.51,365,0
20260121,090000,123.49,123.68,123.22,123.45,1280,0
20260121,100000,123.48,123.49,123,123.2,1627,0
20260121,110000,123.17,123.6,123.08,123.6,889,0
20260121,120000,123.57,124.76,123.44,124.28,3227,0
20260121,130000,124.27,126.17,124.02,125.95,8534,0
20260121,140000,126.01,126.59,126.01,126.21,5762,0
20260121,150000,126.27,126.62,126.17,126.54,2516,0
20260121,160000,126.54,126.56,126.03,126.16,2784,0
20260121,170000,126.22,126.82,126.06,126.29,4468,0
20260121,180000,126.29,126.31,126.01,126.13,1397,0
20260121,190000,126.16,126.31,126.06,126.17,539,0
20260121,200000,126.17,126.3,125.81,126.3,2093,0
20260121,210000,126.34,126.53,126.33,126.41,365,0
20260121,220000,126.46,126.85,126.35,126.72,1567,0
20260121,230000,126.74,126.96,126.49,126.96,641,0
20260122,080000,126.93,126.93,126.93,126.93,17,0
20260122,090000,126.85,126.85,126.21,126.4,1103,0
20260122,100000,126.43,127,126.21,126.69,3246,0
20260122,110000,126.82,127.14,126.6,126.61,809,0
20260122,120000,126.58,126.8,126.43,126.72,915,0
20260122,130000,126.71,126.89,126.59,126.75,1605,0
20260122,140000,126.62,127.17,126.55,126.74,978,0
20260122,150000,126.79,126.98,126.71,126.88,1615,0
20260122,160000,126.89,127.17,125.75,126.12,4037,0
20260122,170000,126.1,126.55,125.3,126.38,3412,0
20260122,180000,126.32,126.44,126.04,126.11,744,0
20260122,190000,126.2,126.55,125.88,126.37,432,0
20260122,200000,126.31,126.39,125.99,126,945,0
20260122,210000,126,126.64,125.98,126.35,1574,0
20260122,220000,126.33,126.33,125.89,126.01,437,0
20260122,230000,126.08,126.12,125.9,125.94,215,0
20260123,090000,125.92,126.29,125.5,125.75,1330,0
20260123,100000,125.71,126.13,125.65,125.86,1273,0
20260123,110000,125.85,126.61,125.84,126.53,1984,0
20260123,120000,126.52,126.57,126.27,126.42,507,0
20260123,130000,126.45,126.86,126.39,126.54,973,0
20260123,140000,126.52,126.53,126.2,126.43,484,0
20260123,150000,126.36,126.77,126.3,126.75,353,0
20260123,160000,126.76,126.76,126.36,126.42,553,0
20260123,170000,126.43,126.56,126.31,126.43,2810,0
20260123,180000,126.46,126.58,126.35,126.57,365,0
20260123,190000,126.57,126.62,126.47,126.49,371,0
20260123,200000,126.49,127.92,126.45,127.46,1383,0
20260123,210000,127.45,128.12,127.41,127.6,2461,0
20260123,220000,127.6,127.94,127.58,127.76,708,0
20260123,230000,127.74,127.8,127.7,127.75,298,0
20260124,100000,127.75,128.21,127.5,127.84,161,0
20260124,110000,127.85,127.85,127.58,127.64,33,0
20260124,120000,127.64,127.71,127.14,127.35,818,0
20260124,130000,127.28,127.28,126.17,126.62,1099,0
20260124,140000,126.62,126.75,126.37,126.65,282,0
20260124,150000,126.52,127.99,126.05,127.27,975,0
20260124,160000,126.89,127.2,126.62,126.62,859,0
20260124,170000,126.86,127.13,126.64,126.87,868,0
20260124,180000,126.87,127.11,126.79,126.84,176,0
20260125,090000,126.85,126.85,126.85,126.85,1,0
20260125,100000,127.11,127.62,126.86,127.1,1709,0
20260125,110000,127.33,127.41,126.93,127.29,148,0
20260125,120000,127.2,127.5,127.07,127.45,88,0
20260125,130000,127.29,127.4,127.2,127.2,60,0
20260125,140000,127.3,127.4,127.01,127.35,189,0
20260125,150000,127.29,127.41,127.1,127.21,91,0
20260125,160000,127.31,127.44,127.18,127.19,266,0
20260125,170000,127.21,127.26,127.21,127.25,65,0
20260125,180000,127.25,127.39,127.19,127.21,493,0
20260126,080000,127,127,127,127,24,0
20260126,090000,126.8,126.95,126.19,126.3,2323,0
20260126,100000,126.26,126.39,125.79,125.89,2275,0
20260126,110000,125.86,126.16,125.81,125.88,840,0
20260126,120000,125.9,126.33,125.87,126.07,1060,0
20260126,130000,126.1,126.37,125.93,125.95,1294,0
20260126,140000,126.05,126.06,125.26,125.33,4078,0
20260126,150000,125.32,125.61,125.25,125.53,1066,0
20260126,160000,125.54,126.17,125.49,125.99,647,0
20260126,170000,125.84,126.26,125.82,126.21,2804,0
20260126,180000,126.22,126.24,125.74,125.95,1441,0
20260126,190000,126.03,126.15,125.8,125.9,427,0
20260126,200000,125.9,126.37,125.9,125.97,1384,0
20260126,210000,125.98,126.06,125.86,125.87,217,0
20260126,220000,125.83,125.96,125.71,125.78,341,0
20260126,230000,125.83,125.9,125.62,125.85,487,0
20260127,090000,125.91,126.25,125.66,126.04,639,0
20260127,100000,126.01,126.05,125.36,125.68,809,0
20260127,110000,125.78,127.07,125.41,126.82,2410,0
20260127,120000,126.82,126.99,126.62,126.78,1617,0
20260127,130000,126.83,127.08,126.44,126.97,678,0
20260127,140000,126.97,127.46,126.97,127.25,1674,0
20260127,150000,127.24,127.33,127.03,127.14,680,0
20260127,160000,127.14,127.88,127.1,127.64,1927,0
20260127,170000,127.74,129.21,127.74,128.93,7123,0
20260127,180000,128.94,129.13,128.1,128.39,4219,0
20260127,190000,128.57,128.73,128.22,128.55,905,0
20260127,200000,128.55,128.76,128.41,128.64,565,0
20260127,210000,128.64,128.9,128.6,128.83,581,0
20260127,220000,128.8,128.84,128.67,128.73,654,0
20260127,230000,128.76,129.11,128.3,128.52,698,0
20260128,090000,128.23,128.85,128.1,128.84,673,0
20260128,100000,128.77,128.8,128.3,128.65,1195,0
20260128,110000,128.66,129.02,128.19,128.25,638,0
20260128,120000,128.25,128.25,127.77,127.93,1585,0
20260128,130000,127.87,128.22,127.85,128.15,254,0
20260128,140000,128.1,128.3,127.91,127.96,493,0
20260128,150000,127.94,128.21,127.54,127.95,1299,0
20260128,160000,127.93,128.15,127.74,128.06,1402,0
20260128,170000,128.06,128.69,128.02,128.54,2160,0
20260128,180000,128.57,128.64,128,128.48,1378,0
20260128,190000,128.5,128.65,128.26,128.31,337,0
20260128,200000,128.31,128.5,128.27,128.4,625,0
20260128,210000,128.31,128.34,128.02,128.1,271,0
20260128,220000,128.04,128.15,127.91,128.02,509,0
20260128,230000,128.03,128.1,127.07,127.3,1479,0
20260129,080000,127.5,127.5,127.5,127.5,2,0
20260129,090000,127.68,128.33,127.35,127.87,2252,0
20260129,100000,127.96,129,127.96,128.85,3445,0
20260129,110000,128.83,129.52,128.58,128.83,7974,0
20260129,120000,128.84,129.07,128.53,128.67,2512,0
20260129,130000,128.69,129.5,128.62,129.31,3353,0
20260129,140000,129.25,129.4,129.1,129.21,2583,0
20260129,150000,129.22,129.55,128.95,129.25,2146,0
20260129,160000,129.23,130.13,129.12,129.86,6185,0
20260129,170000,129.88,130.48,129.84,129.97,7931,0
20260129,180000,129.99,130,127.78,128.69,12958,0
20260129,190000,128.92,128.92,128.01,128.62,3916,0
20260129,200000,128.67,129.41,128.54,128.71,2251,0
20260129,210000,128.75,128.98,128.68,128.9,524,0
20260129,220000,128.77,129.47,128.72,129.4,1627,0
20260129,230000,129.4,130.29,129.24,129.73,2258,0
20260130,080000,129,129,129,129,9,0
20260130,090000,128.81,129.36,128.7,129.29,1751,0
20260130,100000,129.24,129.49,128.43,128.99,1424,0
20260130,110000,128.99,128.99,126.83,127,9402,0
20260130,120000,127,127.58,126.74,127.39,4248,0
20260130,130000,127.37,127.83,127.32,127.79,1361,0
20260130,140000,127.73,127.94,127.52,127.68,2124,0
20260130,150000,127.69,127.88,127.35,127.55,2040,0
20260130,160000,127.55,128.18,127.52,128.16,763,0
20260130,170000,128.13,128.48,127.94,128.19,838,0
20260130,180000,128.09,128.16,127.79,128,936,0
20260130,190000,128.08,128.19,127.77,127.9,618,0
20260130,200000,127.86,128.1,127.62,127.66,923,0
20260130,210000,127.68,128.45,127.34,127.64,867,0
20260130,220000,127.73,127.89,127.47,127.85,2955,0
20260130,230000,127.82,127.94,127.8,127.89,260,0
20260131,100000,127.89,128.25,127.69,128.01,115,0
20260131,110000,127.91,128.01,127.9,127.9,133,0
20260131,120000,127.97,127.97,127.65,127.66,59,0
20260131,130000,127.76,127.77,127.65,127.72,49,0
20260131,140000,127.9,127.97,127.7,127.97,23,0
20260131,150000,127.87,127.97,127.71,127.71,58,0
20260131,160000,127.74,127.77,127.56,127.76,838,0
20260131,170000,127.71,127.77,127.7,127.77,23,0
20260131,180000,127.7,128.01,127.68,127.71,437,0
20260201,100000,127.52,127.91,127.52,127.77,120,0
20260201,110000,127.85,127.88,127.7,127.77,268,0
20260201,120000,127.86,127.86,127.56,127.56,44,0
20260201,130000,127.72,128.51,127.66,128.5,946,0
20260201,140000,128.42,128.44,128.04,128.1,321,0
20260201,150000,128.17,128.25,127.85,128.04,193,0
20260201,160000,128.01,128.01,127.97,127.97,11,0
20260201,170000,128.04,128.08,127.83,127.91,68,0
20260201,180000,127.91,128.44,127.88,128.01,480,0
20260202,080000,127.8,127.8,127.8,127.8,62,0
20260202,090000,127.6,127.71,126.75,127.13,3275,0
20260202,100000,127.13,127.16,126.31,126.74,4053,0
20260202,110000,126.6,126.88,126.33,126.64,1539,0
20260202,120000,126.64,127.43,126.62,127.41,1140,0
20260202,130000,127.38,127.53,126.95,127.33,1582,0
20260202,140000,127.27,127.31,126.85,127.31,1010,0
20260202,150000,127.16,127.54,127,127.29,655,0
20260202,160000,127.33,127.33,126.5,127.24,1462,0
20260202,170000,127.28,127.4,127.06,127.21,1196,0
20260202,180000,127.2,127.38,127.19,127.37,547,0
20260202,190000,127.39,127.92,127.31,127.88,860,0
20260202,200000,127.88,127.91,127.54,127.54,1036,0
20260202,210000,127.5,127.87,127.47,127.81,849,0
20260202,220000,127.77,128.13,127.6,128.12,896,0
20260202,230000,128.11,128.12,127.93,127.96,142,0
20260203,090000,127.8,128.09,127.56,128.04,679,0
20260203,100000,128.03,128.38,127.54,127.75,1378,0
20260203,110000,127.76,127.84,127.09,127.11,1529,0
20260203,120000,127.1,127.64,126.94,127.46,1094,0
20260203,130000,127.45,127.79,127.43,127.43,490,0
20260203,140000,127.47,127.8,127.24,127.64,515,0
20260203,150000,127.64,127.96,127.53,127.78,996,0
20260203,160000,127.71,127.97,127.39,127.97,1516,0
20260203,170000,127.98,128.08,127.73,127.86,995,0
20260203,180000,127.95,127.97,127.71,127.81,2409,0
20260203,190000,127.77,127.82,127.55,127.55,303,0
20260203,200000,127.53,127.63,127.28,127.32,634,0
20260203,210000,127.32,127.63,127.2,127.48,744,0
20260203,220000,127.62,127.72,127.49,127.55,339,0
20260203,230000,127.57,127.57,127.3,127.41,394,0
20260204,080000,127.47,127.47,127.47,127.47,452,0
20260204,090000,127.52,127.88,127.47,127.88,1296,0
20260204,100000,127.84,128.35,127.46,128.29,1288,0
20260204,110000,128.37,128.44,128.13,128.29,1085,0
20260204,120000,128.29,128.37,127.89,128.11,605,0
20260204,130000,128.15,128.26,127.87,128.16,804,0
20260204,140000,128.15,128.21,127.67,127.92,644,0
20260204,150000,127.98,128.32,127.98,128.08,1576,0
20260204,160000,128.07,128.09,127.48,127.77,905,0
20260204,170000,127.76,128.04,127.71,127.99,1388,0
20260204,180000,127.95,127.99,127.35,127.56,2835,0
20260204,190000,127.55,127.55,126.91,127.2,2371,0
20260204,200000,127.2,127.33,126.39,126.65,1929,0
20260204,210000,126.65,126.94,126.56,126.88,1284,0
20260204,220000,126.87,127.15,126.83,127.08,1930,0
20260204,230000,127.05,127.17,126.99,127.05,638,0
20260205,080000,126.53,126.53,126.53,126.53,4,0
20260205,090000,126.52,126.55,125.95,126.32,4598,0
20260205,100000,126.34,126.47,125.81,126.44,2137,0
20260205,110000,126.43,126.8,126.29,126.71,1746,0
20260205,120000,126.7,126.73,126.05,126.26,1946,0
20260205,130000,126.22,126.59,125.52,125.72,2827,0
20260205,140000,125.76,125.95,125.52,125.73,1173,0
20260205,150000,125.73,125.78,125.11,125.38,3044,0
20260205,160000,125.34,125.87,124.72,125.48,4794,0
20260205,170000,125.43,125.97,125.25,125.91,4574,0
20260205,180000,125.85,125.93,125.23,125.42,835,0
20260205,190000,125.5,125.74,125.43,125.66,1001,0
20260205,200000,125.66,125.85,125.59,125.85,430,0
20260205,210000,125.86,126.03,125.7,125.7,488,0
20260205,220000,125.7,125.84,125.62,125.69,181,0
20260205,230000,125.77,125.89,125.76,125.83,472,0
20260206,090000,125.88,126.21,125.71,126,1200,0
20260206,100000,125.89,125.93,125.28,125.39,1352,0
20260206,110000,125.44,125.65,125.41,125.61,243,0
20260206,120000,125.61,125.76,125.37,125.76,356,0
20260206,130000,125.7,126.33,125.7,126.09,1879,0
20260206,140000,126.11,126.24,125.73,125.92,1061,0
20260206,150000,125.84,126.03,125.68,125.78,4158,0
20260206,160000,125.78,126.19,125.7,125.83,797,0
20260206,170000,125.72,125.73,125.1,125.4,1823,0
20260206,180000,125.36,125.51,125.33,125.44,711,0
20260206,190000,125.57,125.63,125.39,125.45,852,0
20260206,200000,125.49,125.53,125.39,125.52,442,0
20260206,210000,125.51,125.59,125.48,125.59,180,0
20260206,220000,125.59,125.65,125.56,125.56,337,0
20260206,230000,125.56,125.67,125.55,125.67,108,0
20260207,100000,125.7,125.8,125.62,125.76,50,0
20260207,110000,125.75,125.86,125.7,125.86,124,0
20260207,120000,125.87,126.05,125.75,125.95,216,0
20260207,130000,125.95,125.97,125.86,125.97,57,0
20260207,140000,125.97,125.98,125.81,125.81,13,0
20260207,150000,125.93,125.96,125.8,125.95,220,0
20260207,160000,125.91,125.91,125.81,125.89,4,0
20260207,170000,125.91,125.96,125.84,125.96,60,0
20260207,180000,125.85,125.96,125.84,125.92,22,0
20260208,100000,125.96,126.24,125.96,126.02,162,0
20260208,110000,126.01,126.07,125.84,126,107,0
20260208,120000,125.98,126,125.88,125.88,17,0
20260208,130000,125.87,125.98,125.73,125.73,148,0
20260208,140000,125.7,125.83,125.58,125.58,109,0
20260208,150000,125.59,125.77,125.5,125.77,77,0
20260208,160000,125.63,125.63,125.61,125.61,6,0
20260208,170000,125.67,125.68,125.25,125.35,146,0
20260208,180000,125.31,125.41,125.21,125.41,176,0
20260209,080000,125.2,125.2,125.2,125.2,7,0
20260209,090000,125.21,125.21,124.72,124.94,1125,0
20260209,100000,124.89,124.99,124.02,124.57,5385,0
20260209,110000,124.55,124.75,124.3,124.42,1398,0
20260209,120000,124.43,124.72,124.13,124.2,917,0
20260209,130000,124.15,124.48,124.09,124.3,803,0
20260209,140000,124.29,124.54,124.2,124.42,975,0
20260209,150000,124.36,124.68,124.29,124.48,672,0
20260209,160000,124.51,124.56,124.34,124.48,191,0
20260209,170000,124.51,124.55,124.2,124.24,404,0
20260209,180000,124.24,124.34,124,124.16,1100,0
20260209,190000,124.26,124.41,124.26,124.35,210,0
20260209,200000,124.36,124.43,124.19,124.23,176,0
20260209,210000,124.23,124.29,124.13,124.18,128,0
20260209,220000,124.26,124.42,124.21,124.29,206,0
20260209,230000,124.35,124.38,124.24,124.38,116,0
20260210,080000,124.49,124.49,124.49,124.49,1,0
20260210,090000,124.4,124.46,124.19,124.41,471,0
20260210,100000,124.45,124.84,124.17,124.68,546,0
20260210,110000,124.69,124.76,124.26,124.33,1086,0
20260210,120000,124.37,124.57,123.78,124.07,911,0
20260210,130000,124.04,124.06,123.46,123.69,1667,0
20260210,140000,123.69,123.89,123.53,123.78,1722,0
20260210,150000,123.78,123.89,123.21,123.37,2964,0
20260210,160000,123.34,123.56,123.2,123.45,1376,0
20260210,170000,123.5,123.54,123.07,123.16,1001,0
20260210,180000,123.14,123.24,123.07,123.18,612,0
20260210,190000,123.34,123.47,123.05,123.44,408,0
20260210,200000,123.44,123.44,123.07,123.07,419,0
20260210,210000,123.2,123.2,123.05,123.1,125,0
20260210,220000,123.09,123.2,123.06,123.09,266,0
20260210,230000,123.16,123.21,123.01,123.15,334,0
20260211,080000,123.75,123.75,123.75,123.75,33,0
20260211,090000,123.92,124.11,123.66,123.87,2472,0
20260211,100000,123.88,124.28,123.5,124.06,1303,0
20260211,110000,124.08,124.16,123.83,123.91,873,0
20260211,120000,123.91,125.11,123.62,125.05,2361,0
20260211,130000,125.11,125.25,124.58,124.6,2392,0
20260211,140000,124.59,125.06,124.34,124.44,2720,0
20260211,150000,124.44,125.62,124.35,125.25,1729,0
20260211,160000,125.34,125.62,125.2,125.62,5551,0
20260211,170000,125.62,125.98,125.33,125.43,4519,0
20260211,180000,125.47,125.53,125.22,125.5,1684,0
20260211,190000,125.46,125.77,125.37,125.48,742,0
20260211,200000,125.44,125.59,125.16,125.18,488,0
20260211,210000,125.2,125.32,124.85,125.01,1029,0
20260211,220000,125,125.06,124.95,125.06,296,0
20260211,230000,125.05,125.06,124.65,124.93,558,0
20260212,090000,124.9,124.99,124.65,124.99,379,0
20260212,100000,124.99,125,124.57,124.57,4358,0
20260212,110000,124.55,125.19,124.52,125.1,998,0
20260212,120000,125.07,125.76,124.9,125.73,3579,0
20260212,130000,125.73,125.9,125.62,125.77,2541,0
20260212,140000,125.72,125.91,125.55,125.72,1305,0
20260212,150000,125.76,126.05,125.58,125.74,1047,0
20260212,160000,125.76,125.89,125.45,125.55,772,0
20260212,170000,125.55,125.98,125.42,125.9,1327,0
20260212,180000,125.91,126,125.88,125.89,1153,0
20260212,190000,125.86,125.87,125.32,125.44,2582,0
20260212,200000,125.52,125.63,125.34,125.41,2644,0
20260212,210000,125.39,125.42,125.2,125.35,340,0
20260212,220000,125.35,125.82,125.17,125.38,1743,0
20260212,230000,125.38,125.43,125.21,125.42,645,0
20260213,090000,125.2,125.35,125,125.1,591,0
20260213,100000,125.01,125.29,124.89,125.24,798,0
20260213,110000,125.29,125.58,125.13,125.15,670,0
20260213,120000,125.17,125.54,124.9,125.3,1143,0
20260213,130000,125.27,126.99,125.17,126.98,9192,0
20260213,140000,126.95,127.17,126.52,126.68,5506,0
20260213,150000,126.67,127.22,126.5,126.84,4910,0
20260213,160000,126.9,127,126.58,126.95,832,0
20260213,170000,126.93,126.98,126.64,126.93,442,0
20260213,180000,126.95,127.13,126.82,127.05,3236,0
20260213,190000,127.03,127.22,126.94,127.15,1770,0
20260213,200000,127.18,127.53,127.16,127.19,5533,0
20260213,210000,127.2,127.39,127.2,127.37,291,0
20260213,220000,127.39,127.54,127.28,127.53,4103,0
20260213,230000,127.52,127.6,127.42,127.6,700,0
20260216,080000,127.95,127.95,127.95,127.95,22,0
20260216,090000,127.79,127.87,127.43,127.75,4794,0
20260216,100000,127.65,127.65,127.19,127.42,1075,0
20260216,110000,127.44,127.52,127.28,127.35,651,0
20260216,120000,127.31,127.93,127.3,127.78,833,0
20260216,130000,127.73,127.8,127.44,127.54,398,0
20260216,140000,127.58,127.68,126.97,127.11,2793,0
20260216,150000,127.06,127.33,126.9,127.25,1222,0
20260216,160000,127.26,127.3,126.98,126.98,3375,0
20260216,170000,127.01,127.13,126.66,126.77,1231,0
20260216,180000,126.82,126.97,126.69,126.82,830,0
20260216,190000,126.79,127.05,126.75,126.99,183,0
20260216,200000,126.98,127.04,126.86,126.95,225,0
20260216,210000,126.94,126.94,126.82,126.82,97,0
20260216,220000,126.84,126.97,126.82,126.97,157,0
20260216,230000,127,127.05,126.98,126.98,224,0
20260217,090000,126.97,127.44,126.97,127.16,1314,0
20260217,100000,127.23,127.38,126.95,127.02,1770,0
20260217,110000,127.03,127.08,126.79,127.07,940,0
20260217,120000,127.07,127.51,127.02,127.46,668,0
20260217,130000,127.47,127.6,127.12,127.25,552,0
20260217,140000,127.2,127.24,126.96,126.96,470,0
20260217,150000,126.92,127.06,126.28,126.31,1934,0
20260217,160000,126.35,126.58,126.25,126.47,1267,0
20260217,170000,126.41,126.52,126.23,126.3,1225,0
20260217,180000,126.2,126.2,125.88,126.04,1763,0
20260217,190000,125.97,126.28,125.96,126.21,392,0
20260217,200000,126.3,126.93,126.27,126.5,638,0
20260217,210000,126.49,126.58,126.23,126.57,351,0
20260217,220000,126.48,126.67,126.36,126.5,618,0
20260217,230000,126.45,126.74,126.2,126.48,1589,0
20260218,090000,126.16,126.34,126,126.06,790,0
20260218,100000,126.11,126.49,126.04,126.47,1369,0
20260218,110000,126.49,126.68,126.33,126.4,704,0
20260218,120000,126.39,126.53,125.49,125.61,5996,0
20260218,130000,125.5,126.05,125.42,125.8,876,0
20260218,140000,125.78,125.91,125.62,125.9,478,0
20260218,150000,125.87,126.26,125.84,126.18,1405,0
20260218,160000,126.22,126.59,126.1,126.48,2644,0
20260218,170000,126.45,126.49,126.12,126.17,1081,0
20260218,180000,126.19,126.5,126.17,126.32,729,0
20260218,190000,126.34,126.45,126.32,126.38,214,0
20260218,200000,126.39,126.68,126.35,126.61,563,0
20260218,210000,126.52,126.63,126.5,126.55,151,0
20260218,220000,126.58,126.69,126.51,126.51,128,0
20260218,230000,126.52,126.57,126.36,126.56,331,0
20260219,090000,126.65,126.8,126.57,126.8,558,0
20260219,100000,126.7,126.92,126.38,126.41,1211,0
20260219,110000,126.45,126.57,126.33,126.53,1123,0
20260219,120000,126.53,126.64,126.07,126.14,620,0
20260219,130000,126.09,126.27,125.89,126.27,1113,0
20260219,140000,126.22,126.36,126.06,126.06,840,0
20260219,150000,126.02,126.09,125.89,126,1050,0
20260219,160000,125.89,126.18,125.87,126.03,460,0
20260219,170000,126.01,126.03,125.86,126.01,13710,0
20260219,180000,125.97,126.08,125.83,125.94,1990,0
20260219,190000,125.9,126.03,125.9,126.02,168,0
20260219,200000,126.02,126.14,125.93,125.96,164,0
20260219,210000,125.92,126.05,125.85,125.99,112,0
20260219,220000,125.97,126.04,125.97,125.99,73,0
20260219,230000,126.03,126.06,125.98,126.02,189,0
20260220,080000,126.14,126.14,126.14,126.14,1,0
20260220,090000,125.97,126.48,125.91,126.42,660,0
20260220,100000,126.36,126.46,126.16,126.24,1217,0
20260220,110000,126.21,126.36,126.18,126.2,242,0
20260220,120000,126.2,126.23,125.77,125.85,1106,0
20260220,130000,125.86,125.86,125.22,125.58,1534,0
20260220,140000,125.54,125.86,125.44,125.86,613,0
20260220,150000,125.83,126.05,125.75,126.01,921,0
20260220,160000,126.03,126.05,125.82,126.04,406,0
20260220,170000,126.04,126.2,125.79,126.13,3310,0
20260220,180000,126.1,126.23,126.07,126.15,844,0
20260220,190000,126.19,126.21,125.94,126.09,450,0
20260220,200000,126.09,126.09,125.89,125.95,274,0
20260220,210000,126.09,126.17,126.02,126.13,548,0
20260220,220000,126.16,126.16,126.04,126.04,210,0
20260220,230000,126.07,126.07,125.99,126,120,0
20260221,100000,126.12,126.32,126.12,126.14,62,0
20260221,110000,126.1,126.12,126.04,126.04,28,0
20260221,120000,126.05,126.11,126.03,126.07,197,0
20260221,130000,126.08,126.09,126.02,126.09,79,0
20260221,140000,126.03,126.03,126.03,126.03,2,0
20260221,150000,126.03,126.07,125.79,125.97,123,0
20260221,160000,125.96,126.1,125.93,126.04,22,0
20260221,170000,125.97,126.03,125.96,126.03,7,0
20260221,180000,126.1,126.17,126.1,126.13,319,0
20260222,090000,126.53,126.53,126.53,126.53,45,0
20260222,100000,126.53,128.75,126.53,128.09,5389,0
20260222,110000,128.09,128.29,127.8,127.97,592,0
20260222,120000,127.96,128.16,127.74,127.8,593,0
20260222,130000,127.8,128.2,127.8,127.98,509,0
20260222,140000,127.86,128,127.6,127.6,536,0
20260222,150000,127.75,127.88,127.75,127.82,32,0
20260222,160000,127.83,128.1,127.75,127.77,782,0
20260222,170000,127.61,128.24,127.61,127.98,182,0
20260222,180000,128.09,128.09,127.81,128.05,150,0
20260223,100000,128.04,128.3,127.55,127.91,1661,0
20260223,110000,127.92,127.96,127.85,127.92,414,0
20260223,120000,127.82,127.88,127.74,127.83,363,0
20260223,130000,127.84,127.9,127.82,127.82,54,0
20260223,140000,127.89,128,127.64,127.78,709,0
20260223,150000,127.78,127.84,127.73,127.73,148,0
20260223,160000,127.81,128,127.81,127.87,191,0
20260223,170000,127.95,127.97,127.9,127.95,196,0
20260223,180000,127.9,127.99,127.9,127.96,210,0
20260224,080000,127.77,127.77,127.77,127.77,246,0
20260224,090000,127.76,127.79,127.36,127.55,648,0
20260224,100000,127.56,129.03,127.51,128.76,8184,0
20260224,110000,128.79,128.9,128.26,128.42,2283,0
20260224,120000,128.43,128.65,127.84,127.91,1716,0
20260224,130000,127.91,127.99,126.87,127.04,4212,0
20260224,140000,126.98,127.16,126.4,127.16,2544,0
20260224,150000,127.13,127.18,127.03,127.06,348,0
20260224,160000,127.02,127.15,126.47,126.5,982,0
20260224,170000,126.5,126.66,126.28,126.59,2149,0
20260224,180000,126.5,126.64,126.39,126.49,408,0
20260224,190000,126.65,126.86,126.25,126.79,454,0
20260224,200000,126.79,126.83,126.64,126.64,295,0
20260224,210000,126.66,126.72,126.6,126.67,593,0
20260224,220000,126.76,127.09,126.74,127.09,266,0
20260224,230000,126.97,127.08,126.34,126.99,647,0
20260225,080000,127.08,127.08,127.08,127.08,1,0
20260225,090000,127,127.16,126.86,126.86,744,0
20260225,100000,126.87,127.34,126.75,127.12,672,0
20260225,110000,127.12,127.4,127.1,127.21,1078,0
20260225,120000,127.24,127.52,127.11,127.18,711,0
20260225,130000,127.13,127.18,126.67,127.18,1064,0
20260225,140000,127.18,127.34,126.99,127.12,1743,0
20260225,150000,127,127.06,126.86,126.93,181,0
20260225,160000,126.85,127.02,126.68,126.92,927,0
20260225,170000,126.92,126.92,126.73,126.82,438,0
20260225,180000,126.75,127.45,126.73,127.1,2415,0
20260225,190000,127.13,127.31,127.08,127.27,1580,0
20260225,200000,127.27,127.38,127.2,127.38,1327,0
20260225,210000,127.31,127.34,127.23,127.26,366,0
20260225,220000,127.26,127.26,127.01,127.2,2747,0
20260225,230000,127.15,127.43,127.12,127.39,1099,0
20260226,080000,127.43,127.43,127.43,127.43,22,0
20260226,090000,127.41,128.29,127.4,128.07,2068,0
20260226,100000,128.02,128.02,127.41,127.71,1397,0
20260226,110000,127.71,127.81,127.3,127.39,1321,0
20260226,120000,127.37,127.48,127.14,127.22,632,0
20260226,130000,127.21,127.33,127.18,127.25,884,0
20260226,140000,127.22,127.25,126.8,127.01,962,0
20260226,150000,127,127.13,126.82,127.09,631,0
20260226,160000,127.07,127.18,126.91,127.18,328,0
20260226,170000,127.17,127.2,126.59,126.86,1533,0
20260226,180000,126.81,126.89,126.58,126.6,1519,0
20260226,190000,126.67,126.8,126.67,126.72,457,0
20260226,200000,126.71,127.01,126.63,127.01,790,0
20260226,210000,127.02,127.04,126.9,126.96,284,0
20260226,220000,126.97,127.13,126.9,126.94,157,0
20260226,230000,126.94,126.94,126.8,126.83,170,0
20260227,090000,126.88,126.96,126.7,126.84,263,0
20260227,100000,126.84,127.3,126.8,127.05,670,0
20260227,110000,127.12,127.26,127.04,127.23,471,0
20260227,120000,127.21,127.25,127.07,127.18,170,0
20260227,130000,127.17,127.17,126.78,126.94,771,0
20260227,140000,126.91,127.49,126.91,127.37,886,0
20260227,150000,127.36,127.42,127.22,127.29,207,0
20260227,160000,127.3,127.51,127.23,127.47,810,0
20260227,170000,127.47,127.55,127.31,127.42,1245,0
20260227,180000,127.43,127.44,127.06,127.17,981,0
20260227,190000,127.25,127.35,127.12,127.25,327,0
20260227,200000,127.25,127.3,127.17,127.18,78,0
20260227,210000,127.24,127.46,127.21,127.29,416,0
20260227,220000,127.31,127.34,127.29,127.31,16,0
20260227,230000,127.28,127.36,127.22,127.27,238,0
20260228,100000,127.25,127.46,127.22,127.22,1898,0
20260228,110000,127.3,127.81,127.28,127.81,505,0
20260228,120000,127.74,127.95,127.56,127.76,901,0
20260228,130000,127.81,128.2,127.66,127.91,458,0
20260228,140000,127.9,128.05,127.74,127.84,371,0
20260228,150000,127.88,127.88,127.42,127.48,555,0
20260228,160000,127.64,127.68,127.55,127.56,37,0
20260228,170000,127.67,128.9,127.67,128.88,2152,0
20260228,180000,128.8,128.88,128.49,128.7,553,0
20260301,090000,128.77,128.77,128.77,128.77,50,0
20260301,100000,128.77,129.94,128.02,129.7,3450,0
20260301,110000,129.7,129.96,129.31,129.31,1688,0
20260301,120000,129.31,129.32,128.7,128.98,2464,0
20260301,130000,128.95,129.17,128.72,129,770,0
20260301,140000,129,129.47,129,129.47,593,0
20260301,150000,129.47,129.69,129.23,129.39,1888,0
20260301,160000,129.46,129.71,129.22,129.71,559,0
20260301,170000,129.7,129.87,129.52,129.68,1910,0
20260301,180000,129.69,130.34,129.64,130.15,3240,0
20260302,080000,129.02,129.02,129.02,129.02,389,0
20260302,090000,129.02,129.03,127.71,128.48,4942,0
20260302,100000,128.49,130.14,128.2,130.04,5710,0
20260302,110000,130.04,131.65,129.96,130.55,10348,0
20260302,120000,130.55,130.61,129.99,130.37,3175,0
20260302,130000,130.37,130.37,129.61,129.97,3100,0
20260302,140000,129.97,130.07,129.5,129.75,2658,0
20260302,150000,129.77,131.13,129.76,131.06,4331,0
20260302,160000,130.97,131.06,130.41,130.5,1594,0
20260302,170000,130.65,130.82,128.8,129.85,9501,0
20260302,180000,129.81,129.81,129.22,129.5,4089,0
20260302,190000,129.44,129.61,129.1,129.44,2157,0
20260302,200000,129.48,129.84,129.34,129.56,2967,0
20260302,210000,129.62,129.8,129.6,129.67,521,0
20260302,220000,129.67,129.94,129.67,129.76,1657,0
20260302,230000,129.82,130.5,129.82,130.43,1378,0
20260303,080000,131.3,131.3,131.3,131.3,59,0
20260303,090000,131.35,131.49,130.38,130.95,4077,0
20260303,100000,130.92,131.24,130.14,130.58,3098,0
20260303,110000,130.57,130.72,130.25,130.26,1738,0
20260303,120000,130.25,130.5,130,130.44,1769,0
20260303,130000,130.42,130.45,129.98,130.27,1235,0
20260303,140000,130.27,130.97,130.27,130.78,2754,0
20260303,150000,130.83,131.34,130.04,130.07,7041,0
20260303,160000,130.03,130.07,129.5,129.91,1278,0
20260303,170000,129.91,130.15,129.74,129.76,1225,0
20260303,180000,129.68,129.71,129.23,129.44,1733,0
20260303,190000,129.4,129.71,129.1,129.36,1325,0
20260303,200000,129.37,129.37,128.8,129.04,2330,0
20260303,210000,129.04,129.19,128.63,128.81,774,0
20260303,220000,128.76,129.06,128.35,128.67,1608,0
20260303,230000,128.66,128.76,128.37,128.76,742,0
20260304,080000,129.2,129.2,129.2,129.2,3,0
20260304,090000,129.13,129.36,128.96,129.26,1605,0
20260304,100000,129.26,129.65,129.02,129.36,1528,0
20260304,110000,129.39,129.86,128.91,129.86,1976,0
20260304,120000,129.9,130.23,129.56,129.62,1784,0
20260304,130000,129.62,129.67,129.09,129.16,1095,0
20260304,140000,129.11,129.33,128.57,128.8,2100,0
20260304,150000,128.88,129.04,128.68,128.68,709,0
20260304,160000,128.8,128.8,127.9,128.4,4025,0
20260304,170000,128.36,128.55,128.08,128.12,2105,0
20260304,180000,128.11,128.5,128.11,128.25,963,0
20260304,190000,128.45,128.53,128.27,128.46,281,0
20260304,200000,128.46,128.55,128.22,128.52,1221,0
20260304,210000,128.2,128.2,127.32,127.4,3033,0
20260304,220000,127.37,127.49,127.13,127.46,1076,0
20260304,230000,127.45,127.85,127.41,127.81,190,0
20260305,080000,128.26,128.26,128.26,128.26,11,0
20260305,090000,128.39,128.51,127.89,128.04,2322,0
20260305,100000,128.01,128.62,127.82,128.48,2738,0
20260305,110000,128.47,128.48,127.95,128.13,2915,0
20260305,120000,128.17,128.18,127.7,127.99,712,0
20260305,130000,127.99,128.27,127.89,128.01,650,0
20260305,140000,127.99,128.27,127.89,128.18,1305,0
20260305,150000,128.18,128.18,127.31,127.59,1769,0
20260305,160000,127.61,127.73,127.46,127.58,2158,0
20260305,170000,127.62,127.99,127.47,127.92,1938,0
20260305,180000,127.91,127.91,127.51,127.78,1263,0
20260305,190000,127.79,128.3,127.78,128.3,1266,0
20260305,200000,128.32,128.36,128.14,128.18,658,0
20260305,210000,128.16,129.15,128.16,129.09,1462,0
20260305,220000,129.09,129.14,128.85,128.87,1167,0
20260305,230000,128.89,128.89,128.59,128.71,299,0
20260306,080000,129,129,129,129,22,0
20260306,090000,128.58,128.99,128.57,128.98,1118,0
20260306,100000,128.96,129.1,128.62,128.89,930,0
20260306,110000,128.89,129.01,128.19,128.27,1338,0
20260306,120000,128.23,129.47,128,129.35,2312,0
20260306,130000,129.32,130.5,129.03,129.95,6593,0
20260306,140000,129.96,130.58,129.96,130.19,4903,0
20260306,150000,130.2,130.84,129.9,130.59,3686,0
20260306,160000,130.59,130.73,130.16,130.72,3115,0
20260306,170000,130.72,132.65,130.72,132.47,7519,0
20260306,180000,132.4,132.61,131.29,131.99,4869,0
20260306,190000,131.87,132.37,131.54,132.36,2064,0
20260306,200000,132.32,132.42,131.92,132.42,1781,0
20260306,210000,132.42,132.47,131.85,132.18,1865,0
20260306,220000,132.18,132.27,131.8,132.18,544,0
20260306,230000,132.11,132.5,132.04,132.46,339,0
20260309,080000,135.07,135.07,135.07,135.07,169,0
20260309,090000,134.88,138.35,133.78,136.34,16671,0
20260309,100000,136.33,136.33,134.2,135,5983,0
20260309,110000,135.01,135.33,134.7,134.77,3857,0
20260309,120000,134.76,134.76,133.24,133.93,6389,0
20260309,130000,133.87,134.52,133.69,134.35,1228,0
20260309,140000,134.36,134.67,133.92,134.37,1196,0
20260309,150000,134.25,134.8,134.1,134.5,642,0
20260309,160000,134.5,134.5,133.63,134.2,1662,0
20260309,170000,134.36,134.92,134.29,134.92,1869,0
20260309,180000,134.92,135.05,133.82,134.11,2410,0
20260309,190000,134.36,134.69,134.19,134.47,686,0
20260309,200000,134.42,134.48,134.18,134.29,971,0
20260309,210000,134.09,134.42,133.97,134.41,550,0
20260309,220000,134.35,134.5,129.97,131.39,7464,0
20260309,230000,131.42,132.35,130.26,130.69,2848,0
20260310,080000,130.96,130.96,130.96,130.96,765,0
20260310,090000,131.28,132.6,131.08,132.6,2921,0
20260310,100000,132.57,132.8,131.01,131.07,3315,0
20260310,110000,131.14,131.45,131.05,131.06,1636,0
20260310,120000,131.06,131.2,129.41,130.64,5941,0
20260310,130000,130.6,131.31,130.4,131.29,1888,0
20260310,140000,131.21,131.31,130.75,130.94,821,0
20260310,150000,130.9,131.5,130.78,131.08,2582,0
20260310,160000,131.07,131.18,130.29,130.61,1372,0
20260310,170000,130.56,130.66,129.48,129.91,2776,0
20260310,180000,129.91,130.18,129.55,129.55,1284,0
20260310,190000,129.81,130.29,129.79,129.81,1119,0
20260310,200000,129.81,129.81,129.08,129.52,2167,0
20260310,210000,129.51,130.45,129.44,130.4,1117,0
20260310,220000,130.41,130.92,130.29,130.85,851,0
20260310,230000,130.83,130.83,130.26,130.39,330,0
20260311,080000,130.4,130.4,130.4,130.4,1,0
20260311,090000,130.22,130.5,130.1,130.47,600,0
20260311,100000,130.43,130.73,130.21,130.55,947,0
20260311,110000,130.62,130.79,130.25,130.68,477,0
20260311,120000,130.68,131.45,130.68,131.27,2345,0
20260311,130000,131.3,131.31,130.56,130.79,626,0
20260311,140000,130.78,130.96,130.41,130.83,1708,0
20260311,150000,130.82,130.83,130.39,130.6,1330,0
20260311,160000,130.5,130.5,129.73,130.1,1526,0
20260311,170000,130.14,130.36,129.86,130.14,1477,0
20260311,180000,130.15,130.28,130.01,130.15,1896,0
20260311,190000,130.26,130.45,130.17,130.27,867,0
20260311,200000,130.26,130.42,130.12,130.33,609,0
20260311,210000,130.3,130.35,130.1,130.35,461,0
20260311,220000,130.33,130.46,130.33,130.39,1030,0
20260311,230000,130.39,130.44,130.33,130.39,326,0
20260312,080000,130.72,130.72,130.72,130.72,3,0
20260312,090000,130.8,131.25,130.75,130.86,1108,0
20260312,100000,130.92,131.18,130.51,130.79,1448,0
20260312,110000,130.82,131.01,130.62,130.62,1178,0
20260312,120000,130.67,130.84,130.47,130.47,773,0
20260312,130000,130.48,130.62,130.1,130.17,1531,0
20260312,140000,130.19,130.37,129.91,130.22,816,0
20260312,150000,130.17,130.42,130.12,130.42,553,0
20260312,160000,130.43,130.69,130.27,130.48,593,0
20260312,170000,130.53,130.73,130.35,130.62,898,0
20260312,180000,130.54,130.63,130.35,130.45,2157,0
20260312,190000,130.57,130.67,130.13,130.27,1216,0
20260312,200000,130.27,130.36,130.19,130.31,809,0
20260312,210000,130.29,130.55,130.29,130.52,506,0
20260312,220000,130.53,130.6,130.45,130.53,249,0
20260312,230000,130.56,130.73,130.49,130.59,988,0
20260313,080000,130.38,130.38,130.38,130.38,17,0
20260313,090000,130.33,130.81,130.16,130.76,976,0
20260313,100000,130.68,130.79,130.39,130.53,1360,0
20260313,110000,130.58,131.61,130.58,131.41,3239,0
20260313,120000,131.37,131.38,130.88,130.96,1442,0
20260313,130000,130.96,131,130.38,130.46,1475,0
20260313,140000,130.45,130.56,130.33,130.48,888,0
20260313,150000,130.43,130.43,129.71,129.91,2500,0
20260313,160000,129.86,130,129.03,129.7,4743,0
20260313,170000,129.74,129.86,129.47,129.8,740,0
20260313,180000,129.82,129.83,129.38,129.7,1420,0
20260313,190000,129.57,129.81,129.46,129.74,932,0
20260313,200000,129.74,129.85,129.57,129.85,330,0
20260313,210000,129.85,130,129.68,129.68,639,0
20260313,220000,129.77,129.89,129.77,129.8,227,0
20260313,230000,129.86,129.94,129.59,129.6,359,0
20260314,090000,129.56,129.56,129.56,129.56,1,0
20260314,100000,129.56,130.07,129.56,130.03,196,0
20260314,110000,130.02,130.06,130,130.06,139,0
20260314,120000,130.07,130.2,130,130.2,224,0
20260314,130000,130.2,130.2,130.01,130.16,201,0
20260314,140000,130.16,130.21,130.11,130.11,80,0
20260314,150000,130.15,130.21,130.14,130.2,13,0
20260314,160000,130.2,130.21,130.13,130.21,175,0
20260314,170000,130.2,130.21,130.11,130.11,150,0
20260314,180000,130.11,130.24,130.1,130.14,81,0
20260315,090000,130.12,130.12,130.12,130.12,1,0
20260315,100000,130.18,130.28,130.18,130.19,42,0
20260315,110000,130.17,130.17,129.99,130.06,354,0
20260315,120000,130.01,130.13,130,130.02,58,0
20260315,130000,130.07,130.17,130.02,130.17,42,0
20260315,140000,130.18,130.22,130.14,130.14,45,0
20260315,150000,130.23,130.24,130.23,130.24,2,0
20260315,160000,130.25,130.28,130.25,130.26,43,0
20260315,170000,130.28,130.3,130.15,130.15,104,0
20260315,180000,130.25,130.31,130.25,130.31,122,0
20260316,080000,130.35,130.35,130.35,130.35,5,0
20260316,090000,130.35,130.35,130.13,130.27,1246,0
20260316,100000,130.25,131.46,130.21,131.08,5293,0
20260316,110000,131.08,131.23,130.5,130.66,1812,0
20260316,120000,130.66,130.77,129.56,129.85,5866,0
20260316,130000,129.84,130.05,129.6,129.69,1437,0
20260316,140000,129.69,129.74,129.38,129.6,2582,0
20260316,150000,129.58,129.88,129.24,129.33,1584,0
20260316,160000,129.28,129.37,128.05,128.22,6709,0
20260316,170000,128.15,128.68,128,128.56,3734,0
20260316,180000,128.57,128.58,128.11,128.35,3246,0
20260316,190000,128.41,128.65,128.4,128.58,2001,0
20260316,200000,128.58,128.65,128.32,128.65,269,0
20260316,210000,128.61,128.62,128.32,128.45,781,0
20260316,220000,128.42,128.56,128.38,128.51,140,0
20260316,230000,128.53,128.55,128.33,128.33,212,0
20260317,080000,128.72,128.72,128.72,128.72,11,0
20260317,090000,128.66,128.81,128.44,128.59,940,0
20260317,100000,128.6,128.62,127.53,128.09,5218,0
20260317,110000,128.09,128.3,127.7,128.21,2635,0
20260317,120000,128.21,128.51,127.95,127.95,1230,0
20260317,130000,127.95,128.22,127.94,127.96,488,0
20260317,140000,127.96,128.29,127.8,128.21,1246,0
20260317,150000,128.26,128.26,127.9,128.02,770,0
20260317,160000,127.99,128.17,127.5,127.59,1742,0
20260317,170000,127.6,127.67,127.4,127.4,1439,0
20260317,180000,127.4,127.59,127.4,127.46,1994,0
20260317,190000,127.58,127.68,127.52,127.66,361,0
20260317,200000,127.65,127.75,127.54,127.57,632,0
20260317,210000,127.63,127.63,127.45,127.5,251,0
20260317,220000,127.5,127.57,127.48,127.5,352,0
20260317,230000,127.54,127.76,127.54,127.76,186,0
20260317,080000,128.72,128.72,128.72,128.72,11,0
20260317,090000,128.66,128.81,128.44,128.59,940,0
20260317,100000,128.6,128.62,127.53,128.09,5218,0
20260317,110000,128.09,128.3,127.7,128.21,2635,0
20260317,120000,128.21,128.51,127.95,127.95,1230,0
20260317,130000,127.95,128.22,127.94,127.96,488,0
20260317,140000,127.96,128.29,127.8,128.21,1246,0
20260317,150000,128.26,128.26,127.9,128.02,770,0
20260317,160000,127.99,128.17,127.5,127.59,1742,0
20260317,170000,127.6,127.67,127.4,127.4,1439,0
20260317,180000,127.4,127.59,127.4,127.46,1994,0
20260317,190000,127.58,127.68,127.52,127.66,361,0
20260317,200000,127.65,127.75,127.54,127.57,632,0
20260317,210000,127.63,127.63,127.45,127.5,251,0
20260317,220000,127.5,127.57,127.48,127.5,352,0
20260317,230000,127.54,127.76,127.54,127.76,186,0
20260318,080000,127.35,127.35,127.35,127.35,57,0
20260318,090000,127.34,127.35,126.93,127.3,2962,0
20260318,100000,127.27,127.6,127.11,127.19,2855,0
20260318,110000,127.18,127.24,126.8,127.1,2013,0
20260318,120000,127.12,127.38,127.04,127.36,780,0
20260318,130000,127.36,127.42,127.03,127.17,1790,0
20260318,140000,127.15,127.34,127.02,127.29,2109,0
20260318,150000,127.26,129.05,127.05,128.95,5185,0
20260318,160000,128.93,129.97,128.75,129.19,10972,0
20260318,170000,129.19,129.69,128.82,129.06,3620,0
20260318,180000,129,129.52,128.79,129.14,2693,0
20260318,190000,129.34,129.34,129,129.1,1133,0
20260318,200000,129.1,129.26,128.78,128.85,1166,0
20260318,210000,128.85,129.07,128.79,129,385,0
20260318,220000,129.03,129.98,128.99,129.84,3065,0
20260318,230000,129.89,130.17,129.8,130.01,1665,0
20260319,080000,130.3,130.3,130.3,130.3,155,0
20260319,090000,130.3,130.81,130.21,130.41,4693,0
20260319,100000,130.41,131.4,130.29,130.99,5793,0
20260319,110000,130.99,132.34,130.74,132.15,12056,0
20260319,120000,132.16,132.22,131.23,131.39,5543,0
20260319,130000,131.38,131.71,130.99,131.54,4141,0
20260319,140000,131.52,132.1,131.45,131.96,2695,0
20260319,150000,131.96,131.99,130.45,130.48,7205,0
20260319,160000,130.49,131.4,130.42,130.98,2688,0
20260319,170000,130.98,131.19,130.48,130.48,4201,0
20260319,180000,130.47,131.05,130.18,130.84,4617,0
20260319,190000,130.72,131.2,130.54,131.1,1891,0
20260319,200000,131.12,131.46,131.07,131.22,890,0
20260319,210000,131.23,131.45,130.99,131.27,557,0
20260319,220000,131.3,131.48,130.75,131.16,1584,0
20260319,230000,131.13,131.23,130.97,130.97,542,0
20260320,080000,131.3,131.3,131.3,131.3,53,0
20260320,090000,131.38,131.57,130.89,131.05,2058,0
20260320,100000,131.07,132.21,131,131.99,5962,0
20260320,110000,131.97,132,131.56,131.97,2252,0
20260320,120000,131.97,132.2,131.96,132.13,2973,0
20260320,130000,132.16,132.23,131.41,131.8,4393,0
20260320,140000,131.79,132.07,131.58,131.75,1415,0
20260320,150000,131.73,131.77,130.95,131.54,2591,0
20260320,160000,131.51,131.69,131.16,131.2,1255,0
20260320,170000,131.18,131.46,131.04,131.32,924,0
20260320,180000,131.32,131.5,130.94,131.36,2595,0
20260323,080000,132.35,132.35,132.35,132.35,54,0
20260323,090000,132.36,133.63,132.16,133.63,5027,0
20260323,100000,133.62,136.14,132.88,134.63,10066,0
20260323,110000,134.62,134.77,134.06,134.46,5187,0
20260323,120000,134.41,135.3,133.63,133.91,4895,0
20260323,130000,133.85,134.19,132.48,132.6,3871,0
20260323,140000,132.62,132.85,128.83,132,20428,0
20260323,150000,131.96,132.39,130.95,131.52,7461,0
20260323,160000,131.45,132.12,131.12,131.99,3483,0
20260323,170000,131.96,131.96,131.19,131.7,1311,0
20260323,180000,131.68,132.49,131,132.27,2718,0
20260323,190000,132.31,132.73,132.07,132.09,1089,0
20260323,200000,132.16,132.51,132.16,132.2,594,0
20260323,210000,132.2,132.23,131.51,131.69,3313,0
20260323,220000,131.71,132.01,131.63,132,738,0
20260323,230000,132,132.06,131.57,131.8,483,0
20260324,080000,132.28,132.28,132.28,132.28,2,0
20260324,090000,132.53,134.95,130.86,132.26,2066,0
20260324,100000,132.25,132.39,131.8,131.81,731,0
20260324,110000,131.8,132.53,131.8,132.46,856,0
20260324,120000,132.5,132.71,132.2,132.53,528,0
20260324,130000,132.49,132.68,132.1,132.44,558,0
20260324,140000,132.41,133.64,132.28,133.34,1143,0
20260324,150000,133.4,135.14,133.4,134.36,15326,0
20260324,160000,134.46,134.88,134.08,134.52,5356,0
20260324,170000,134.57,137.32,134.53,136.9,13322,0
20260324,180000,136.86,136.97,135.53,135.85,10716,0
20260324,190000,135.83,136.4,135.83,136.23,2876,0
20260324,200000,136.26,136.43,135.74,135.85,4887,0
20260324,210000,135.8,136.2,135.51,135.9,2464,0
20260324,220000,135.85,135.97,135.62,135.84,935,0
20260324,230000,135.83,135.99,134.21,134.44,3291,0
20260325,080000,136.08,136.08,136.08,136.08,44,0
20260325,090000,136.09,136.73,135.93,136.66,4651,0
20260325,100000,136.61,136.87,135.77,136.14,3016,0
20260325,110000,136.1,136.18,135.51,135.7,3437,0
20260325,120000,135.73,136.22,135.18,136.07,1742,0
20260325,130000,136.11,136.23,135.83,135.83,2556,0
20260325,140000,135.84,135.86,135.35,135.57,2196,0
20260325,150000,135.6,136.37,135.36,135.95,1721,0
20260325,160000,135.94,136.11,135.61,136.02,1381,0
20260325,170000,136.11,136.58,136.1,136.45,3507,0
20260325,180000,136.48,136.94,136.33,136.83,2033,0
20260325,190000,136.82,136.85,136.59,136.82,1304,0
20260325,200000,136.84,136.86,136.26,136.35,1904,0
20260325,210000,136.4,136.42,136,136.08,1698,0
20260325,220000,136.12,136.39,136.12,136.39,219,0
20260325,230000,136.41,136.59,136.38,136.57,322,0
20260326,080000,137.58,137.58,137.58,137.58,33,0
20260326,090000,137.66,137.77,137.24,137.44,4010,0
20260326,100000,137.44,137.84,136.78,136.93,2395,0
20260326,110000,136.95,137.09,134.9,135.51,14348,0
20260326,120000,135.47,136.61,135.15,136.33,2215,0
20260326,130000,136.29,136.46,135.94,136.31,934,0
20260326,140000,136.36,137.6,136.3,137.15,6159,0
20260326,150000,137.2,137.74,136.88,137.63,2434,0
20260326,160000,137.65,137.65,136.97,136.97,2916,0
20260326,170000,136.92,137.64,136.66,137.56,6257,0
20260326,180000,137.58,137.76,137.22,137.57,1442,0
20260326,190000,137.49,137.49,137.15,137.19,649,0
20260326,200000,137.2,137.35,137.14,137.34,644,0
20260326,210000,137.33,137.34,136.87,137,1053,0
20260326,220000,137.04,137.21,135.74,136.12,2812,0
20260326,230000,136.14,137,135.89,136.77,1113,0
20260327,080000,136.74,136.74,136.74,136.74,1,0
20260327,090000,136.7,137.56,136.55,137,1897,0
20260327,100000,136.98,139.23,136.98,138.55,18020,0
20260327,110000,138.51,138.72,137.71,137.85,8635,0
20260327,120000,137.84,138.29,137.52,137.71,2320,0
20260327,130000,137.6,137.67,136.82,137.16,4464,0
20260327,140000,137.17,138.17,137.17,137.57,7406,0
20260327,150000,137.66,137.81,136.44,136.73,7331,0
20260327,160000,136.72,138,135.31,135.9,16649,0
20260327,170000,135.89,136.4,135.6,135.96,5790,0
20260327,180000,136,136.76,135.68,136.6,7647,0
20260327,190000,136.61,136.76,136.2,136.56,925,0
20260327,200000,136.6,137.33,136.41,137.22,1074,0
20260327,210000,137.15,137.34,136.88,137.27,1166,0
20260327,220000,137.2,137.89,137.19,137.66,2054,0
20260327,230000,137.67,137.75,137.29,137.7,2040,0
20260328,100000,136.7,137.6,136.5,137.38,350,0
20260328,110000,137.2,137.45,136.8,136.99,240,0
20260328,120000,136.83,137.29,136.79,137.08,332,0
20260328,130000,137.11,137.53,137.07,137.53,162,0
20260328,140000,137.4,137.61,137.4,137.51,175,0
20260328,150000,137.48,137.48,137.29,137.41,25,0
20260328,160000,137.4,137.6,137.29,137.33,472,0
20260328,170000,137.28,137.29,137.19,137.19,23,0
20260328,180000,137.17,137.24,136.97,137.24,239,0
20260329,100000,137.52,137.52,137.09,137.23,55,0
20260329,110000,137.2,137.65,137.2,137.41,380,0
20260329,120000,137.5,137.62,137.41,137.43,58,0
20260329,130000,137.5,137.66,137.45,137.65,304,0
20260329,140000,137.65,137.7,137.56,137.65,167,0
20260329,150000,137.65,137.97,137.59,137.88,520,0
20260329,160000,137.88,138.18,137.88,138.18,875,0
20260329,170000,138.17,138.17,137.84,137.98,87,0
20260329,180000,137.94,138.26,137.87,138.02,235,0
20260330,080000,138.19,138.19,138.19,138.19,1,0
20260330,090000,138,138.01,137.39,137.5,2769,0
20260330,100000,137.5,137.51,136,136.05,4474,0
20260330,110000,136.05,136.6,134.63,135.11,13557,0
20260330,120000,135.15,137.95,134.44,137.12,13315,0
20260330,130000,137.12,137.45,136.74,137.18,3024,0
20260330,140000,137.18,137.27,136.3,136.56,3313,0
20260330,150000,136.58,137.5,136.57,137.04,1317,0
20260330,160000,137.09,137.44,136.43,136.55,2731,0
20260330,170000,136.51,136.51,135.85,136.05,3604,0
20260330,180000,136.07,136.63,135.98,136.31,1761,0
20260330,190000,136.36,136.66,136.3,136.3,542,0
20260330,200000,136.3,136.69,136.25,136.56,1235,0
20260330,210000,136.53,136.58,136.37,136.4,262,0
20260330,220000,136.44,136.69,136.4,136.63,1075,0
20260330,230000,136.64,136.82,136.43,136.73,1218,0
20260331,080000,135.58,135.58,135.58,135.58,88,0
20260331,090000,135.47,135.85,135.02,135.49,4144,0
20260331,100000,135.49,135.69,134.72,134.74,7243,0
20260331,110000,134.75,135.15,134.32,134.9,5380,0
20260331,120000,134.87,135.59,134.8,135.49,2581,0
20260331,130000,135.42,135.42,133.49,133.96,7428,0
20260331,140000,133.93,134.29,133.14,133.47,7641,0
20260331,150000,133.5,133.88,132.86,133.7,4980,0
20260331,160000,133.64,134.39,133.34,134.08,1505,0
20260331,170000,134.04,134.45,133.7,134.12,1937,0
20260331,180000,134.12,134.78,134.12,134.52,1767,0
20260331,190000,134.53,134.54,133.65,133.97,2727,0
20260331,200000,133.98,134.09,132.95,133.39,2626,0
20260331,210000,133.4,133.57,133.1,133.15,1986,0
20260331,220000,133.19,133.62,133.19,133.52,490,0
20260331,230000,133.53,133.57,133.35,133.36,367,0
20260401,080000,132.99,132.99,132.99,132.99,23,0
20260401,090000,133,133.27,132.5,132.85,4624,0
20260401,100000,132.87,134.49,132.85,134.04,4552,0
20260401,110000,134.04,134.78,133.84,134.31,2179,0
20260401,120000,134.46,134.62,134.2,134.38,1643,0
20260401,130000,134.36,135.27,134.27,135.08,2728,0
20260401,140000,135.08,135.19,134.27,134.31,2008,0
20260401,150000,134.27,134.77,133.94,134.46,1679,0
20260401,160000,134.35,134.35,133.43,133.96,2608,0
20260401,170000,134.04,134.5,134.04,134.34,1824,0
20260401,180000,134.34,134.86,134.22,134.54,1477,0
20260401,190000,134.51,134.61,134.35,134.5,572,0
20260401,200000,134.5,134.78,134.25,134.59,1285,0
20260401,210000,134.61,134.99,134.59,134.9,625,0
20260401,220000,134.9,135,134.84,134.87,1240,0
20260401,230000,134.88,135.2,134.88,135,324,0
20260402,090000,135.24,135.88,135.03,135.46,2491,0
20260402,100000,135.48,135.71,134.5,134.82,7661,0
20260402,110000,134.82,135.23,134.68,135,4147,0
20260402,120000,135.01,135.02,134.07,134.48,4473,0
20260402,130000,134.38,134.5,134.16,134.44,1415,0
20260402,140000,134.32,134.78,134.19,134.41,4811,0
20260402,150000,134.38,134.71,133.8,134.24,2243,0
20260402,160000,134.23,134.61,134.08,134.3,3021,0
20260402,170000,134.22,134.24,133.41,133.54,4877,0
20260402,180000,133.51,134.01,133.51,133.9,975,0
20260402,190000,133.9,133.9,133.61,133.67,394,0
20260402,200000,133.7,134.31,133.64,134.27,460,0
20260402,210000,134.25,134.42,133.8,133.93,1426,0
20260402,220000,133.93,134.07,133.78,134.02,1073,0
20260402,230000,134.01,134.2,133.77,133.94,973,0
20260403,080000,134.39,134.39,134.39,134.39,5,0
20260403,090000,134.44,134.98,134.34,134.61,2265,0
20260403,100000,134.6,135.09,134.48,134.5,1090,0
20260403,110000,134.48,134.48,133.49,133.75,4469,0
20260403,120000,133.85,133.89,132.7,133.14,9403,0
20260403,130000,133.12,133.35,132.93,133.13,2203,0
20260403,140000,133.14,133.3,132.9,133.14,2187,0
20260403,150000,133.13,133.59,133.12,133.33,923,0
20260403,160000,133.31,133.52,133.18,133.33,989,0
20260403,170000,133.32,133.34,132.96,133.33,1370,0
20260403,180000,133.36,133.41,133.17,133.18,902,0
20260403,190000,133.18,133.43,133.14,133.4,809,0
20260403,200000,133.41,133.78,133.32,133.74,569,0
20260403,210000,133.75,133.82,133.38,133.41,383,0
20260403,220000,133.5,133.52,133.27,133.27,180,0
20260403,230000,133.27,133.39,133.09,133.27,457,0
20260404,090000,132.52,132.52,132.52,132.52,19,0
20260404,100000,132.52,133.75,131.97,132.7,2028,0
20260404,110000,132.6,132.65,132.4,132.63,162,0
20260404,120000,132.61,132.94,132.6,132.85,854,0
20260404,130000,132.77,132.97,132.73,132.9,104,0
20260404,140000,133,133.06,132.9,133.06,202,0
20260404,150000,133.05,133.05,132.94,132.99,42,0
20260404,160000,132.97,132.99,132.97,132.99,11,0
20260404,170000,132.93,132.99,132.93,132.99,42,0
20260404,180000,132.99,132.99,132.95,132.95,81,0
20260405,090000,133.19,133.19,133.19,133.19,6,0
20260405,100000,133.19,133.19,132.7,132.93,740,0
20260405,110000,132.96,132.96,132.65,132.65,277,0
20260405,120000,132.65,132.75,132.5,132.6,290,0
20260405,130000,132.69,132.75,132.5,132.57,351,0
20260405,140000,132.56,132.7,132.5,132.65,153,0
20260405,150000,132.68,132.7,132.59,132.59,61,0
20260405,160000,132.7,132.86,132.7,132.74,72,0
20260405,170000,132.79,132.88,132.59,132.75,152,0
20260405,180000,132.91,132.91,132.59,132.59,259,0
20260406,090000,132.51,132.65,131.88,132.06,2701,0
20260406,100000,132.06,132.39,131.08,131.21,7104,0
20260406,110000,131.2,131.48,130.9,130.97,2705,0
20260406,120000,130.97,131.38,130.8,131.38,1604,0
20260406,130000,131.38,131.45,130.95,131.03,2221,0
20260406,140000,131.04,131.36,130.92,131.26,767,0
20260406,150000,131.26,132.17,131.25,132.1,4346,0
20260406,160000,132.13,132.34,131.67,132.24,4026,0
20260406,170000,132.22,134.16,132.22,134.01,8195,0
20260406,180000,134.02,134.15,133.5,133.56,2676,0
20260406,190000,133.55,133.68,133.4,133.48,501,0
20260406,200000,133.5,133.73,133.42,133.7,389,0
20260406,210000,133.7,133.99,133.56,133.66,867,0
20260406,220000,133.6,133.7,133.56,133.63,211,0
20260406,230000,133.59,133.6,133.3,133.35,2685,0
20260407,080000,133.6,133.6,133.6,133.6,1,0
20260407,090000,133.7,133.73,133.33,133.33,1904,0
20260407,100000,133.33,133.61,133.05,133.6,1727,0
20260407,110000,133.61,135.5,133.47,134.54,6265,0
20260407,120000,134.51,134.89,134.42,134.67,660,0
20260407,130000,134.7,134.84,134.15,134.21,629,0
20260407,140000,134.25,135,134.24,134.52,1431,0
20260407,150000,134.52,134.83,134.32,134.54,751,0
20260407,160000,134.51,134.78,134.5,134.65,276,0
20260407,170000,134.69,135.35,134.47,134.55,2610,0
20260407,180000,134.7,134.8,134.41,134.49,732,0
20260407,190000,134.44,134.54,134.21,134.4,432,0
20260407,200000,134.39,134.51,134.2,134.35,536,0
20260407,210000,134.28,134.35,134.02,134.1,246,0
20260407,220000,134.1,134.29,133.8,134.02,1735,0
20260407,230000,133.98,133.98,133.23,133.4,1335,0
20260408,080000,130.8,130.8,130.8,130.8,193,0
20260408,090000,130.79,132.03,130.75,131.36,10947,0
20260408,100000,131.3,131.61,131.03,131.37,4296,0
20260408,110000,131.31,131.81,131.24,131.6,2652,0
20260408,120000,131.49,131.85,131.41,131.54,2854,0
20260408,130000,131.62,131.73,131.21,131.69,2065,0
20260408,140000,131.69,131.78,131.5,131.53,805,0
20260408,150000,131.5,131.5,131.02,131.07,1832,0
20260408,160000,131.05,131.42,131.02,131.05,3292,0
20260408,170000,131.03,131.1,129.99,130.86,7977,0
20260408,180000,130.91,131.24,130.86,130.94,2333,0
20260408,190000,130.99,131.25,130.86,131.07,634,0
20260408,200000,131.08,131.25,130.99,131.03,506,0
20260408,210000,131.09,131.25,131.01,131.23,251,0
20260408,220000,131.24,131.46,131.19,131.46,1363,0
20260408,230000,131.41,131.5,131.27,131.35,279,0
20260409,090000,131.37,131.5,130.91,131.04,3080,0
20260409,100000,131,131.28,130.5,130.99,4876,0
20260409,110000,130.99,130.99,130.17,130.25,2406,0
20260409,120000,130.27,130.56,129.9,129.96,8030,0
20260409,130000,129.97,130.38,129.97,130.17,4215,0
20260409,140000,130.18,130.28,129.22,129.44,5533,0
20260409,150000,129.41,129.49,128.8,128.94,11108,0
20260409,160000,128.97,129.12,128.36,128.59,5269,0
20260409,170000,128.58,129.22,128.54,128.99,6126,0
20260409,180000,128.93,128.99,128.5,128.5,3918,0
20260409,190000,128.59,128.92,128.4,128.81,3027,0
20260409,200000,128.81,128.88,128.52,128.75,2122,0
20260409,210000,128.75,128.95,128.74,128.79,1199,0
20260409,220000,128.76,129.84,128.75,129.24,5280,0
20260409,230000,129.24,129.43,128.75,129,872,0
20260410,080000,129.18,129.18,129.18,129.18,26,0
20260410,090000,129.22,129.22,128.49,128.7,2165,0
20260410,100000,128.74,128.98,127.99,128.33,5606,0
20260410,110000,128.33,128.42,127.45,128.04,6912,0
20260410,120000,128.09,129.6,128.09,129.29,4790,0
20260410,130000,129.26,129.77,129.09,129.77,2267,0
20260410,140000,129.77,129.77,128.99,129.05,1323,0
20260410,150000,129.04,129.14,128.92,129.01,1062,0
20260410,160000,129.02,129.25,128.9,129.02,1770,0
20260410,170000,128.99,129.07,128.61,128.67,2102,0
20260410,180000,128.7,129.39,128.52,128.73,2166,0
20260410,190000,128.78,129.06,128.77,128.98,782,0
20260410,200000,128.98,129,128.68,128.68,660,0
20260410,210000,128.67,128.7,128.29,128.39,628,0
20260410,220000,128.41,128.56,128.17,128.36,935,0
20260410,230000,128.31,128.31,127.86,128,757,0
20260411,100000,128.12,128.52,127.8,128.38,176,0
20260411,110000,128.37,128.5,128.14,128.49,337,0
20260411,120000,128.4,128.4,128.07,128.26,181,0
20260411,130000,128.15,128.32,127.83,128.16,314,0
20260411,140000,128.15,128.22,127.97,128.22,140,0
20260411,150000,128.19,128.29,128.09,128.27,70,0
20260411,160000,128.2,128.2,128,128.08,62,0
20260411,170000,128.17,128.25,128.15,128.25,19,0
20260411,180000,128.25,128.49,128.17,128.49,58,0
20260412,090000,128.5,128.5,128.5,128.5,23,0
20260412,100000,128.6,130.38,128.21,129.68,5011,0
20260412,110000,129.68,129.72,129.43,129.61,513,0
20260412,120000,129.59,129.61,129.14,129.53,321,0
20260412,130000,129.56,129.57,129.34,129.41,529,0
20260412,140000,129.35,129.58,129.31,129.52,313,0
20260412,150000,129.55,129.66,129.55,129.61,45,0
20260412,160000,129.62,131.46,129.62,131.28,4708,0
20260412,170000,131.34,131.67,131.11,131.31,1505,0
20260412,180000,131.52,131.63,131.15,131.58,1550,0
20260413,080000,131.04,131.04,131.04,131.04,7,0
20260413,090000,130.86,131.42,130.1,130.9,2219,0
20260413,100000,130.87,131,130.18,130.23,3855,0
20260413,110000,130.21,130.43,129.85,130.02,7455,0
20260413,120000,130.01,130.17,129.41,129.75,2863,0
20260413,130000,129.7,129.95,129.05,129.2,2648,0
20260413,140000,129.08,129.46,128.66,128.75,3843,0
20260413,150000,128.81,129.15,128.78,128.96,1414,0
20260413,160000,128.95,129.24,128.48,128.59,3502,0
20260413,170000,128.56,128.77,128.33,128.46,3171,0
20260413,180000,128.41,128.52,128.1,128.52,1551,0
20260413,190000,128.52,128.55,128.26,128.44,1191,0
20260413,200000,128.36,128.5,128.3,128.47,233,0
20260413,210000,128.45,128.49,128.23,128.25,203,0
20260413,220000,128.25,128.34,128.15,128.25,869,0
20260413,230000,128.23,128.32,128.01,128.14,967,0
20260414,080000,129,129,129,129,30,0
20260414,090000,129,129,128.41,128.55,596,0
20260414,100000,128.5,128.61,128.2,128.42,1125,0
20260414,110000,128.43,128.56,127.48,127.6,3749,0
20260414,120000,127.6,127.85,127.28,127.56,2566,0
20260414,130000,127.56,129.93,127.56,129.19,7272,0
20260414,140000,129.26,129.44,128.72,128.86,1563,0
20260414,150000,129,129.01,128.58,128.64,664,0
20260414,160000,128.6,129.25,128.51,128.68,1065,0
20260414,170000,128.68,128.97,128.01,128.08,2272,0
20260414,180000,128.22,128.58,128.01,128.29,1517,0
20260414,190000,128.36,128.36,127.94,128.12,2127,0
20260414,200000,128.13,128.21,128.06,128.11,325,0
20260414,210000,128.1,128.2,128.08,128.17,109,0
20260414,220000,128.17,128.21,128.15,128.21,201,0
20260414,230000,128.15,128.15,127.86,128.13,384,0
20260415,080000,128.21,128.21,128.21,128.21,170,0
20260415,090000,128.21,128.22,127.96,128.14,666,0
20260415,100000,128.13,128.3,127.44,127.64,4277,0
20260415,110000,127.63,127.85,127.1,127.75,1880,0
20260415,120000,127.74,127.94,127.31,127.63,2163,0
20260415,130000,127.71,128.54,127.71,128.54,2173,0
20260415,140000,128.5,128.68,128.32,128.32,1952,0
20260415,150000,128.5,128.82,128.15,128.22,1289,0
20260415,160000,128.2,128.26,127.85,128.2,1001,0
20260415,170000,128.21,129.08,128.1,128.8,1231,0
20260415,180000,128.82,129.21,128.56,128.62,1133,0
20260415,190000,128.58,128.93,128.58,128.86,800,0
20260415,200000,128.92,128.98,128.7,128.71,852,0
20260415,210000,128.72,128.84,128.67,128.83,666,0
20260415,220000,128.84,128.84,128.6,128.7,746,0
20260415,230000,128.73,128.84,128.48,128.48,556,0
20260416,080000,129.09,129.09,129.09,129.09,1,0
20260416,090000,129.19,129.19,128.71,128.88,1711,0
20260416,100000,128.83,129.28,128.26,128.94,4287,0
20260416,110000,128.98,129.16,128.44,128.68,2940,0
20260416,120000,128.63,128.79,128.34,128.45,1802,0
20260416,130000,128.45,128.65,128.05,128.46,1547,0
20260416,140000,128.46,128.56,128.21,128.26,1094,0
20260416,150000,128.26,128.78,128.07,128.12,3063,0
20260416,160000,128.14,128.25,127.94,128.25,3949,0
20260416,170000,128.29,128.42,127.93,128.12,1311,0
20260416,180000,128.05,128.17,127.91,128.05,940,0
20260416,190000,128.06,128.27,127.78,128.04,3147,0
20260416,200000,128.04,128.06,127.79,127.9,904,0
20260416,210000,127.9,127.91,127.67,127.77,578,0
20260416,220000,127.78,127.97,127.78,127.78,356,0
20260416,230000,127.77,127.77,127.65,127.77,486,0
20260417,090000,127.95,128.09,127.84,127.98,1033,0
20260417,100000,127.96,128.33,127.54,128.22,4167,0
20260417,110000,128.18,128.34,127.87,127.87,2346,0
20260417,120000,127.86,127.9,127.71,127.81,880,0
20260417,130000,127.82,128.04,127.64,127.84,1240,0
20260417,140000,127.84,128.7,127.71,128.44,4146,0
20260417,150000,128.44,128.6,127.24,127.48,4560,0
20260417,160000,127.46,127.5,125.23,125.33,15386,0
20260417,170000,125.33,125.4,124.03,124.59,9305,0
20260417,180000,124.6,125.09,124.38,124.89,2150,0
20260417,190000,124.83,125.09,124.8,124.91,818,0
20260417,200000,124.91,125.19,124.86,125.02,788,0
20260417,210000,125.02,125.24,124.87,124.95,980,0
20260417,220000,124.92,125.13,124.92,125.02,412,0
20260417,230000,125.03,125.03,124.69,124.83,2346,0
20260418,090000,125.49,125.49,125.49,125.49,40,0
20260418,100000,124.98,125.43,124.94,125.13,501,0
20260418,110000,125.09,125.48,125.09,125.32,394,0
20260418,120000,125.33,125.77,125.33,125.68,1354,0
20260418,130000,125.66,126.1,125.58,125.92,631,0
20260418,140000,125.95,126.1,125.81,125.85,427,0
20260418,150000,125.85,125.89,125.52,125.89,280,0
20260418,160000,125.76,125.88,125.62,125.62,180,0
20260418,170000,125.61,125.68,125.5,125.63,233,0
20260418,180000,125.61,125.69,125.5,125.54,183,0
20260419,100000,125.77,126.1,125.77,126.02,790,0
20260419,110000,126.05,126.05,125.91,125.98,221,0
20260419,120000,125.97,125.98,125.82,125.82,211,0
20260419,130000,125.82,125.95,125.82,125.95,81,0
20260419,140000,125.89,125.96,125.81,125.88,104,0
20260419,150000,125.9,125.98,125.89,125.96,93,0
20260419,160000,125.9,125.96,125.86,125.86,52,0
20260419,170000,125.84,125.91,125.81,125.81,50,0
20260419,180000,125.91,125.96,125.91,125.96,72,0
20260420,080000,126.03,126.03,126.03,126.03,105,0
20260420,090000,126.07,126.28,125.73,125.92,1592,0
20260420,100000,125.91,126.29,125.45,125.83,3189,0
20260420,110000,125.82,125.83,125.1,125.16,1443,0
20260420,120000,125.14,125.21,124.44,124.69,5087,0
20260420,130000,124.68,124.98,124.62,124.84,1423,0
20260420,140000,124.88,125.18,124.73,125.02,1865,0
20260420,150000,125.01,125.55,125.01,125.41,1644,0
20260420,160000,125.44,125.44,124.67,124.97,2206,0
20260420,170000,124.99,125.89,124.94,125.63,3695,0
20260420,180000,125.7,126.25,125.53,126.06,4794,0
20260420,190000,126.01,126.18,125.86,126.02,951,0
20260420,200000,126.06,126.14,125.85,125.95,765,0
20260420,210000,125.95,126.07,125.72,125.72,488,0
20260420,220000,125.7,125.97,125.52,125.97,353,0
20260420,230000,125.93,125.97,125.81,125.95,166,0
20260421,090000,125.73,125.91,125.37,125.63,852,0
20260421,100000,125.58,125.69,124.97,125,10499,0
20260421,110000,125.02,125.19,124.71,124.75,1506,0
20260421,120000,124.77,124.92,124.15,124.54,2739,0
20260421,130000,124.47,125.07,124.47,124.72,2126,0
20260421,140000,124.71,124.9,124.38,124.65,1912,0
20260421,150000,124.66,124.74,124.25,124.61,2036,0
20260421,160000,124.61,124.72,124.3,124.57,1440,0
20260421,170000,124.62,126.32,124.61,126.05,4247,0
20260421,180000,126.11,126.18,125.69,125.82,1826,0
20260421,190000,125.72,125.92,125.55,125.9,484,0
20260421,200000,125.84,126,125.4,125.52,1177,0
20260421,210000,125.57,125.58,125.26,125.37,589,0
20260421,220000,125.44,125.9,125.26,125.81,1024,0
20260421,230000,125.86,126,125.49,125.52,468,0
20260422,090000,125.57,125.65,125.4,125.6,542,0
20260422,100000,125.57,125.72,125.15,125.23,1548,0
20260422,110000,125.17,125.3,125.06,125.1,937,0
20260422,120000,125.1,125.1,124.81,124.94,1445,0
20260422,130000,124.91,125.07,124.71,124.84,1723,0
20260422,140000,124.81,124.91,124.61,124.77,1185,0
20260422,150000,124.74,125.25,124.65,125.25,1061,0
20260422,160000,125.29,125.35,125,125.03,318,0
20260422,170000,125.04,125.57,124.9,125.3,1089,0
20260422,180000,125.31,125.47,124.95,124.95,1294,0
20260422,190000,125.18,125.56,124.91,125.4,1436,0
20260422,200000,125.46,125.5,125.34,125.44,299,0
20260422,210000,125.44,125.54,125.33,125.5,257,0
20260422,220000,125.46,125.46,125.16,125.16,421,0
20260422,230000,125.15,125.24,125.12,125.22,356,0
20260423,090000,125.21,125.69,125.21,125.33,464,0
20260423,100000,125.35,125.73,125.27,125.4,1956,0
20260423,110000,125.39,125.45,125.28,125.28,387,0
20260423,120000,125.27,125.96,125.2,125.71,1699,0
20260423,130000,125.69,125.79,125.32,125.55,1313,0
20260423,140000,125.58,125.74,125.36,125.67,1151,0
20260423,150000,125.45,125.58,125,125.47,2316,0
20260423,160000,125.49,125.55,125.34,125.38,1939,0
20260423,170000,125.36,125.92,125.34,125.61,1283,0
20260423,180000,125.61,125.69,125.52,125.54,633,0
20260423,190000,125.54,125.56,125.33,125.44,323,0
20260423,200000,125.41,125.81,125.41,125.63,439,0
20260423,210000,125.62,125.69,125.5,125.53,229,0
20260423,220000,125.53,125.54,125.33,125.4,556,0
20260423,230000,125.39,125.55,125.39,125.55,237,0
20260424,090000,125.61,125.8,125.45,125.71,917,0
20260424,100000,125.72,125.8,125.46,125.48,791,0
20260424,110000,125.48,125.69,125.41,125.48,1290,0
20260424,120000,125.45,125.48,125.24,125.34,1546,0
20260424,130000,125.34,125.71,124.32,124.66,10371,0
20260424,140000,124.66,124.92,124.44,124.65,2447,0
20260424,150000,124.58,124.79,123.75,124.12,4069,0
20260424,160000,124.05,124.18,123.22,123.41,2245,0
20260424,170000,123.37,124.09,123.28,123.83,6906,0
20260424,180000,123.92,123.96,123.58,123.63,1663,0
20260424,190000,123.66,123.84,123.64,123.72,142,0
20260424,200000,123.7,123.76,123.53,123.59,426,0
20260424,210000,123.64,123.68,123.56,123.56,214,0
20260424,220000,123.59,123.59,123.49,123.56,230,0
20260424,230000,123.58,123.58,123.2,123.47,1137,0
20260425,100000,123.67,123.68,123.37,123.59,159,0
20260425,110000,123.66,123.69,123.48,123.69,58,0
20260425,120000,123.68,123.68,123.45,123.62,346,0
20260425,130000,123.54,123.66,123.47,123.66,65,0
20260425,140000,123.66,123.69,123.58,123.66,17,0
20260425,150000,123.6,123.63,123.51,123.57,69,0
20260425,160000,123.48,123.58,123.47,123.58,8,0
20260425,170000,123.58,123.58,123.45,123.45,41,0
20260425,180000,123.5,123.5,123.15,123.26,198,0
20260426,100000,123.35,123.53,123.35,123.43,144,0
20260426,110000,123.46,123.5,123.44,123.45,15,0
20260426,120000,123.47,123.52,123.46,123.52,37,0
20260426,130000,123.46,123.55,123.33,123.33,175,0
20260426,140000,123.33,123.42,123.23,123.36,251,0
20260426,150000,123.39,123.41,123.21,123.22,177,0
20260426,160000,123.26,123.48,123.07,123.44,582,0
20260426,170000,123.46,123.46,123.22,123.22,421,0
20260426,180000,123.22,123.29,123.18,123.29,355,0
20260427,090000,123.3,123.84,123.16,123.55,2391,0
20260427,100000,123.52,124.27,123.45,124.02,2743,0
20260427,110000,124.03,124.5,123.94,124.32,3699,0
20260427,120000,124.31,124.39,123.84,124.05,845,0
20260427,130000,124.05,124.08,123.6,123.72,1463,0
20260427,140000,123.72,124.01,123.46,123.96,734,0
20260427,150000,123.91,124.02,123.36,123.44,1029,0
20260427,160000,123.46,123.85,123.43,123.57,741,0
20260427,170000,123.51,123.74,123.4,123.72,521,0
20260427,180000,123.71,123.71,123.37,123.42,696,0
20260427,190000,123.49,123.54,123.41,123.46,195,0
20260427,200000,123.49,123.5,123.32,123.35,429,0
20260427,210000,123.32,123.44,123.31,123.42,67,0
20260427,220000,123.42,123.51,123.41,123.41,201,0
20260427,230000,123.41,123.49,123.41,123.45,198,0
20260428,090000,123.67,123.75,123.4,123.62,1002,0
20260428,100000,123.63,123.83,123.21,123.23,3099,0
20260428,110000,123.24,123.42,122.59,122.64,2338,0
20260428,120000,122.63,122.66,121.84,121.94,9199,0
20260428,130000,121.92,122.1,121.65,122,1870,0
20260428,140000,121.98,122,121.57,121.69,5815,0
20260428,150000,121.74,122.14,121.52,121.58,1288,0
20260428,160000,121.54,121.66,120.08,120.67,11474,0
20260428,170000,120.68,121.22,120.67,120.9,3966,0
20260428,180000,120.89,120.98,120.1,120.69,5249,0
20260428,190000,120.74,121.09,120.53,120.86,1700,0
20260428,200000,120.91,121.18,120.84,121.04,873,0
20260428,210000,121.06,121.15,120.84,120.91,794,0
20260428,220000,120.91,120.97,120.86,120.94,340,0
20260428,230000,120.92,120.95,120.5,120.72,984,0
20260429,090000,120.8,121.35,120.8,121.33,1926,0
20260429,100000,121.32,121.45,120.49,121.06,6921,0
20260429,110000,121.08,121.19,120.83,121.12,1499,0
20260429,120000,121.13,121.18,120.68,121.04,1649,0
20260429,130000,120.98,120.98,119.77,119.93,4811,0
20260429,140000,119.92,120.04,119.3,119.5,6709,0
20260429,150000,119.5,119.5,118.75,119.3,7173,0
20260429,160000,119.34,119.53,118.46,118.52,2259,0
20260429,170000,118.49,118.96,117.92,117.95,6359,0
20260429,180000,117.94,118.04,117,117.84,11381,0
20260429,190000,117.83,118.24,117.71,118.22,1295,0
20260429,200000,118.23,119.05,117.91,118.69,2942,0
20260429,210000,118.68,119.95,118.68,119.71,4238,0
20260429,220000,119.7,119.72,119.13,119.27,3621,0
20260429,230000,119.22,119.25,118.8,119.2,2357,0
20260430,080000,119.19,119.19,119.19,119.19,1,0
20260430,090000,119.05,119.05,118.01,118.62,5003,0
20260430,100000,118.61,120.21,118.51,120.17,9968,0
20260430,110000,120.2,122.17,119.92,121.76,13609,0
20260430,120000,121.75,122.09,121,121.16,5663,0
20260430,130000,121.17,122.25,120.78,121.45,7924,0
20260430,140000,121.55,121.59,120.58,120.72,5113,0
20260430,150000,120.76,120.9,119.66,120.07,22129,0
20260430,160000,120.06,120.43,119.69,120.16,7153,0
20260430,170000,120.15,121.31,119.6,120.77,37494,0
20260430,180000,120.79,120.79,120.32,120.33,9324,0
20260430,190000,120.32,120.58,120.27,120.4,516,0
20260430,200000,120.4,120.98,120.38,120.95,1278,0
20260430,210000,120.86,121.15,120.73,120.92,1445,0
20260430,220000,120.94,121.15,120.92,120.98,878,0
20260430,230000,120.99,121.15,120.95,121.15,485,0
20260501,100000,121.15,121.19,120.5,120.94,962,0
20260501,110000,120.9,120.97,120.77,120.84,256,0
20260501,120000,120.79,120.8,120.63,120.63,64,0
20260501,130000,120.63,120.77,120.63,120.77,123,0
20260501,140000,120.75,120.78,120.7,120.75,74,0
20260501,150000,120.74,120.78,120.58,120.58,232,0
20260501,160000,120.61,120.68,120.59,120.62,545,0
20260501,170000,120.6,120.6,120.35,120.44,343,0
20260501,180000,120.44,120.66,120.39,120.63,276,0
20260501,190000,120.62,120.62,120.3,120.34,100,0
20260501,200000,120.33,120.71,120.28,120.41,191,0
20260501,210000,120.51,120.56,120.49,120.56,16,0
20260501,220000,120.53,120.55,120.48,120.51,69,0
20260501,230000,120.51,120.89,120.51,120.89,97,0
20260502,100000,120.82,120.96,120.78,120.84,152,0
20260502,110000,120.79,120.79,120.48,120.48,31,0
20260502,120000,120.42,120.47,120.29,120.45,95,0
20260502,130000,120.43,120.58,120.43,120.5,50,0
20260502,140000,120.5,120.5,120.44,120.48,10,0
20260502,150000,120.48,120.6,120.45,120.6,56,0
20260502,160000,120.53,120.62,120.45,120.46,67,0
20260502,170000,120.51,120.56,120.45,120.53,78,0
20260502,180000,120.49,120.52,120.36,120.36,169,0
20260503,100000,120.48,120.55,120.46,120.54,12,0
20260503,110000,120.55,120.58,120.54,120.55,18,0
20260503,120000,120.56,120.62,120.55,120.55,17,0
20260503,130000,120.55,120.69,120.34,120.57,266,0
20260503,140000,120.5,120.5,120.42,120.5,63,0
20260503,150000,120.5,120.63,120.5,120.62,119,0
20260503,160000,120.63,120.64,120.57,120.61,20,0
20260503,170000,120.64,120.83,120.64,120.73,58,0
20260503,180000,120.84,120.86,120.56,120.71,223,0
20260504,090000,120.8,121.21,120.77,121.11,1070,0
20260504,100000,121.09,121.23,120.56,120.73,1991,0
20260504,110000,120.74,120.81,119.43,119.62,3430,0
20260504,120000,119.59,119.66,119.12,119.33,3665,0
20260504,130000,119.33,119.89,119.19,119.66,2665,0
20260504,140000,119.49,119.71,118.69,118.78,3755,0
20260504,150000,118.78,118.92,118.48,118.74,2385,0
20260504,160000,118.81,118.83,118.5,118.77,555,0
20260504,170000,118.74,118.92,118.48,118.78,1266,0
20260504,180000,118.75,119.29,118.6,119.15,674,0
20260504,190000,119.2,119.3,118.88,118.9,825,0
20260504,200000,118.98,119.22,118.8,118.8,573,0
20260504,210000,118.78,119.82,118.7,119.72,781,0
20260504,220000,119.73,119.73,119.21,119.21,996,0
20260504,230000,119.22,119.34,119.02,119.15,358,0
20260505,090000,119.04,119.2,118.6,118.84,555,0
20260505,100000,118.86,119.35,118.36,118.42,1409,0
20260505,110000,118.35,118.56,117.58,118.44,6411,0
20260505,120000,118.42,119.3,118.33,119.1,3404,0
20260505,130000,119.15,119.48,118.66,118.91,2950,0
20260505,140000,119,119.25,118.8,118.89,852,0
20260505,150000,118.94,120.06,118.94,119.78,2760,0
20260505,160000,119.86,120.37,119.54,120.3,2157,0
20260505,170000,120.28,120.5,120,120.5,1220,0
20260505,180000,120.5,120.59,120.15,120.17,862,0
20260505,190000,120.19,120.29,119.67,119.81,708,0
20260505,200000,119.79,120.03,119.54,119.8,696,0
20260505,210000,119.83,119.95,119.75,119.95,224,0
20260505,220000,119.97,119.98,119.72,119.92,349,0
20260505,230000,119.89,119.89,119.68,119.68,315,0
20260506,090000,119.64,119.64,118.6,119.15,1321,0
20260506,100000,119.08,119.32,118.81,118.87,1175,0
20260506,110000,118.88,119.59,118.82,119.07,1076,0
20260506,120000,119.07,119.1,118.23,118.34,3716,0
20260506,130000,118.35,118.55,117.96,118.27,4532,0
20260506,140000,118.28,119.02,118.21,118.9,2591,0
20260506,150000,118.84,119.04,118.23,118.31,963,0
20260506,160000,118.28,118.67,118.23,118.48,1125,0
20260506,170000,118.5,119.23,118.41,119.06,3743,0
20260506,180000,119.09,119.11,118.68,118.82,543,0
20260506,190000,118.82,118.97,118.59,118.64,472,0
20260506,200000,118.66,118.79,118.59,118.74,358,0
20260506,210000,118.72,118.75,118.54,118.54,137,0
20260506,220000,118.52,118.72,118.49,118.55,413,0
20260506,230000,118.54,118.55,118.37,118.37,298,0
20260507,090000,118.4,118.49,118.11,118.36,426,0
20260507,100000,118.35,118.38,117.79,118.14,1706,0
20260507,110000,118.04,118.24,117.9,118.03,913,0
20260507,120000,118.07,118.57,117.95,118.3,637,0
20260507,130000,118.36,118.45,118,118.15,2195,0
20260507,140000,118.14,118.48,118.07,118.46,752,0
20260507,150000,118.39,118.39,118,118.03,624,0
20260507,160000,118.02,118.07,117.38,117.61,3810,0
20260507,170000,117.58,117.71,117.41,117.65,1458,0
20260507,180000,117.69,117.72,117.5,117.69,571,0
20260507,190000,117.69,117.92,117.63,117.84,473,0
20260507,200000,117.84,117.84,117.65,117.66,419,0
20260507,210000,117.65,117.66,117.45,117.46,1443,0
20260507,220000,117.5,117.5,117.33,117.42,473,0
20260507,230000,117.45,117.5,117.15,117.44,1003,0
20260508,090000,117.48,117.51,117.28,117.31,487,0
20260508,100000,117.32,117.59,117.22,117.35,1501,0
20260508,110000,117.36,117.58,117.2,117.22,1386,0
20260508,120000,117.25,117.43,117.22,117.26,1106,0
