20231228,090000,3102,3104,3092.5,3092.5,225,0
20231228,100000,3095,3101.5,3090.5,3096,1986,0
20231228,110000,3095,3097.5,3088,3090,1373,0
20231228,120000,3091,3095,3089,3089,713,0
20231228,130000,3089,3093.5,3088,3091.5,464,0
20231228,140000,3094,3094,3090.5,3093.5,107,0
20231228,150000,3093.5,3095,3092,3092,133,0
20231228,160000,3091,3094,3088,3094,433,0
20231228,170000,3094.5,3099,3094.5,3098,308,0
20231228,180000,3098.5,3105.5,3095,3096,929,0
20231228,190000,3098,3100.5,3098,3098.5,175,0
20231228,200000,3098,3098.5,3097,3098.5,24,0
20231228,210000,3098.5,3099,3097,3097,91,0
20231228,220000,3097,3101,3097,3099,18,0
20231228,230000,3098.5,3098.5,3095,3098,38,0
20231229,090000,3099,3100,3090,3090,52,0
20231229,100000,3093,3099,3091.5,3094.5,397,0
20231229,110000,3094,3099,3091,3099,1075,0
20231229,120000,3098.5,3102,3097,3097.5,577,0
20231229,130000,3099,3104,3097,3103.5,1018,0
20231229,140000,3103.5,3106.5,3101.5,3101.5,203,0
20231229,150000,3102.5,3102.5,3099.5,3099.5,310,0
20231229,160000,3099,3101,3098,3101,631,0
20231229,170000,3100,3105,3100,3105,1421,0
20231229,180000,3103,3104.5,3102.5,3102.5,117,0
20231229,190000,3103,3103.5,3102.5,3103,118,0
20231229,200000,3103.5,3104.5,3102.5,3102.5,14,0
20231229,210000,3103.5,3107,3102.5,3107,200,0
20231229,220000,3105,3105,3104,3104,21,0
20231229,230000,3105,3105,3102,3103,246,0
20240103,090000,3102.5,3113.5,3100,3111,249,0
20240103,100000,3110,3125,3106,3122.5,1231,0
20240103,110000,3122,3127.5,3121.5,3126,2392,0
20240103,120000,3126,3126.5,3121.5,3125,259,0
20240103,130000,3125,3129.5,3125,3126.5,263,0
20240103,140000,3128.5,3129.5,3126.5,3128.5,556,0
20240103,150000,3128.5,3131,3128,3131,184,0
20240103,160000,3131,3131,3128,3129,384,0
20240103,170000,3129.5,3137,3129.5,3136.5,395,0
20240103,180000,3136.5,3139,3134.5,3138,286,0
20240103,190000,3138.5,3140,3134.5,3140,221,0
20240103,200000,3140,3141,3135,3139.5,180,0
20240103,210000,3139.5,3141,3139,3139,155,0
20240103,220000,3139,3140.5,3138.5,3140.5,138,0
20240103,230000,3141,3141.5,3140,3141,22,0
20240104,090000,3139.5,3144,3139.5,3140,89,0
20240104,100000,3142,3147,3136.5,3141,1428,0
20240104,110000,3141.5,3146,3141,3143.5,812,0
20240104,120000,3144,3146.5,3140,3140,318,0
20240104,130000,3139,3141.5,3138.5,3141,85,0
20240104,140000,3141.5,3143.5,3141.5,3142,50,0
20240104,150000,3142,3142,3140,3141,341,0
20240104,160000,3140,3140,3137.5,3138.5,462,0
20240104,170000,3138.5,3139.5,3137.5,3139.5,207,0
20240104,180000,3139.5,3139.5,3133,3135,167,0
20240104,190000,3133,3138,3133,3136.5,91,0
20240104,200000,3135.5,3137,3135.5,3137,24,0
20240104,210000,3137,3139,3136.5,3138,31,0
20240104,220000,3138,3139,3138,3139,21,0
20240104,230000,3139,3139,3137.5,3139,6,0
20240105,090000,3139.5,3143,3139.5,3141.5,68,0
20240105,100000,3142,3145,3139,3139,534,0
20240105,110000,3139,3139,3132.5,3135,1355,0
20240105,120000,3135,3135,3131.5,3133,384,0
20240105,130000,3133,3136,3133,3135.5,115,0
20240105,140000,3133.5,3137,3133.5,3134,320,0
20240105,150000,3133.5,3135.5,3133,3135.5,73,0
20240105,160000,3135.5,3135.5,3134,3135.5,40,0
20240105,170000,3135,3138.5,3134,3137,424,0
20240105,180000,3136.5,3137,3132.5,3134.5,162,0
20240105,190000,3135,3136,3132.5,3135.5,28,0
20240105,200000,3136,3138,3136,3136.5,21,0
20240105,210000,3136,3136,3135,3135,20,0
20240105,220000,3134.5,3136,3134.5,3136,11,0
20240105,230000,3135.5,3136,3134.5,3136,40,0
20240108,090000,3136,3144.5,3135,3140,177,0
20240108,100000,3141,3227.5,3141,3154.5,1651,0
20240108,110000,3154,3155,3152,3152,337,0
20240108,120000,3151,3152,3149,3152,212,0
20240108,130000,3152.5,3153.5,3150,3153.5,386,0
20240108,140000,3153.5,3161,3153.5,3160.5,576,0
20240108,150000,3160,3163,3158.5,3160.5,156,0
20240108,160000,3160.5,3161,3157.5,3160.5,308,0
20240108,170000,3160.5,3161.5,3156,3158.5,418,0
20240108,180000,3158.5,3160,3158,3159,949,0
20240108,190000,3156,3158.5,3155,3155,1039,0
20240108,200000,3156,3156,3154,3154.5,449,0
20240108,210000,3154.5,3158,3154.5,3157.5,221,0
20240108,220000,3158.5,3158.5,3157,3157.5,85,0
20240108,230000,3156.5,3157.5,3156,3157,26,0
20240109,090000,3157,3157.5,3155,3156,115,0
20240109,100000,3157.5,3159,3147,3151,1057,0
20240109,110000,3150,3156,3149.5,3154.5,438,0
20240109,120000,3154.5,3160,3151,3152.5,457,0
20240109,130000,3152.5,3154.5,3152,3152,353,0
20240109,140000,3152.5,3154,3150,3154,125,0
20240109,150000,3152.5,3152.5,3146,3149,266,0
20240109,160000,3149,3152.5,3148.5,3152.5,227,0
20240109,170000,3152.5,3156.5,3152,3155,113,0
20240109,180000,3155.5,3164,3155.5,3163.5,946,0
20240109,190000,3164.5,3164.5,3161,3163.5,139,0
20240109,200000,3163.5,3166.5,3162,3164.5,253,0
20240109,210000,3164.5,3166.5,3162,3163.5,96,0
20240109,220000,3166,3166,3155,3163,139,0
20240109,230000,3163,3165.5,3156,3162.5,46,0
20240110,090000,3161.5,3161.5,3154,3159.5,113,0
20240110,100000,3159.5,3170,3159.5,3170,526,0
20240110,110000,3169.5,3172,3168,3172,446,0
20240110,120000,3172,3173,3167.5,3171,250,0
20240110,130000,3171,3172.5,3170.5,3171,451,0
20240110,140000,3172,3175,3172,3175,262,0
20240110,150000,3174.5,3178.5,3173.5,3174.5,458,0
20240110,160000,3174.5,3175,3171,3171.5,404,0
20240110,170000,3171.5,3173.5,3171,3173,251,0
20240110,180000,3174,3178.5,3170,3177,319,0
20240110,190000,3175.5,3178.5,3167.5,3168.5,861,0
20240110,200000,3168.5,3170,3166,3166,667,0
20240110,210000,3166.5,3167,3162.5,3163.5,266,0
20240110,220000,3164,3165.5,3163.5,3165.5,153,0
20240110,230000,3165.5,3167,3164,3165.5,189,0
20240111,090000,3167,3171,3165,3165,203,0
20240111,100000,3165,3166,3156,3158,1114,0
20240111,110000,3158,3159.5,3153,3159,805,0
20240111,120000,3159,3168.5,3157.5,3166.5,501,0
20240111,130000,3168.5,3174.5,3167,3174.5,1274,0
20240111,140000,3173.5,3176,3172,3173.5,746,0
20240111,150000,3174,3175.5,3169.5,3169.5,332,0
20240111,160000,3169.5,3172,3167,3169.5,715,0
20240111,170000,3169,3171.5,3164,3171.5,629,0
20240111,180000,3172,3175.5,3171.5,3172,84,0
20240111,190000,3174.5,3179.5,3173.5,3178,739,0
20240111,200000,3178,3179,3176.5,3177,257,0
20240111,210000,3178.5,3179,3173.5,3177.5,189,0
20240111,220000,3177,3177,3175.5,3176,35,0
20240111,230000,3176.5,3178.5,3176.5,3178,107,0
20240112,090000,3176.5,3183.5,3176,3179,296,0
20240112,100000,3179,3188,3178.5,3183,391,0
20240112,110000,3181.5,3188,3180,3187,168,0
20240112,120000,3187.5,3191,3185,3190.5,637,0
20240112,130000,3190.5,3194.5,3190,3194.5,788,0
20240112,140000,3194,3199,3193.5,3195.5,470,0
20240112,150000,3197,3198.5,3193.5,3194,388,0
20240112,160000,3194,3196.5,3193.5,3194.5,98,0
20240112,170000,3194.5,3201,3194.5,3198.5,552,0
20240112,180000,3199.5,3200,3196,3196.5,231,0
20240112,190000,3196.5,3196.5,3191,3192.5,64,0
20240112,200000,3192.5,3194,3191,3194,38,0
20240112,210000,3193.5,3194.5,3192.5,3192.5,34,0
20240112,220000,3192.5,3193.5,3191,3193.5,75,0
20240112,230000,3193.5,3195,3192,3192,41,0
20240115,090000,3192,3200.5,3192,3199,233,0
20240115,100000,3199,3204.5,3196.5,3198,661,0
20240115,110000,3198,3198,3194,3197.5,839,0
20240115,120000,3197.5,3200,3194.5,3196,465,0
20240115,130000,3196,3197,3185,3185,1143,0
20240115,140000,3185,3191,3182.5,3188.5,401,0
20240115,150000,3187.5,3190.5,3185.5,3188.5,175,0
20240115,160000,3188.5,3190,3188,3189.5,53,0
20240115,170000,3189,3189,3183.5,3183.5,166,0
20240115,180000,3185,3185.5,3181,3181,803,0
20240115,190000,3190,3190,3185.5,3187.5,72,0
20240115,200000,3188,3188.5,3185.5,3187.5,48,0
20240115,210000,3187.5,3187.5,3186.5,3187.5,8,0
20240115,220000,3187.5,3189,3187.5,3189,8,0
20240115,230000,3187,3188.5,3187,3187.5,25,0
20240116,090000,3182,3187.5,3181,3181,185,0
20240116,100000,3181,3188,3168.5,3175.5,1843,0
20240116,110000,3175,3177,3170,3175.5,5190,0
20240116,120000,3176,3178.5,3174,3175.5,644,0
20240116,130000,3176.5,3184,3176.5,3184,324,0
20240116,140000,3184.5,3185,3180,3182,333,0
20240116,150000,3183,3185,3176.5,3177,266,0
20240116,160000,3177,3181,3175,3178,335,0
20240116,170000,3178,3182,3174.5,3181.5,551,0
20240116,180000,3182,3184,3178.5,3178.5,152,0
20240116,190000,3178.5,3180,3178.5,3179.5,27,0
20240116,200000,3180.5,3181.5,3177.5,3177.5,14,0
20240116,210000,3178.5,3180,3177.5,3179,53,0
20240116,220000,3180,3185.5,3180,3184,752,0
20240116,230000,3182.5,3182.5,3181.5,3181.5,6,0
20240117,090000,3183,3185.5,3175.5,3176,129,0
20240117,100000,3178.5,3189.5,3175,3186.5,447,0
20240117,110000,3186.5,3195,3186.5,3192.5,445,0
20240117,120000,3193.5,3195,3186,3186.5,383,0
20240117,130000,3186.5,3191.5,3186.5,3187.5,117,0
20240117,140000,3187,3190.5,3181,3190.5,304,0
20240117,150000,3188.5,3190,3186.5,3186.5,26,0
20240117,160000,3187.5,3188.5,3179.5,3181.5,454,0
20240117,170000,3181.5,3186,3179.5,3183,584,0
20240117,180000,3182,3191,3182,3187,530,0
20240117,190000,3187.5,3194,3185,3190,1117,0
20240117,200000,3189.5,3190,3186,3187.5,13,0
20240117,210000,3186.5,3187.5,3186,3186.5,14,0
20240117,220000,3187.5,3187.5,3186.5,3186.5,25,0
20240117,230000,3188,3189,3188,3189,4,0
20240118,090000,3187.5,3193.5,3186,3193,91,0
20240118,100000,3193.5,3195.5,3190.5,3191,119,0
20240118,110000,3193,3197.5,3192,3193,159,0
20240118,120000,3193,3196,3190,3193,331,0
20240118,130000,3193,3196.5,3191,3192.5,133,0
20240118,140000,3192.5,3195.5,3189.5,3190.5,108,0
20240118,150000,3190,3190,3185.5,3188,298,0
20240118,160000,3188.5,3189,3178,3181.5,3388,0
20240118,170000,3181.5,3187.5,3181.5,3184,111,0
20240118,180000,3184.5,3185.5,3180.5,3185,181,0
20240118,190000,3183,3183,3179.5,3182.5,262,0
20240118,200000,3181.5,3181.5,3180,3181.5,65,0
20240118,210000,3181.5,3182.5,3180.5,3182.5,17,0
20240118,220000,3181,3183,3180.5,3181,31,0
20240118,230000,3181.5,3181.5,3177,3179.5,81,0
20240119,090000,3177,3181.5,3176.5,3177,72,0
20240119,100000,3179.5,3182,3157,3166.5,2569,0
20240119,110000,3167,3171,3163.5,3167,720,0
20240119,120000,3165,3173,3163,3171.5,116,0
20240119,130000,3171.5,3173,3167.5,3169.5,94,0
20240119,140000,3168,3171.5,3166.5,3170.5,268,0
20240119,150000,3168.5,3170,3163,3165,428,0
20240119,160000,3165,3166,3160,3165.5,1006,0
20240119,170000,3165.5,3172.5,3164.5,3172.5,401,0
20240119,180000,3172.5,3174,3169.5,3169.5,329,0
20240119,190000,3172,3172,3164.5,3168.5,346,0
20240119,200000,3170.5,3171,3168.5,3171,29,0
20240119,210000,3171,3171,3167.5,3167.5,43,0
20240119,220000,3168,3171,3168,3169,32,0
20240119,230000,3170,3170,3165.5,3165.5,307,0
20240122,090000,3168,3176.5,3165.5,3172,264,0
20240122,100000,3172,3175,3160,3169.5,369,0
20240122,110000,3169.5,3178.5,3169.5,3175,739,0
20240122,120000,3175.5,3179.5,3175.5,3177,340,0
20240122,130000,3177,3177.5,3175,3175.5,341,0
20240122,140000,3175.5,3177,3173,3177,169,0
20240122,150000,3177,3183,3177,3180,532,0
20240122,160000,3180,3181,3177,3177.5,505,0
20240122,170000,3177,3178.5,3175,3176.5,118,0
20240122,180000,3178.5,3180.5,3177.5,3180.5,285,0
20240122,190000,3180.5,3181,3176.5,3177.5,78,0
20240122,200000,3177.5,3178,3176.5,3178,14,0
20240122,210000,3178,3180,3178,3180,39,0
20240122,220000,3178.5,3180.5,3177.5,3179.5,22,0
20240122,230000,3180,3180.5,3178.5,3180.5,107,0
20240123,090000,3181,3184,3178.5,3178.5,327,0
20240123,100000,3180,3181,3173.5,3173.5,551,0
20240123,110000,3173,3180.5,3172.5,3179.5,209,0
20240123,120000,3179.5,3183,3178.5,3180,87,0
20240123,130000,3180.5,3180.5,3173,3173.5,97,0
20240123,140000,3173,3178.5,3172,3178,253,0
20240123,150000,3176.5,3178,3175.5,3176,23,0
20240123,160000,3177.5,3180,3177.5,3180,135,0
20240123,170000,3179,3181.5,3177,3179.5,157,0
20240123,180000,3180,3180,3177,3177,59,0
20240123,190000,3179,3179.5,3175,3175,34,0
20240123,200000,3175,3177,3174.5,3177,18,0
20240123,210000,3177,3180.5,3177,3180.5,41,0
20240123,220000,3180,3181,3180,3180,34,0
20240123,230000,3180,3181,3179.5,3179.5,24,0
20240124,090000,3181,3182.5,3179,3180.5,56,0
20240124,100000,3181,3188.5,3177,3180.5,826,0
20240124,110000,3180,3182.5,3178.5,3181.5,538,0
20240124,120000,3181.5,3181.5,3168,3168.5,325,0
20240124,130000,3168.5,3173.5,3163.5,3167.5,523,0
20240124,140000,3166.5,3166.5,3156,3161.5,779,0
20240124,150000,3160.5,3168.5,3158,3168.5,599,0
20240124,160000,3168,3172,3167.5,3168.5,185,0
20240124,170000,3168.5,3168.5,3165,3165.5,177,0
20240124,180000,3167,3170,3166.5,3170,236,0
20240124,190000,3167.5,3167.5,3162,3167,60,0
20240124,200000,3167,3170,3167,3169,35,0
20240124,210000,3168,3168,3167.5,3167.5,23,0
20240124,220000,3167.5,3167.5,3166,3166,26,0
20240124,230000,3167,3167,3165,3166.5,44,0
20240125,090000,3166.5,3170,3164.5,3169.5,130,0
20240125,100000,3167.5,3167.5,3147,3152,2544,0
20240125,110000,3153.5,3159,3152,3156,440,0
20240125,120000,3156,3157.5,3154,3155,188,0
20240125,130000,3156,3157.5,3152.5,3153.5,381,0
20240125,140000,3154.5,3160.5,3154,3156,249,0
20240125,150000,3157,3162,3156,3162,170,0
20240125,160000,3161,3166,3160.5,3163,192,0
20240125,170000,3163.5,3165,3161,3163.5,376,0
20240125,180000,3164,3164,3161,3161,70,0
20240125,190000,3161.5,3161.5,3157,3161.5,251,0
20240125,200000,3160,3160,3159,3159,26,0
20240125,210000,3161,3162,3159,3162,40,0
20240125,220000,3161,3163.5,3159.5,3163.5,17,0
20240125,230000,3161.5,3164.5,3161.5,3164.5,19,0
20240126,090000,3162.5,3167,3162,3166,52,0
20240126,100000,3166.5,3171.5,3161,3171.5,862,0
20240126,110000,3171,3177,3168.5,3177,326,0
20240126,120000,3175,3176,3172.5,3175.5,189,0
20240126,130000,3175,3175,3169,3170.5,376,0
20240126,140000,3169.5,3174,3168.5,3172.5,366,0
20240126,150000,3173,3173.5,3168,3168,217,0
20240126,160000,3168,3172,3164.5,3172,389,0
20240126,170000,3171,3171,3165,3166.5,422,0
20240126,180000,3167,3169,3166.5,3169,150,0
20240126,190000,3169,3170,3169,3170,70,0
20240126,200000,3170,3170,3169,3170,41,0
20240126,210000,3170.5,3170.5,3169,3170,30,0
20240126,220000,3170.5,3171.5,3170,3170.5,71,0
20240126,230000,3169.5,3171,3169,3170.5,59,0
20240129,090000,3169,3184,3169,3181,461,0
20240129,100000,3179,3184.5,3176.5,3180,970,0
20240129,110000,3181,3181.5,3178,3179,547,0
20240129,120000,3178.5,3182.5,3177,3182.5,797,0
20240129,130000,3182,3185,3182,3184,169,0
20240129,140000,3184.5,3189.5,3184.5,3187.5,481,0
20240129,150000,3187,3188.5,3186,3186,150,0
20240129,160000,3185.5,3185.5,3180,3183,222,0
20240129,170000,3182.5,3187,3180,3182,276,0
20240129,180000,3180,3181.5,3178.5,3180,94,0
20240129,190000,3180.5,3184,3180.5,3184,47,0
20240129,200000,3184,3184,3182.5,3183.5,65,0
20240129,210000,3183.5,3184.5,3182,3184.5,95,0
20240129,220000,3184.5,3188.5,3184.5,3187,347,0
20240129,230000,3188,3188.5,3185,3187.5,231,0
20240130,090000,3187,3187.5,3180.5,3181,61,0
20240130,100000,3181.5,3195,3181,3192,608,0
20240130,110000,3192,3202.5,3192,3197.5,1438,0
20240130,120000,3197.5,3198,3193,3193,361,0
20240130,130000,3194,3194,3190,3194,676,0
20240130,140000,3194,3195,3190,3191,3886,0
20240130,150000,3191,3191,3184.5,3184.5,4725,0
20240130,160000,3184,3191.5,3183.5,3191.5,1817,0
20240130,170000,3192,3199.5,3192,3198.5,1320,0
20240130,180000,3198.5,3200.5,3198,3200.5,2291,0
20240130,190000,3199.5,3199.5,3195.5,3196,56,0
20240130,200000,3196.5,3196.5,3194.5,3194.5,44,0
20240130,210000,3194.5,3195,3192.5,3194,145,0
20240130,220000,3193,3197.5,3193,3195.5,25,0
20240130,230000,3195.5,3199,3195.5,3199,489,0
20240131,090000,3199.5,3206,3199,3204,348,0
20240131,100000,3203.5,3209,3200.5,3208,1331,0
20240131,110000,3208.5,3213,3203.5,3212,551,0
20240131,120000,3211,3214,3202,3203,261,0
20240131,130000,3205,3210,3205,3208,156,0
20240131,140000,3208.5,3212.5,3208.5,3211,233,0
20240131,150000,3211,3217,3211,3214.5,1351,0
20240131,160000,3214,3219,3211.5,3218.5,360,0
20240131,170000,3219,3221.5,3217.5,3221.5,1191,0
20240131,180000,3220.5,3224,3218.5,3223,332,0
20240131,190000,3220.5,3221,3219,3220.5,107,0
20240131,200000,3220,3222,3219,3220.5,177,0
20240131,210000,3220.5,3220.5,3218,3220,151,0
20240131,220000,3220.5,3222,3220.5,3222,85,0
20240131,230000,3221.5,3222.5,3220,3220,209,0
20240201,090000,3223,3229,3214,3222.5,626,0
20240201,100000,3226,3236,3222.5,3232.5,1551,0
20240201,110000,3232.5,3235.5,3231.5,3234,398,0
20240201,120000,3233,3234,3230.5,3230.5,282,0
20240201,130000,3232,3234.5,3230.5,3233,249,0
20240201,140000,3233,3233,3228.5,3233,273,0
20240201,150000,3233,3234.5,3230.5,3230.5,302,0
20240201,160000,3230.5,3230.5,3227,3228.5,187,0
20240201,170000,3226.5,3228,3225.5,3227,95,0
20240201,180000,3227,3230.5,3227,3227.5,259,0
20240201,190000,3227,3231.5,3225,3231.5,551,0
20240201,200000,3231.5,3231.5,3227.5,3227.5,23,0
20240201,210000,3227,3228.5,3222,3228,229,0
20240201,220000,3227,3227.5,3223,3225.5,82,0
20240201,230000,3226,3229,3225,3228,77,0
20240202,090000,3228,3232.5,3225,3225,159,0
20240202,100000,3226.5,3232,3219.5,3224,1803,0
20240202,110000,3223.5,3228.5,3219.5,3228.5,508,0
20240202,120000,3229,3229.5,3223,3228,345,0
20240202,130000,3228,3229,3225,3228,92,0
20240202,140000,3227.5,3234,3225.5,3234,806,0
20240202,150000,3233.5,3236,3231.5,3231.5,648,0
20240202,160000,3231.5,3233,3230,3232,56,0
20240202,170000,3231.5,3232.5,3228.5,3231,621,0
20240202,180000,3231.5,3235.5,3231,3235.5,514,0
20240202,190000,3233,3233.5,3229.5,3231,521,0
20240202,200000,3230.5,3231.5,3228.5,3229,832,0
20240202,210000,3229,3229.5,3228.5,3229.5,319,0
20240202,220000,3228,3230.5,3227,3229,185,0
20240202,230000,3228.5,3229.5,3228,3229.5,264,0
20240205,090000,3230,3238.5,3227.5,3229,234,0
20240205,100000,3228.5,3234.5,3226,3229,1869,0
20240205,110000,3229,3235,3228,3229,560,0
20240205,120000,3228.5,3232.5,3228,3229,169,0
20240205,130000,3228.5,3232,3226.5,3231.5,102,0
20240205,140000,3232,3239,3230.5,3232.5,197,0
20240205,150000,3231,3232.5,3230,3231.5,158,0
20240205,160000,3230,3230,3225,3228,204,0
20240205,170000,3227.5,3233,3227.5,3232.5,91,0
20240205,180000,3232.5,3234,3231.5,3233.5,243,0
20240205,190000,3232,3232.5,3230.5,3232.5,20,0
20240205,200000,3231,3231,3228.5,3231,35,0
20240205,210000,3231,3231.5,3231,3231.5,3,0
20240205,220000,3231,3233,3231,3233,14,0
20240205,230000,3233,3234,3233,3233,9,0
20240206,090000,3233,3234.5,3232.5,3232.5,30,0
20240206,100000,3234.5,3237,3230.5,3234,426,0
20240206,110000,3235,3238,3234.5,3234.5,452,0
20240206,120000,3236.5,3237,3230.5,3232,783,0
20240206,130000,3232,3232.5,3230,3231,312,0
20240206,140000,3231.5,3236.5,3231.5,3235.5,101,0
20240206,150000,3236,3236.5,3233.5,3235,404,0
20240206,160000,3235,3235.5,3233.5,3235.5,94,0
20240206,170000,3235.5,3239.5,3235.5,3237.5,386,0
20240206,180000,3238,3245,3237,3244,981,0
20240206,190000,3241.5,3243.5,3239.5,3241,143,0
20240206,200000,3242.5,3242.5,3240.5,3241.5,31,0
20240206,210000,3241,3242.5,3241,3241,55,0
20240206,220000,3242,3243.5,3242,3242,186,0
20240206,230000,3243.5,3243.5,3242,3243.5,23,0
20240207,090000,3243.5,3247,3240,3242.5,119,0
20240207,100000,3244.5,3250.5,3241.5,3248.5,919,0
20240207,110000,3250,3252,3248,3251.5,1155,0
20240207,120000,3252,3252,3249.5,3252,334,0
20240207,130000,3252,3257,3251.5,3255.5,792,0
20240207,140000,3256,3260,3254,3258.5,637,0
20240207,150000,3258.5,3260,3255.5,3256.5,892,0
20240207,160000,3258,3261,3256,3260.5,254,0
20240207,170000,3261,3263.5,3259,3259.5,340,0
20240207,180000,3259,3261,3256.5,3259,377,0
20240207,190000,3258,3261.5,3255.5,3258.5,231,0
20240207,200000,3259,3259,3257.5,3259,42,0
20240207,210000,3258,3261,3258,3261,102,0
20240207,220000,3261,3262.5,3260.5,3262.5,121,0
20240207,230000,3262.5,3263.5,3260.5,3263,34,0
20240208,090000,3263.5,3263.5,3258,3262.5,305,0
20240208,100000,3262.5,3269,3240,3246,2925,0
20240208,110000,3245.5,3252,3241,3248.5,630,0
20240208,120000,3247,3248,3242,3246,627,0
20240208,130000,3244.5,3249,3240.5,3249,572,0
20240208,140000,3248.5,3257,3248.5,3252,263,0
20240208,150000,3251.5,3252.5,3249.5,3252,230,0
20240208,160000,3251.5,3253.5,3249,3250.5,164,0
20240208,170000,3249,3251,3247.5,3250,198,0
20240208,180000,3249,3249,3242,3242,118,0
20240208,190000,3243,3244,3238.5,3242,320,0
20240208,200000,3240.5,3243.5,3240,3242,105,0
20240208,210000,3240,3240,3233,3235.5,207,0
20240208,220000,3235,3238,3231.5,3235,1165,0
20240208,230000,3235.5,3236.5,3232.5,3232.5,161,0
20240209,090000,3233.5,3240,3232.5,3234.5,228,0
20240209,100000,3234.5,3238,3222,3227.5,1937,0
20240209,110000,3227.5,3237,3227,3234.5,869,0
20240209,120000,3234.5,3244.5,3232.5,3244.5,592,0
20240209,130000,3244.5,3245,3240,3241.5,271,0
20240209,140000,3242,3245,3240.5,3243,219,0
20240209,150000,3244.5,3244.5,3240.5,3240.5,420,0
20240209,160000,3240,3240,3232.5,3235,437,0
20240209,170000,3235.5,3243,3235.5,3241.5,202,0
20240209,180000,3241,3242,3239.5,3240,118,0
20240209,190000,3240,3243,3240,3242,71,0
20240209,200000,3241,3242.5,3241,3242,50,0
20240209,210000,3242,3243,3241.5,3242,43,0
20240209,220000,3243,3243,3242,3243,18,0
20240209,230000,3243,3243,3240.5,3242.5,39,0
20240212,090000,3243,3247,3242.5,3245,147,0
20240212,100000,3245,3252,3237.5,3237.5,2078,0
20240212,110000,3240,3240,3234,3238.5,747,0
20240212,120000,3237,3237,3232.5,3235,193,0
20240212,130000,3236,3242.5,3236,3239,762,0
20240212,140000,3240.5,3241,3229,3229,572,0
20240212,150000,3229,3237.5,3229,3237,1047,0
20240212,160000,3237,3240.5,3235.5,3236,88,0
20240212,170000,3235.5,3243,3235.5,3243,300,0
20240212,180000,3243.5,3252,3243.5,3248,446,0
20240212,190000,3251.5,3254,3250.5,3254,287,0
20240212,200000,3253.5,3254,3251.5,3253,106,0
20240212,210000,3254,3254.5,3251,3252.5,281,0
20240212,220000,3251,3252.5,3250,3252,125,0
20240212,230000,3251.5,3252,3250.5,3251.5,63,0
20240213,090000,3253,3259.5,3246,3259,678,0
20240213,100000,3259,3260.5,3251.5,3260.5,854,0
20240213,110000,3260,3263.5,3253.5,3254,527,0
20240213,120000,3255,3260,3254,3258,580,0
20240213,130000,3258,3258,3254.5,3257,111,0
20240213,140000,3257,3257,3248.5,3250,504,0
20240213,150000,3250,3253,3246.5,3252,549,0
20240213,160000,3251.5,3254.5,3247.5,3252.5,1007,0
20240213,170000,3252.5,3259,3252,3253.5,2478,0
20240213,180000,3253.5,3257,3251.5,3253,859,0
20240213,190000,3252.5,3270,3252.5,3257,708,0
20240213,200000,3257,3259,3255,3257,134,0
20240213,210000,3257,3258,3257,3257,21,0
20240213,220000,3256,3258.5,3255,3257.5,50,0
20240213,230000,3258,3261.5,3256.5,3257.5,334,0
20240214,090000,3259.5,3268,3259.5,3264.5,251,0
20240214,100000,3265,3270,3263.5,3267,707,0
20240214,110000,3267,3268,3264.5,3267,338,0
20240214,120000,3265,3265,3260,3262.5,531,0
20240214,130000,3262,3265,3260,3263,114,0
20240214,140000,3263,3264,3262,3262,63,0
20240214,150000,3262.5,3262.5,3256,3256,181,0
20240214,160000,3256,3261,3256,3260,114,0
20240214,170000,3261,3262.5,3259.5,3261,43,0
20240214,180000,3260.5,3261,3255.5,3256,164,0
20240214,190000,3258.5,3260,3258,3259,34,0
20240214,200000,3258,3259,3252,3252,978,0
20240214,210000,3252,3252.5,3247,3249,308,0
20240214,220000,3247,3256,3246,3253.5,493,0
20240214,230000,3252.5,3254,3247,3247,47,0
20240215,090000,3245.5,3256,3245.5,3254,224,0
20240215,100000,3255,3256,3240,3246,1207,0
20240215,110000,3246.5,3250,3244,3245.5,317,0
20240215,120000,3246.5,3250.5,3246.5,3248,112,0
20240215,130000,3248.5,3255,3247,3253.5,294,0
20240215,140000,3252.5,3264,3252.5,3262,427,0
20240215,150000,3262,3266,3260.5,3261,250,0
20240215,160000,3262.5,3266,3262.5,3266,230,0
20240215,170000,3266,3266,3263,3264.5,315,0
20240215,180000,3266,3269,3265.5,3267,653,0
20240215,190000,3268,3268.5,3265,3266.5,113,0
20240215,200000,3267,3267.5,3264.5,3264.5,32,0
20240215,210000,3264.5,3267,3264.5,3267,21,0
20240215,220000,3267,3268,3266.5,3266.5,56,0
20240215,230000,3266.5,3268,3266.5,3267,132,0
20240216,090000,3267,3272,3267,3270.5,220,0
20240216,100000,3272.5,3278,3270,3275,1329,0
20240216,110000,3275,3278.5,3272,3272,135,0
20240216,120000,3272,3274.5,3270.5,3273,148,0
20240216,130000,3273,3275,3268,3270,414,0
20240216,140000,3270,3273.5,3252.5,3256,2986,0
20240216,150000,3254.5,3256.5,3240,3249,1628,0
20240216,160000,3248,3250,3244,3247.5,1278,0
20240216,170000,3247,3252,3244.5,3251,291,0
20240216,180000,3250.5,3250.5,3242,3242,512,0
20240216,190000,3242,3247.5,3241.5,3247.5,659,0
20240216,200000,3247.5,3247.5,3245.5,3246,66,0
20240216,210000,3246,3246,3245,3245,15,0
20240216,220000,3246.5,3246.5,3245,3245.5,37,0
20240216,230000,3245,3247.5,3244,3246,179,0
20240219,090000,3245.5,3254.5,3245,3248.5,522,0
20240219,100000,3248.5,3253,3235,3245.5,1972,0
20240219,110000,3245.5,3247,3240.5,3244.5,456,0
20240219,120000,3244.5,3250.5,3243,3248.5,375,0
20240219,130000,3248.5,3251.5,3248,3249.5,263,0
20240219,140000,3250.5,3252.5,3248.5,3250.5,104,0
20240219,150000,3250.5,3255,3250.5,3255,215,0
20240219,160000,3254.5,3257.5,3252.5,3254.5,242,0
20240219,170000,3255.5,3256.5,3254,3255.5,251,0
20240219,180000,3255,3255,3249.5,3249.5,163,0
20240219,190000,3252,3252,3245,3247,143,0
20240219,200000,3246.5,3250,3246,3247.5,56,0
20240219,210000,3247,3247,3241,3246.5,61,0
20240219,220000,3245,3245.5,3240.5,3244,84,0
20240219,230000,3244,3245.5,3240,3244,502,0
20240220,090000,3242,3245,3241.5,3244,297,0
20240220,100000,3241.5,3241.5,3230,3232,1529,0
20240220,110000,3231.5,3237,3220.5,3221.5,1583,0
20240220,120000,3221,3224.5,3213.5,3221.5,2552,0
20240220,130000,3221.5,3227.5,3220,3227.5,370,0
20240220,140000,3228,3228.5,3221.5,3226,277,0
20240220,150000,3225.5,3225.5,3219,3223,560,0
20240220,160000,3225,3227.5,3223.5,3224.5,212,0
20240220,170000,3224.5,3225,3219.5,3221.5,166,0
20240220,180000,3221.5,3221.5,3208.5,3209,913,0
20240220,190000,3209,3209,3190,3193.5,2049,0
20240220,200000,3193,3193,3181,3191,1690,0
20240220,210000,3191.5,3195,3184,3184,805,0
20240220,220000,3183,3184.5,3171,3181.5,696,0
20240220,230000,3181.5,3181.5,3174.5,3174.5,481,0
20240221,090000,3178.5,3192,3170,3183.5,1315,0
20240221,100000,3183,3187.5,3162,3185.5,6186,0
20240221,110000,3185.5,3186,3169,3175,2740,0
20240221,120000,3171.5,3174.5,3159,3164.5,2491,0
20240221,130000,3165,3165,3112.5,3156.5,2614,0
20240221,140000,3156,3156,3141,3143.5,1982,0
20240221,150000,3143.5,3170,3141.5,3165,2687,0
20240221,160000,3163.5,3177.5,3159,3175,1081,0
20240221,170000,3174.5,3174.5,3154,3159.5,448,0
20240221,180000,3159,3163.5,3148.5,3155,768,0
20240221,190000,3148,3151,3141,3146,645,0
20240221,200000,3147.5,3154.5,3147.5,3148,330,0
20240221,210000,3148,3148.5,3146.5,3148.5,86,0
20240221,220000,3150,3150,3144.5,3150,308,0
20240221,230000,3151,3154,3150,3151.5,113,0
20240222,090000,3160,3170,3157,3158.5,419,0
20240222,100000,3157,3165,3147,3154,1301,0
20240222,110000,3157,3163.5,3157,3161.5,743,0
20240222,120000,3158.5,3162,3156.5,3159,310,0
20240222,130000,3161,3167.5,3158,3165,566,0
20240222,140000,3165,3168.5,3165,3166.5,371,0
20240222,150000,3168,3172,3156.5,3157,733,0
20240222,160000,3159,3160,3151,3151,463,0
20240222,170000,3151,3156.5,3146.5,3153.5,722,0
20240222,180000,3154,3158,3148,3148,530,0
20240222,190000,3147.5,3155,3147.5,3149,566,0
20240222,200000,3151,3156,3149,3154.5,251,0
20240222,210000,3152.5,3157,3152.5,3156,143,0
20240222,220000,3156.5,3168,3156.5,3167,191,0
20240222,230000,3166,3166,3160,3161,201,0
20240226,090000,3175.5,3222,3175,3205,3094,0
20240226,100000,3204,3204.5,3193.5,3203,1785,0
20240226,110000,3203,3206,3202,3205.5,832,0
20240226,120000,3205.5,3214,3205.5,3213,1340,0
20240226,130000,3213,3215,3206.5,3209.5,833,0
20240226,140000,3210,3212,3204.5,3206,459,0
20240226,150000,3208,3213,3207,3209.5,163,0
20240226,160000,3209.5,3210.5,3204,3204.5,235,0
20240226,170000,3204.5,3210,3204.5,3209,340,0
20240226,180000,3209.5,3218,3209.5,3216.5,289,0
20240226,190000,3217,3220,3215,3220,326,0
20240226,200000,3218.5,3221,3218.5,3220.5,250,0
20240226,210000,3220,3221,3215,3218,279,0
20240226,220000,3218,3220,3218,3219,71,0
20240226,230000,3220,3222,3220,3222,116,0
20240227,090000,3222,3222,3212.5,3217.5,618,0
20240227,100000,3219.5,3225.5,3215.5,3225,566,0
20240227,110000,3225.5,3227.5,3213.5,3216.5,608,0
20240227,120000,3215,3221,3212.5,3214,468,0
20240227,130000,3213.5,3215.5,3212.5,3215.5,70,0
20240227,140000,3213.5,3213.5,3206,3208,553,0
20240227,150000,3207.5,3216.5,3206,3211,474,0
20240227,160000,3215,3215.5,3212.5,3213.5,185,0
20240227,170000,3213.5,3213.5,3210.5,3212,220,0
20240227,180000,3212,3213.5,3210.5,3212.5,82,0
20240227,190000,3212,3216.5,3212,3216.5,68,0
20240227,200000,3217,3218.5,3216.5,3216.5,51,0
20240227,210000,3216.5,3216.5,3215.5,3216,29,0
20240227,220000,3216,3216,3216,3216,10,0
20240227,230000,3216,3218,3216,3216,62,0
20240228,090000,3215.5,3219,3215,3216,99,0
20240228,100000,3216,3235,3215,3233.5,1415,0
20240228,110000,3233.5,3241.5,3233.5,3238.5,1441,0
20240228,120000,3239,3239.5,3231.5,3234,433,0
20240228,130000,3234,3236.5,3225.5,3228,1005,0
20240228,140000,3228,3231.5,3226,3230,101,0
20240228,150000,3230.5,3235.5,3230,3233,519,0
20240228,160000,3232,3232.5,3227.5,3229.5,222,0
20240228,170000,3228,3229.5,3226,3227.5,146,0
20240228,180000,3227.5,3230.5,3226.5,3228.5,281,0
20240228,190000,3229.5,3230.5,3227.5,3228.5,64,0
20240228,200000,3228,3230,3228,3230,26,0
20240228,210000,3229.5,3230.5,3228,3228,62,0
20240228,220000,3230,3231,3229.5,3230,68,0
20240228,230000,3230.5,3230.5,3228.5,3229,58,0
20240229,090000,3230.5,3234.5,3229,3232,302,0
20240229,100000,3233,3236,3229.5,3229.5,856,0
20240229,110000,3229,3232.5,3227.5,3232.5,318,0
20240229,120000,3232.5,3238,3232.5,3236.5,868,0
20240229,130000,3236,3251,3236,3249.5,2785,0
20240229,140000,3248.5,3250,3241,3242.5,1000,0
20240229,150000,3244.5,3247.5,3244.5,3245,175,0
20240229,160000,3245.5,3246.5,3244,3246,99,0
20240229,170000,3246.5,3252,3246.5,3252,209,0
20240229,180000,3252,3262.5,3251.5,3260,836,0
20240229,190000,3262,3262.5,3256.5,3257.5,220,0
20240229,200000,3257.5,3261.5,3257.5,3260,85,0
20240229,210000,3261,3261.5,3260,3261.5,51,0
20240229,220000,3261.5,3263,3259,3259,151,0
20240229,230000,3259.5,3262,3259.5,3262,47,0
20240301,090000,3263.5,3264,3255,3259,351,0
20240301,100000,3261,3269.5,3260,3260,1385,0
20240301,110000,3259.5,3264,3253.5,3259.5,1149,0
20240301,120000,3259.5,3261,3257,3258.5,162,0
20240301,130000,3258,3260.5,3258,3260.5,144,0
20240301,140000,3260.5,3263.5,3260.5,3262,124,0
20240301,150000,3262.5,3267,3261.5,3264,217,0
20240301,160000,3263,3271,3263,3270,394,0
20240301,170000,3269.5,3271,3268,3268,514,0
20240301,180000,3269.5,3272,3269,3271.5,253,0
20240301,190000,3271.5,3274.5,3269.5,3270,205,0
20240301,200000,3271,3274.5,3269.5,3274.5,126,0
20240301,210000,3272.5,3274,3272,3274,51,0
20240301,220000,3273.5,3274.5,3271,3274,56,0
20240301,230000,3273,3275,3273,3274,94,0
20240304,090000,3278,3286.5,3275,3286,649,0
20240304,100000,3286,3290,3281,3284,937,0
20240304,110000,3284,3292.5,3283,3289.5,864,0
20240304,120000,3290,3298,3290,3296,729,0
20240304,130000,3295,3298,3293,3298,431,0
20240304,140000,3296.5,3302,3296,3297.5,691,0
20240304,150000,3297,3300,3296,3300,315,0
20240304,160000,3298.5,3300,3293.5,3298,477,0
20240304,170000,3299.5,3300,3292,3299,684,0
20240304,180000,3299.5,3300,3298,3300,116,0
20240304,190000,3297,3303,3297,3300,265,0
20240304,200000,3300,3300.5,3299.5,3300.5,60,0
20240304,210000,3301,3306.5,3301,3306,284,0
20240304,220000,3306.5,3306.5,3303.5,3305.5,102,0
20240304,230000,3304.5,3305.5,3304,3304,48,0
20240305,090000,3304,3307,3303.5,3307,287,0
20240305,100000,3307,3312,3288.5,3291.5,1964,0
20240305,110000,3291.5,3301,3288.5,3300,779,0
20240305,120000,3299,3304.5,3294.5,3302.5,629,0
20240305,130000,3302.5,3310,3302.5,3309.5,1913,0
20240305,140000,3308,3309,3303,3305,183,0
20240305,150000,3304.5,3306.5,3303,3306.5,112,0
20240305,160000,3305,3310,3305,3310,159,0
20240305,170000,3310.5,3318,3309.5,3310.5,842,0
20240305,180000,3310.5,3312,3300,3305,659,0
20240305,190000,3303.5,3304.5,3298.5,3303,344,0
20240305,200000,3302,3304.5,3301.5,3304.5,189,0
20240305,210000,3304.5,3309,3302.5,3305.5,140,0
20240305,220000,3306.5,3307,3306,3306,39,0
20240305,230000,3306,3306,3298,3298,872,0
20240306,090000,3298.5,3304.5,3297.5,3298,318,0
20240306,100000,3299,3303,3294,3303,1917,0
20240306,110000,3302,3307,3299,3300,632,0
20240306,120000,3300,3305,3297,3302,590,0
20240306,130000,3303,3311,3303,3311,410,0
20240306,140000,3310.5,3315,3307,3315,500,0
20240306,150000,3315,3319.5,3315,3315.5,757,0
20240306,160000,3314.5,3317,3312.5,3313,129,0
20240306,170000,3312,3316,3310.5,3316,425,0
20240306,180000,3316,3317,3315,3315,171,0
20240306,190000,3317,3319.5,3315.5,3315.5,290,0
20240306,200000,3315.5,3316,3315.5,3315.5,38,0
20240306,210000,3315.5,3316,3315,3315,105,0
20240306,220000,3315,3315,3313,3313,120,0
20240306,230000,3313,3313,3311,3312,164,0
20240307,090000,3311,3311,3307,3307.5,378,0
20240307,100000,3308,3318.5,3307.5,3315.5,2355,0
20240307,110000,3315.5,3315.5,3306,3310,914,0
20240307,120000,3308.5,3310.5,3306,3308,380,0
20240307,130000,3308,3312.5,3307,3310.5,215,0
20240307,140000,3312,3316.5,3311.5,3314,253,0
20240307,150000,3315,3315,3308.5,3314,259,0
20240307,160000,3314.5,3318,3314.5,3316.5,511,0
20240307,170000,3317,3317.5,3316,3317.5,167,0
20240307,180000,3317,3319.5,3314,3316,388,0
20240307,190000,3316.5,3325,3316.5,3318,677,0
20240307,200000,3318,3323,3318,3322.5,89,0
20240307,210000,3322,3322.5,3321,3321,59,0
20240307,220000,3321.5,3324.5,3318,3324.5,232,0
20240307,230000,3322,3325,3321,3325,205,0
20240311,090000,3325,3336,3325,3333.5,998,0
20240311,100000,3335,3342,3335,3339,1235,0
20240311,110000,3337,3338,3329,3329,696,0
20240311,120000,3329,3333.5,3325.5,3330,647,0
20240311,130000,3330.5,3334.5,3330.5,3331.5,225,0
20240311,140000,3331.5,3334.5,3330,3334.5,134,0
20240311,150000,3334.5,3334.5,3326.5,3329.5,511,0
20240311,160000,3331,3331,3325.5,3327.5,347,0
20240311,170000,3328,3328.5,3321.5,3325,444,0
20240311,180000,3324.5,3325,3317.5,3320,655,0
20240311,190000,3321,3325,3321,3322,173,0
20240311,200000,3323,3323.5,3322.5,3323.5,75,0
20240311,210000,3323.5,3325.5,3323.5,3324,114,0
20240311,220000,3325,3325.5,3324,3324,46,0
20240311,230000,3325,3326.5,3324.5,3326.5,35,0
20240312,090000,3327,3327,3313.5,3313.5,471,0
20240312,100000,3314,3320,3305.5,3315,1734,0
20240312,110000,3315,3322,3313.5,3319.5,502,0
20240312,120000,3320.5,3321.5,3316.5,3318,294,0
20240312,130000,3318.5,3321,3317,3318.5,428,0
20240312,140000,3319.5,3327,3319.5,3325,187,0
20240312,150000,3325.5,3331,3324,3330,850,0
20240312,160000,3329,3333,3327,3328,667,0
20240312,170000,3329,3333,3327.5,3333,236,0
20240312,180000,3332.5,3341,3332.5,3336.5,1023,0
20240312,190000,3339.5,3340.5,3336.5,3337,432,0
20240312,200000,3337,3337.5,3336.5,3337,82,0
20240312,210000,3337.5,3338,3337,3337.5,39,0
20240312,220000,3337.5,3338.5,3337,3338.5,100,0
20240312,230000,3338,3338.5,3337.5,3337.5,85,0
20240313,090000,3339,3348.5,3337,3344.5,655,0
20240313,100000,3344,3347,3337,3337,1086,0
20240313,110000,3337.5,3339.5,3336,3337.5,518,0
20240313,120000,3337.5,3343.5,3333.5,3334,613,0
20240313,130000,3334,3334,3325.5,3333,927,0
20240313,140000,3334,3334,3330.5,3332,122,0
20240313,150000,3332,3336,3330.5,3334,436,0
20240313,160000,3334,3334,3329.5,3330,144,0
20240313,170000,3329,3331.5,3327,3328.5,260,0
20240313,180000,3330,3330,3322,3324,292,0
20240313,190000,3323,3324.5,3320.5,3324.5,527,0
20240313,200000,3324.5,3324.5,3323,3324.5,104,0
20240313,210000,3325,3325,3321.5,3322.5,112,0
20240313,220000,3321,3322,3320,3320.5,64,0
20240313,230000,3320.5,3320.5,3320,3320.5,36,0
20240314,090000,3320,3320.5,3314,3314,1128,0
20240314,100000,3315.5,3323,3303.5,3304,1055,0
20240314,110000,3304,3307,3295,3305,2507,0
20240314,120000,3305,3313,3305,3312,853,0
20240314,130000,3312.5,3314.5,3304,3304,673,0
20240314,140000,3306.5,3309.5,3305,3308.5,142,0
20240314,150000,3308.5,3308.5,3291,3292.5,1836,0
20240314,160000,3292.5,3298,3292,3296,679,0
20240314,170000,3297,3314,3297,3301.5,797,0
20240314,180000,3303,3305,3296.5,3299,337,0
20240314,190000,3299.5,3304,3299,3302,112,0
20240314,200000,3301.5,3304,3298.5,3299,423,0
20240314,210000,3300.5,3304,3298.5,3299.5,237,0
20240314,220000,3298.5,3300.5,3297,3298.5,234,0
20240314,230000,3298.5,3301,3298.5,3300,159,0
20240315,090000,3299,3308,3297.5,3297.5,747,0
20240315,100000,3298,3313,3296,3300,1018,0
20240315,110000,3299.5,3303.5,3298,3303.5,427,0
20240315,120000,3303,3306.5,3301.5,3305,513,0
20240315,130000,3304.5,3311,3302.5,3311,436,0
20240315,140000,3309,3318.5,3308.5,3315.5,721,0
20240315,150000,3316,3317,3312,3313,1052,0
20240315,160000,3314.5,3314.5,3300,3307,1343,0
20240315,170000,3307,3312.5,3306,3312.5,501,0
20240315,180000,3313,3313.5,3306.5,3307,278,0
20240315,190000,3307.5,3310,3306.5,3307.5,803,0
20240315,200000,3307.5,3307.5,3304.5,3307,111,0
20240315,210000,3306.5,3308,3306,3306.5,80,0
20240315,220000,3307.5,3308,3306,3306.5,174,0
20240315,230000,3307,3307,3304.5,3306.5,494,0
20240318,090000,3308,3368,3308,3328.5,1753,0
20240318,100000,3327,3329,3299,3303,3470,0
20240318,110000,3302,3302,3297,3297.5,565,0
20240318,120000,3299.5,3305,3297,3303.5,540,0
20240318,130000,3302,3304.5,3301.5,3303,176,0
20240318,140000,3303,3308,3303,3306,312,0
20240318,150000,3307,3308.5,3305,3306.5,203,0
20240318,160000,3307,3307.5,3301.5,3301.5,550,0
20240318,170000,3302,3308,3301.5,3306.5,593,0
20240318,180000,3306.5,3306.5,3299.5,3299.5,276,0
20240318,190000,3302,3303.5,3298,3299.5,163,0
20240318,200000,3298.5,3300,3298,3299,49,0
20240318,210000,3298.5,3298.5,3297,3297,163,0
20240318,220000,3297,3303.5,3297,3303.5,173,0
20240318,230000,3302,3302,3300,3300.5,131,0
20240319,090000,3299,3304.5,3287,3295,796,0
20240319,100000,3296.5,3302,3295,3300,705,0
20240319,110000,3300.5,3307.5,3298,3305,278,0
20240319,120000,3304.5,3306,3299.5,3300,313,0
20240319,130000,3300,3305,3298.5,3305,370,0
20240319,140000,3305,3305,3295,3297,1959,0
20240319,150000,3296,3298.5,3291,3296,917,0
20240319,160000,3296,3300,3293,3293,534,0
20240319,170000,3293,3293.5,3267,3269,4341,0
20240319,180000,3269,3276,3256,3272,3958,0
20240319,190000,3271,3275,3264,3274,908,0
20240319,200000,3273.5,3275,3272,3274.5,127,0
20240319,210000,3273.5,3275,3268.5,3272.5,218,0
20240319,220000,3272.5,3273,3270,3270.5,86,0
20240319,230000,3271,3272,3268.5,3268.5,145,0
20240320,090000,3270,3276.5,3270,3273.5,491,0
20240320,100000,3275.5,3283.5,3271,3280.5,1679,0
20240320,110000,3279,3280,3270.5,3276,1104,0
20240320,120000,3277.5,3285,3277.5,3282,622,0
20240320,130000,3282.5,3290,3282.5,3285.5,860,0
20240320,140000,3285,3286.5,3275,3278.5,657,0
20240320,150000,3276,3276,3265,3269,1089,0
20240320,160000,3271,3276.5,3268.5,3276,376,0
20240320,170000,3276,3279,3274,3275.5,269,0
20240320,180000,3278,3279.5,3271,3271,201,0
20240320,190000,3272.5,3275.5,3272,3275.5,195,0
20240320,200000,3275.5,3279,3275,3278.5,85,0
20240320,210000,3278.5,3280,3276,3276,213,0
20240320,220000,3280,3284.5,3280,3284.5,215,0
20240320,230000,3284.5,3285,3281,3281.5,102,0
20240321,090000,3284,3289,3283,3289,361,0
20240321,100000,3288.5,3304,3286.5,3298,2543,0
20240321,110000,3298,3300,3289.5,3290,1080,0
20240321,120000,3290,3293.5,3287.5,3290,740,0
20240321,130000,3290,3290,3283.5,3286,436,0
20240321,140000,3286.5,3290.5,3281.5,3282,1088,0
20240321,150000,3282,3284,3262.5,3272.5,4245,0
20240321,160000,3272,3277,3269,3274,894,0
20240321,170000,3277,3284,3269,3282.5,629,0
20240321,180000,3283.5,3287.5,3281,3282.5,1403,0
20240321,190000,3282.5,3296,3282.5,3291,409,0
20240321,200000,3290,3298.5,3288.5,3290.5,488,0
20240321,210000,3290.5,3290.5,3282,3284.5,211,0
20240321,220000,3285.5,3288.5,3281,3288.5,199,0
20240321,230000,3289,3290,3288,3288.5,114,0
20240322,090000,3290,3295,3289,3294.5,279,0
20240322,100000,3295,3296.5,3288.5,3294,1239,0
20240322,110000,3295.5,3303,3294.5,3302,816,0
20240322,120000,3302,3302.5,3290.5,3291,1243,0
20240322,130000,3291,3298,3287.5,3292.5,1617,0
20240322,140000,3290,3290,3280,3282,1780,0
20240322,150000,3282,3282,3272.5,3280.5,1522,0
20240322,160000,3280,3280.5,3272,3272,1161,0
20240322,170000,3272.5,3273.5,3265.5,3268.5,1170,0
20240322,180000,3268.5,3274.5,3267.5,3271.5,976,0
20240322,190000,3272,3274,3268,3273.5,708,0
20240322,200000,3273.5,3273.5,3232,3244.5,3983,0
20240322,210000,3244.5,3259,3227.5,3248.5,7113,0
20240322,220000,3248.5,3253.5,3238.5,3241.5,1780,0
20240322,230000,3241.5,3246.5,3235,3246,2492,0
20240325,090000,3258,3261,3248.5,3259,2093,0
20240325,100000,3259,3267.5,3251,3257.5,3004,0
20240325,110000,3256,3259.5,3247,3253.5,707,0
20240325,120000,3253.5,3255,3240.5,3245,888,0
20240325,130000,3244,3248.5,3228,3245.5,1435,0
20240325,140000,3245.5,3254.5,3245.5,3252,363,0
20240325,150000,3252,3259.5,3247.5,3257.5,2470,0
20240325,160000,3257.5,3271,3257,3268.5,1359,0
20240325,170000,3268.5,3280.5,3268.5,3280.5,1566,0
20240325,180000,3280,3280.5,3277,3277,1008,0
20240325,190000,3277.5,3285,3277,3280,792,0
20240325,200000,3280,3281,3276.5,3278,448,0
20240325,210000,3278,3283,3277.5,3283,159,0
20240325,220000,3284,3285.5,3282.5,3284,247,0
20240325,230000,3283.5,3288,3283.5,3288,274,0
20240326,090000,3288.5,3292.5,3279,3292.5,542,0
20240326,100000,3290,3292.5,3283,3283.5,857,0
20240326,110000,3283.5,3286,3280,3286,1190,0
20240326,120000,3286,3289.5,3285.5,3287,365,0
20240326,130000,3287.5,3291,3279,3280,526,0
20240326,140000,3280,3282.5,3277,3281.5,325,0
20240326,150000,3281,3288.5,3276,3285.5,507,0
20240326,160000,3284.5,3286,3280.5,3281.5,155,0
20240326,170000,3283.5,3289.5,3283.5,3288,255,0
20240326,180000,3288,3288.5,3285,3285,213,0
20240326,190000,3287,3291,3286.5,3290,206,0
20240326,200000,3288.5,3290,3288,3289.5,41,0
20240326,210000,3289,3290,3287.5,3289,74,0
20240326,220000,3290,3292,3290,3291.5,289,0
20240326,230000,3292,3292,3291.5,3291.5,42,0
20240327,090000,3292.5,3298,3291.5,3294,410,0
20240327,100000,3294,3297.5,3289,3292.5,243,0
20240327,110000,3293.5,3298,3290,3290,327,0
20240327,120000,3290,3291.5,3283.5,3288.5,959,0
20240327,130000,3288.5,3290.5,3283.5,3287,116,0
20240327,140000,3285.5,3291,3283,3285.5,263,0
20240327,150000,3287.5,3287.5,3281.5,3285,222,0
20240327,160000,3285,3294,3285,3294,196,0
20240327,170000,3292.5,3300,3292.5,3298,565,0
20240327,180000,3298,3302.5,3296.5,3301.5,336,0
20240327,190000,3302,3317,3302,3308,738,0
20240327,200000,3308,3308,3305,3305.5,167,0
20240327,210000,3305.5,3307,3305,3305.5,55,0
20240327,220000,3305.5,3310.5,3305.5,3310.5,493,0
20240327,230000,3310.5,3311.5,3309,3311.5,246,0
20240328,090000,3311.5,3315,3308.5,3313,290,0
20240328,100000,3313,3317,3308,3311,646,0
20240328,110000,3310.5,3314.5,3309,3314.5,441,0
20240328,120000,3314.5,3316.5,3310.5,3312,664,0
20240328,130000,3311,3312,3307.5,3308,160,0
20240328,140000,3308.5,3312,3308,3309.5,216,0
20240328,150000,3309.5,3312,3307.5,3308,242,0
20240328,160000,3307.5,3310,3304,3310,768,0
20240328,170000,3309.5,3310,3309,3309,84,0
20240328,180000,3309.5,3315,3309.5,3315,306,0
20240328,190000,3315,3315,3312.5,3314,92,0
20240328,200000,3314,3314.5,3311.5,3313.5,118,0
20240328,210000,3312.5,3314,3311.5,3313,58,0
20240328,220000,3312.5,3315,3312,3315,21,0
20240328,230000,3313.5,3313.5,3313,3313,32,0
20240328,090000,3311.5,3315,3308.5,3313,290,0
20240328,100000,3313,3317,3308,3311,646,0
20240328,110000,3310.5,3314.5,3309,3314.5,441,0
20240328,120000,3314.5,3316.5,3310.5,3312,664,0
20240328,130000,3311,3312,3307.5,3308,160,0
20240328,140000,3308.5,3312,3308,3309.5,216,0
20240328,150000,3309.5,3312,3307.5,3308,242,0
20240328,160000,3307.5,3310,3304,3310,768,0
20240328,170000,3309.5,3310,3309,3309,84,0
20240328,180000,3309.5,3315,3309.5,3315,306,0
20240328,190000,3315,3315,3312.5,3314,92,0
20240328,200000,3314,3314.5,3311.5,3313.5,118,0
20240328,210000,3312.5,3314,3311.5,3313,58,0
20240328,220000,3312.5,3315,3312,3315,21,0
20240328,230000,3313.5,3313.5,3313,3313,32,0
20240329,090000,3313,3321.5,3313,3318.5,391,0
20240329,100000,3318.5,3318.5,3309,3313.5,393,0
20240329,110000,3312.5,3314,3310,3313,161,0
20240329,120000,3313,3317,3312.5,3315.5,111,0
20240329,130000,3315.5,3319.5,3315.5,3317,389,0
20240329,140000,3317,3320,3316.5,3318.5,237,0
20240329,150000,3319.5,3325,3318.5,3323.5,657,0
20240329,160000,3324.5,3330,3323.5,3323.5,722,0
20240329,170000,3324.5,3325.5,3322.5,3325,569,0
20240329,180000,3325.5,3331,3325,3328.5,1098,0
20240329,190000,3330,3334.5,3329.5,3331,434,0
20240329,200000,3331,3336,3330.5,3332.5,472,0
20240329,210000,3331,3334,3331,3332.5,182,0
20240329,220000,3332.5,3337.5,3332,3336,452,0
20240329,230000,3336,3336,3333,3334.5,42,0
20240401,090000,3336,3349,3336,3347,897,0
20240401,100000,3348.5,3363.5,3348.5,3362,2213,0
20240401,110000,3361,3367,3360,3360,993,0
20240401,120000,3362,3364.5,3360.5,3362,247,0
20240401,130000,3362,3363,3358.5,3358.5,377,0
20240401,140000,3358.5,3360.5,3356.5,3357.5,321,0
20240401,150000,3357.5,3365,3356.5,3365,778,0
20240401,160000,3365,3368,3361.5,3367.5,529,0
20240401,170000,3367.5,3369,3360.5,3368,711,0
20240401,180000,3368,3371.5,3367.5,3371.5,664,0
20240401,190000,3370,3372,3368,3370,124,0
20240401,200000,3371,3371.5,3369.5,3370.5,246,0
20240401,210000,3370.5,3370.5,3370,3370.5,173,0
20240401,220000,3370.5,3373.5,3370,3373.5,209,0
20240401,230000,3373,3375.5,3370,3370,310,0
20240402,090000,3370,3374,3366,3373.5,544,0
20240402,100000,3372.5,3372.5,3360.5,3369.5,1104,0
20240402,110000,3369.5,3370.5,3364,3369,1497,0
20240402,120000,3369,3371,3366.5,3368.5,315,0
20240402,130000,3368.5,3369,3360,3366.5,404,0
20240402,140000,3366.5,3371,3365.5,3371,232,0
20240402,150000,3371,3371,3368.5,3368.5,235,0
20240402,160000,3369,3370,3363,3364,384,0
20240402,170000,3365,3374,3364,3371.5,299,0
20240402,180000,3371.5,3379,3371.5,3372,949,0
20240402,190000,3373,3378.5,3373,3377.5,173,0
20240402,200000,3377.5,3378,3374,3376.5,156,0
20240402,210000,3376.5,3377.5,3374.5,3376,71,0
20240402,220000,3376,3379.5,3376,3378,507,0
20240402,230000,3378,3380,3378,3380,89,0
20240403,090000,3380,3382.5,3374.5,3380,189,0
20240403,100000,3380,3391,3380,3390.5,1021,0
20240403,110000,3391,3393,3384.5,3388,449,0
20240403,120000,3388,3390,3387.5,3389.5,114,0
20240403,130000,3389,3389,3383,3385,223,0
20240403,140000,3385,3390,3384.5,3384.5,147,0
20240403,150000,3384.5,3386.5,3381,3385,284,0
20240403,160000,3385,3393.5,3384,3390.5,638,0
20240403,170000,3390.5,3397.5,3390.5,3395.5,819,0
20240403,180000,3395.5,3398.5,3393,3398.5,778,0
20240403,190000,3394,3399,3394,3397,270,0
20240403,200000,3397,3398,3395.5,3396.5,416,0
20240403,210000,3396.5,3399,3396,3399,182,0
20240403,220000,3398,3399.5,3397.5,3398,186,0
20240403,230000,3398,3399.5,3396.5,3396.5,117,0
20240404,090000,3396.5,3400,3395.5,3396.5,158,0
20240404,100000,3398,3405,3394,3401,2088,0
20240404,110000,3400.5,3404,3400,3402,947,0
20240404,120000,3402,3407,3400,3404.5,597,0
20240404,130000,3405,3405.5,3401.5,3405.5,494,0
20240404,140000,3404,3405.5,3399,3402.5,330,0
20240404,150000,3402.5,3405,3400,3403.5,117,0
20240404,160000,3403.5,3405.5,3400,3405,302,0
20240404,170000,3404.5,3412.5,3404.5,3411,781,0
20240404,180000,3410,3412,3409,3409,842,0
20240404,190000,3408.5,3413,3407,3413,673,0
20240404,200000,3411.5,3412.5,3407.5,3408,95,0
20240404,210000,3408,3412,3408,3410.5,75,0
20240404,220000,3411,3411,3405,3406.5,696,0
20240404,230000,3406.5,3407.5,3400,3400,931,0
20240405,090000,3398.5,3402.5,3395.5,3401,646,0
20240405,100000,3399,3404.5,3390,3400.5,1511,0
20240405,110000,3400.5,3405.5,3394.5,3403,840,0
20240405,120000,3401,3402.5,3393.5,3394,575,0
20240405,130000,3394,3395.5,3388,3391.5,452,0
20240405,140000,3389.5,3394,3388,3393,247,0
20240405,150000,3393.5,3397.5,3393,3396.5,222,0
20240405,160000,3396.5,3399.5,3395,3397,188,0
20240405,170000,3396.5,3403.5,3393,3402,528,0
20240405,180000,3402,3406,3401.5,3404,185,0
20240405,190000,3403,3404.5,3402,3402,98,0
20240405,200000,3403.5,3405,3402,3405,14,0
20240405,210000,3405,3405,3402,3402,131,0
20240405,220000,3402,3402,3399.5,3400,236,0
20240405,230000,3400,3400.5,3396,3400,313,0
20240408,090000,3404,3407,3402.5,3405,337,0
20240408,100000,3405,3423.5,3400,3419.5,2019,0
20240408,110000,3417.5,3426,3416.5,3423,1328,0
20240408,120000,3425.5,3425.5,3421,3423.5,527,0
20240408,130000,3424,3425.5,3420.5,3422,244,0
20240408,140000,3421,3424,3420,3420,267,0
20240408,150000,3419.5,3424,3419.5,3422.5,268,0
20240408,160000,3422,3425,3420.5,3421.5,371,0
20240408,170000,3421.5,3426,3421.5,3426,290,0
20240408,180000,3426,3429,3425,3426.5,532,0
20240408,190000,3425.5,3428.5,3425,3425,349,0
20240408,200000,3425.5,3426,3423.5,3424.5,263,0
20240408,210000,3424,3424.5,3422.5,3422.5,376,0
20240408,220000,3422,3422.5,3421.5,3422.5,122,0
20240408,230000,3422,3422.5,3419,3419.5,491,0
20240409,090000,3423,3423,3419.5,3421.5,159,0
20240409,100000,3421,3438.5,3421,3434,2133,0
20240409,110000,3434,3442.5,3433.5,3439,1057,0
20240409,120000,3438.5,3439,3432,3435.5,631,0
20240409,130000,3436,3439.5,3436,3437.5,536,0
20240409,140000,3437.5,3439,3426.5,3428.5,509,0
20240409,150000,3426,3427.5,3413.5,3423,1574,0
20240409,160000,3422.5,3429.5,3419.5,3427,722,0
20240409,170000,3428.5,3429.5,3421.5,3421.5,737,0
20240409,180000,3424,3424,3412.5,3413.5,661,0
20240409,190000,3413.5,3424,3413.5,3421,768,0
20240409,200000,3419.5,3419.5,3416,3419,114,0
20240409,210000,3419.5,3423,3419.5,3422,47,0
20240409,220000,3422,3429.5,3422,3422,261,0
20240409,230000,3422,3424.5,3420,3420.5,446,0
20240410,090000,3420.5,3427,3410,3423.5,690,0
20240410,100000,3425,3427,3407,3416.5,1737,0
20240410,110000,3416.5,3424,3416.5,3424,341,0
20240410,120000,3422.5,3432.5,3422,3428,1101,0
20240410,130000,3429,3440,3429,3439,1001,0
20240410,140000,3437,3438.5,3434.5,3436,554,0
20240410,150000,3436,3443,3434.5,3438.5,908,0
20240410,160000,3440,3440,3432.5,3435,158,0
20240410,170000,3435,3438.5,3434,3437,412,0
20240410,180000,3438,3441.5,3438,3439,210,0
20240410,190000,3441,3449.5,3440.5,3442,899,0
20240410,200000,3443.5,3448,3442,3445,260,0
20240410,210000,3444.5,3448.5,3443.5,3443.5,473,0
20240410,220000,3443.5,3445,3441.5,3444,72,0
20240410,230000,3442.5,3443.5,3442.5,3442.5,4,0
20240411,090000,3442.5,3445,3440,3445,307,0
20240411,100000,3445,3459.5,3442.5,3449,1965,0
20240411,110000,3448,3452,3443.5,3445,418,0
20240411,120000,3446,3446,3439,3442,795,0
20240411,130000,3442,3446.5,3439,3440,272,0
20240411,140000,3440,3441.5,3438.5,3438.5,117,0
20240411,150000,3439,3442,3436,3441,363,0
20240411,160000,3441.5,3446.5,3441,3443.5,304,0
20240411,170000,3444,3447.5,3442.5,3446.5,514,0
20240411,180000,3446,3448,3443,3443,837,0
20240411,190000,3446.5,3447,3445.5,3445.5,60,0
20240411,200000,3445.5,3446.5,3442,3444.5,449,0
20240411,210000,3444.5,3446.5,3444.5,3446,63,0
20240411,220000,3445,3446.5,3445,3446,50,0
20240411,230000,3446.5,3447.5,3446.5,3446.5,99,0
20240412,090000,3446.5,3450,3445,3450,325,0
20240412,100000,3450,3455.5,3448,3452.5,998,0
20240412,110000,3452.5,3455.5,3448,3455,678,0
20240412,120000,3454.5,3463,3454,3459,1946,0
20240412,130000,3461,3462,3459,3461,342,0
20240412,140000,3461.5,3462,3458,3461,368,0
20240412,150000,3460.5,3460.5,3455,3458,614,0
20240412,160000,3458,3466,3458,3464.5,814,0
20240412,170000,3465,3469,3463.5,3468,762,0
20240412,180000,3468,3469,3459.5,3462,389,0
20240412,190000,3462,3464.5,3459.5,3462,225,0
20240412,200000,3462,3463,3457,3458,312,0
20240412,210000,3458,3460.5,3457,3457.5,325,0
20240412,220000,3457,3459.5,3456,3459.5,172,0
20240412,230000,3460.5,3460.5,3458,3460.5,708,0
20240415,090000,3466.5,3470,3464,3470,524,0
20240415,100000,3468.5,3468.5,3456.5,3461.5,1920,0
20240415,110000,3461.5,3470.5,3457.5,3469.5,1079,0
20240415,120000,3469.5,3472,3467.5,3470.5,574,0
20240415,130000,3471.5,3474.5,3471,3473.5,369,0
20240415,140000,3474,3477,3472.5,3473,1013,0
20240415,150000,3473,3473.5,3469,3471,326,0
20240415,160000,3472.5,3480,3472.5,3477,411,0
20240415,170000,3477.5,3477.5,3470.5,3477.5,238,0
20240415,180000,3477,3480,3476,3476,170,0
20240415,190000,3476,3479.5,3476,3477.5,129,0
20240415,200000,3477.5,3477.5,3474,3475.5,320,0
20240415,210000,3475.5,3476.5,3474.5,3474.5,96,0
20240415,220000,3475.5,3476.5,3474,3476,131,0
20240415,230000,3476.5,3478,3475.5,3478,377,0
20240416,090000,3478,3480,3476.5,3480,385,0
20240416,100000,3478.5,3483,3468,3472,1653,0
20240416,110000,3471.5,3476,3466,3474,823,0
20240416,120000,3473,3474,3467,3473,440,0
20240416,130000,3471,3472.5,3469.5,3470.5,365,0
20240416,140000,3469.5,3470,3465,3465.5,891,0
20240416,150000,3466,3471.5,3466,3467.5,325,0
20240416,160000,3467,3472,3467,3472,209,0
20240416,170000,3471,3472,3465,3465,373,0
20240416,180000,3465,3469.5,3465,3468.5,126,0
20240416,190000,3467.5,3468,3461.5,3464,743,0
20240416,200000,3464,3467,3464,3466.5,84,0
20240416,210000,3466,3467.5,3466,3466.5,52,0
20240416,220000,3467,3469,3466.5,3467,414,0
20240416,230000,3467,3472,3467,3467.5,277,0
20240417,090000,3471,3478,3470.5,3476,297,0
20240417,100000,3476.5,3478,3466.5,3471,772,0
20240417,110000,3470,3470,3463,3463,304,0
20240417,120000,3463,3465,3447,3452.5,3115,0
20240417,130000,3452,3458.5,3449.5,3457,672,0
20240417,140000,3457.5,3459,3450,3450,1385,0
20240417,150000,3449,3456,3444,3455,1323,0
20240417,160000,3455.5,3458.5,3451.5,3458.5,225,0
20240417,170000,3458.5,3462,3454.5,3461.5,538,0
20240417,180000,3462,3462,3457,3457,763,0
20240417,190000,3456,3459,3454,3457.5,256,0
20240417,200000,3456.5,3459.5,3456.5,3456.5,648,0
20240417,210000,3456,3458.5,3455,3455,383,0
20240417,220000,3455,3457,3451,3451,433,0
20240417,230000,3451,3453,3451,3451,253,0
20240418,090000,3451,3457,3447,3448,346,0
20240418,100000,3449,3458,3442,3448,1520,0
20240418,110000,3448,3455,3446,3447,657,0
20240418,120000,3449,3455,3449,3451,700,0
20240418,130000,3451,3451.5,3444.5,3444.5,433,0
20240418,140000,3444,3445,3440,3445,400,0
20240418,150000,3445,3454,3444,3451,547,0
20240418,160000,3453,3454.5,3450,3453.5,301,0
20240418,170000,3454,3457,3453,3456.5,280,0
20240418,180000,3457,3463,3455,3459,1070,0
20240418,190000,3459,3465,3459,3464.5,231,0
20240418,200000,3464,3464.5,3461,3463.5,145,0
20240418,210000,3462.5,3464.5,3462,3463.5,167,0
20240418,220000,3462.5,3463,3462,3463,29,0
20240418,230000,3462.5,3463.5,3461,3462,109,0
20240419,090000,3462,3468,3459.5,3468,366,0
20240419,100000,3467,3467.5,3458.5,3463,1368,0
20240419,110000,3463,3469,3459,3465.5,472,0
20240419,120000,3463,3464.5,3453.5,3457.5,729,0
20240419,130000,3457.5,3462,3457.5,3462,146,0
20240419,140000,3462,3464.5,3458.5,3464.5,241,0
20240419,150000,3462.5,3471.5,3462.5,3469,445,0
20240419,160000,3468.5,3473.5,3468.5,3473,217,0
20240419,170000,3473,3480.5,3472,3480,1481,0
20240419,180000,3480,3480.5,3471.5,3472,364,0
20240419,190000,3477,3477,3472,3474,107,0
20240419,200000,3475,3476.5,3474.5,3476,110,0
20240419,210000,3475,3476.5,3474,3476,560,0
20240419,220000,3476,3476.5,3473.5,3473.5,383,0
20240419,230000,3474.5,3474.5,3471.5,3473,336,0
20240422,090000,3472,3478,3470,3474,510,0
20240422,100000,3473,3481.5,3465,3475.5,1606,0
20240422,110000,3477,3478,3471.5,3472,640,0
20240422,120000,3475,3477.5,3472.5,3473.5,166,0
20240422,130000,3474.5,3477.5,3473.5,3476.5,150,0
20240422,140000,3475.5,3476.5,3468,3472,902,0
20240422,150000,3471,3473,3468.5,3470.5,413,0
20240422,160000,3470.5,3473,3469.5,3471.5,666,0
20240422,170000,3471,3479.5,3469.5,3478.5,1262,0
20240422,180000,3479.5,3481.5,3475,3475,418,0
20240422,190000,3478,3479.5,3477,3478,226,0
20240422,200000,3478,3478.5,3476,3476.5,51,0
20240422,210000,3478,3479.5,3476.5,3479.5,220,0
20240422,220000,3479.5,3480,3478,3478,90,0
20240422,230000,3478,3480.5,3478,3480.5,334,0
20240423,090000,3480,3488,3478.5,3486,711,0
20240423,100000,3487,3493,3482.5,3483,1534,0
20240423,110000,3482.5,3488.5,3481,3485.5,537,0
20240423,120000,3485,3487.5,3471,3474.5,1202,0
20240423,130000,3474.5,3475.5,3462,3470,1050,0
20240423,140000,3470,3471,3462,3464,1320,0
20240423,150000,3464,3464.5,3453,3456.5,1667,0
20240423,160000,3455,3459,3447.5,3452.5,1323,0
20240423,170000,3452.5,3459,3450,3457,652,0
20240423,180000,3457,3457.5,3433,3442,4276,0
20240423,190000,3439.5,3449.5,3438,3446.5,1091,0
20240423,200000,3446.5,3448,3438.5,3442.5,548,0
20240423,210000,3442.5,3450.5,3442.5,3448,388,0
20240423,220000,3450.5,3451.5,3440.5,3440.5,205,0
20240423,230000,3440,3442,3438,3442,348,0
20240424,090000,3438.5,3448,3437,3440,987,0
20240424,100000,3441,3446,3428,3443,3044,0
20240424,110000,3443,3450,3433.5,3435.5,2002,0
20240424,120000,3435.5,3441,3430,3436.5,523,0
20240424,130000,3436,3437.5,3423.5,3433.5,2294,0
20240424,140000,3433,3444.5,3427.5,3444,1455,0
20240424,150000,3444.5,3445.5,3434,3434,704,0
20240424,160000,3434,3441,3433,3438.5,1487,0
20240424,170000,3438.5,3439,3431,3434,1213,0
20240424,180000,3434,3437.5,3429.5,3430,950,0
20240424,190000,3433,3441.5,3429,3433.5,464,0
20240424,200000,3433,3434.5,3432,3433.5,60,0
20240424,210000,3433,3436,3431,3434.5,330,0
20240424,220000,3433.5,3436,3429.5,3433,356,0
20240424,230000,3432.5,3434,3430.5,3434,62,0
20240425,090000,3434.5,3434.5,3429.5,3431,224,0
20240425,100000,3429,3443,3428.5,3429,1958,0
20240425,110000,3429.5,3438.5,3429,3435,906,0
20240425,120000,3435.5,3440.5,3434.5,3435,770,0
20240425,130000,3435.5,3437.5,3434.5,3436,905,0
20240425,140000,3437.5,3438.5,3431,3434.5,934,0
20240425,150000,3434.5,3441,3434,3438.5,1248,0
20240425,160000,3438.5,3444.5,3437,3442,1196,0
20240425,170000,3441,3448,3441,3446.5,533,0
20240425,180000,3446,3450,3445.5,3449,881,0
20240425,190000,3448,3449,3446,3447.5,541,0
20240425,200000,3447.5,3447.5,3445,3446.5,648,0
20240425,210000,3446.5,3450,3445.5,3450,420,0
20240425,220000,3449,3451.5,3448.5,3451,443,0
20240425,230000,3451,3451,3450,3450,47,0
20240426,090000,3450,3460,3450,3454.5,383,0
20240426,100000,3454.5,3456,3448.5,3455.5,342,0
20240426,110000,3455,3463,3455,3463,2762,0
20240426,120000,3463,3463,3455.5,3456.5,838,0
20240426,130000,3456.5,3460.5,3444,3452,1736,0
20240426,140000,3452,3453,3441.5,3442.5,1026,0
20240426,150000,3442.5,3448,3441.5,3443.5,1512,0
20240426,160000,3445,3452.5,3445,3452.5,1188,0
20240426,170000,3451.5,3455.5,3450.5,3454.5,636,0
20240426,180000,3454.5,3460,3454.5,3460,786,0
20240426,190000,3460,3470,3455,3459.5,478,0
20240426,200000,3459.5,3459.5,3454.5,3458.5,234,0
20240426,210000,3458,3459.5,3458,3458,49,0
20240426,220000,3459,3460,3458.5,3459,136,0
20240426,230000,3459.5,3460,3455.5,3457.5,142,0
20240427,090000,3465,3468,3454.5,3459.5,115,0
20240427,100000,3459.5,3465.5,3459.5,3462.5,439,0
20240427,110000,3462.5,3463,3458.5,3459,190,0
20240427,120000,3458,3462,3458,3458,117,0
20240427,130000,3458,3459.5,3455.5,3457.5,438,0
20240427,140000,3456.5,3463,3456.5,3459,1370,0
20240427,150000,3459,3464,3458.5,3464,925,0
20240427,160000,3462.5,3464,3457.5,3460,295,0
20240427,170000,3460,3470,3459,3470,771,0
20240427,180000,3470,3470.5,3465,3467,446,0
20240427,190000,3467.5,3471,3467.5,3470.5,97,0
20240427,200000,3470.5,3474,3470.5,3474,416,0
20240427,210000,3474,3478.5,3469.5,3475.5,876,0
20240427,220000,3475.5,3478.5,3474.5,3478.5,465,0
20240427,230000,3478.5,3480,3474.5,3479.5,385,0
20240429,090000,3480,3494.5,3465,3487,1485,0
20240429,100000,3485,3485,3473,3478.5,3231,0
20240429,110000,3480,3481,3473.5,3474,446,0
20240429,120000,3473,3477.5,3473,3476.5,365,0
20240429,130000,3475,3480,3475,3479.5,199,0
20240429,140000,3480,3480,3477,3477.5,1092,0
20240429,150000,3476.5,3478,3474.5,3477,246,0
20240429,160000,3477,3482.5,3477,3481.5,225,0
20240429,170000,3480.5,3481.5,3478.5,3479.5,180,0
20240429,180000,3480,3481.5,3478.5,3479.5,139,0
20240429,190000,3482,3484.5,3480,3482.5,62,0
20240429,200000,3482.5,3482.5,3480,3480,80,0
20240429,210000,3480,3480,3479.5,3480,6,0
20240429,220000,3480,3481.5,3480,3481,43,0
20240429,230000,3480.5,3481,3479.5,3481,118,0
20240430,090000,3484,3484.5,3475,3482,139,0
20240430,100000,3482.5,3486.5,3474,3474,986,0
20240430,110000,3474,3475.5,3467,3472.5,722,0
20240430,120000,3471.5,3477.5,3471.5,3473,273,0
20240430,130000,3473,3475,3471,3473,163,0
20240430,140000,3472,3476.5,3472,3474.5,131,0
20240430,150000,3473,3474.5,3469,3473,197,0
20240430,160000,3471.5,3472.5,3467.5,3468.5,110,0
20240430,170000,3468.5,3476,3466.5,3474,451,0
20240430,180000,3474.5,3477,3471.5,3477,87,0
20240430,190000,3472,3475,3470.5,3474.5,99,0
20240430,200000,3473,3474,3469,3469,166,0
20240430,210000,3471.5,3472,3469,3469.5,55,0
20240430,220000,3471,3471,3468,3468,282,0
20240430,230000,3469,3469,3467,3468.5,317,0
20240502,090000,3469.5,3481.5,3450,3468.5,1373,0
20240502,100000,3469.5,3481,3467,3477,1111,0
20240502,110000,3477,3479.5,3471.5,3473.5,200,0
20240502,120000,3473,3473,3466,3469.5,290,0
20240502,130000,3469,3469,3463.5,3466.5,469,0
20240502,140000,3466.5,3472,3466.5,3469.5,394,0
20240502,150000,3469.5,3473,3463.5,3463.5,577,0
20240502,160000,3463,3463.5,3445.5,3448,3570,0
20240502,170000,3448,3455.5,3445.5,3448.5,1620,0
20240502,180000,3448.5,3452.5,3442,3442,1915,0
20240502,190000,3444,3450,3435.5,3445,929,0
20240502,200000,3445,3448,3444,3446.5,442,0
20240502,210000,3448,3448.5,3444,3444,519,0
20240502,220000,3446,3447,3444,3445,540,0
20240502,230000,3445.5,3455.5,3445.5,3447,443,0
20240503,090000,3447,3450,3441,3443,362,0
20240503,100000,3442.5,3453,3435.5,3435.5,1688,0
20240503,110000,3435.5,3438.5,3430,3431.5,1800,0
20240503,120000,3431,3437.5,3430,3434,1584,0
20240503,130000,3433.5,3439.5,3433.5,3438,189,0
20240503,140000,3438.5,3444,3437.5,3444,671,0
20240503,150000,3443.5,3450,3442,3450,1052,0
20240503,160000,3450.5,3452,3445,3452,708,0
20240503,170000,3451.5,3454,3451.5,3451.5,419,0
20240503,180000,3453,3453,3445.5,3447.5,592,0
20240503,190000,3447.5,3449,3446.5,3448.5,88,0
20240503,200000,3448,3448,3446,3448,69,0
20240503,210000,3448,3449,3446.5,3447,140,0
20240503,220000,3446.5,3449,3446.5,3447.5,173,0
20240503,230000,3446.5,3446.5,3439.5,3446.5,126,0
20240506,090000,3447,3450,3441,3444.5,586,0
20240506,100000,3444.5,3445,3436,3442,1932,0
20240506,110000,3441.5,3441.5,3432,3432,1444,0
20240506,120000,3431.5,3432,3418.5,3430,3018,0
20240506,130000,3430,3435,3425.5,3433,1058,0
20240506,140000,3434.5,3443,3432.5,3442,7180,0
20240506,150000,3442,3444,3439,3441.5,804,0
20240506,160000,3441.5,3443,3435.5,3441,680,0
20240506,170000,3439.5,3445,3437,3444,497,0
20240506,180000,3444.5,3447.5,3436,3439,759,0
20240506,190000,3439,3440,3435.5,3435.5,378,0
20240506,200000,3437,3440,3437,3438.5,295,0
20240506,210000,3438,3439.5,3432,3434.5,1318,0
20240506,220000,3434.5,3436,3432,3435.5,411,0
20240506,230000,3434.5,3435.5,3433,3435.5,440,0
20240507,090000,3421.5,3430,3421.5,3427,1657,0
20240507,100000,3424.5,3432,3411,3427.5,6204,0
20240507,110000,3427.5,3434.5,3427.5,3432,1281,0
20240507,120000,3431,3434.5,3425.5,3429,809,0
20240507,130000,3427.5,3431,3427,3428.5,93,0
20240507,140000,3428.5,3428.5,3423.5,3424.5,436,0
20240507,150000,3424.5,3428,3424,3427.5,182,0
20240507,160000,3427.5,3430,3423.5,3429.5,579,0
20240507,170000,3431,3435,3430,3434.5,483,0
20240507,180000,3434,3435.5,3430.5,3434,336,0
20240507,190000,3437,3438.5,3434,3437,522,0
20240507,200000,3437,3438,3436.5,3436.5,364,0
20240507,210000,3436.5,3437.5,3433,3436,499,0
20240507,220000,3436,3438,3435.5,3436.5,483,0
20240507,230000,3436.5,3438.5,3436,3438.5,362,0
20240508,090000,3440,3445.5,3433,3438,676,0
20240508,100000,3439.5,3444,3436.5,3442.5,1864,0
20240508,110000,3442.5,3446,3440.5,3442,1116,0
20240508,120000,3442,3443,3439,3439,1402,0
20240508,130000,3439,3443,3437.5,3443,836,0
20240508,140000,3443,3443.5,3440,3441,763,0
20240508,150000,3440.5,3444,3439,3440,422,0
20240508,160000,3440.5,3443.5,3440,3440.5,632,0
20240508,170000,3440,3440.5,3436.5,3438.5,459,0
20240508,180000,3439.5,3440.5,3436,3437.5,617,0
20240508,190000,3438,3441,3438,3439,110,0
20240508,200000,3439.5,3439.5,3435.5,3437,106,0
20240508,210000,3438,3439,3435.5,3438,112,0
20240508,220000,3438,3440,3438,3438,245,0
20240508,230000,3439,3439.5,3439,3439.5,139,0
20240510,090000,3441.5,3449,3440,3444,339,0
20240510,100000,3444,3456.5,3444,3454,1691,0
20240510,110000,3453.5,3455,3448.5,3452.5,659,0
20240510,120000,3452,3455,3449.5,3455,126,0
20240510,130000,3454,3458,3453.5,3457.5,423,0
20240510,140000,3457.5,3458,3454,3454.5,179,0
20240510,150000,3454,3454,3452.5,3454,178,0
20240510,160000,3453,3457,3453,3456.5,180,0
20240510,170000,3456,3456.5,3453,3455.5,145,0
20240510,180000,3455.5,3456,3453,3453,231,0
20240510,190000,3454.5,3456.5,3453,3455,266,0
20240510,200000,3456,3457.5,3455.5,3457.5,100,0
20240510,210000,3457.5,3457.5,3456.5,3457,83,0
20240510,220000,3457,3458,3457,3458,39,0
20240510,230000,3458,3459,3457,3458,244,0
20240513,090000,3461,3472.5,3460.5,3469,671,0
20240513,100000,3468,3470,3465,3467,1470,0
20240513,110000,3466,3469.5,3466,3467,273,0
20240513,120000,3467.5,3468,3463,3464,610,0
20240513,130000,3463,3464.5,3461,3461,423,0
20240513,140000,3463.5,3466,3453,3459.5,781,0
20240513,150000,3459.5,3462,3450.5,3458,1080,0
20240513,160000,3457,3461,3457,3459,107,0
20240513,170000,3460,3465,3460,3465,320,0
20240513,180000,3465.5,3467,3461.5,3463,190,0
20240513,190000,3467,3468,3461.5,3463.5,125,0
20240513,200000,3462,3466.5,3462,3464.5,43,0
20240513,210000,3465.5,3466.5,3464,3465,44,0
20240513,220000,3463.5,3465.5,3463.5,3465.5,45,0
20240513,230000,3465.5,3465.5,3464,3464,33,0
20240514,090000,3464,3467,3462.5,3466.5,278,0
20240514,100000,3466,3468.5,3463.5,3465.5,559,0
20240514,110000,3465,3465,3460.5,3462.5,292,0
20240514,120000,3461.5,3462.5,3460,3462.5,155,0
20240514,130000,3462,3462.5,3460,3461,23,0
20240514,140000,3461,3466,3460,3464.5,140,0
20240514,150000,3465.5,3468,3464.5,3464.5,540,0
20240514,160000,3466.5,3472.5,3464.5,3470,569,0
20240514,170000,3469.5,3474,3467,3468.5,1182,0
20240514,180000,3468.5,3471.5,3467.5,3469.5,794,0
20240514,190000,3470,3472,3468.5,3470.5,580,0
20240514,200000,3470.5,3473,3470,3472.5,577,0
20240514,210000,3472.5,3473,3470.5,3473,289,0
20240514,220000,3472.5,3473.5,3471.5,3472,126,0
20240514,230000,3472.5,3473.5,3471,3472,268,0
20240515,090000,3471,3475,3462.5,3471,507,0
20240515,100000,3472,3479.5,3470,3477,2598,0
20240515,110000,3478,3478,3470,3473,850,0
20240515,120000,3471.5,3473.5,3470,3471,342,0
20240515,130000,3472.5,3474,3468.5,3472,154,0
20240515,140000,3471,3471.5,3467.5,3469.5,556,0
20240515,150000,3470.5,3474.5,3470.5,3473.5,124,0
20240515,160000,3474,3479.5,3473.5,3478.5,264,0
20240515,170000,3478,3481,3475.5,3479.5,1847,0
20240515,180000,3480.5,3482,3477.5,3480,616,0
20240515,190000,3480,3481,3476,3478.5,132,0
20240515,200000,3478.5,3482.5,3477,3482.5,294,0
20240515,210000,3482.5,3484.5,3479.5,3483,522,0
20240515,220000,3483.5,3484.5,3483.5,3484.5,18,0
20240515,230000,3484,3484,3483.5,3484,8,0
20240516,090000,3483.5,3488.5,3483.5,3487.5,443,0
20240516,100000,3487.5,3492,3480,3482,1619,0
20240516,110000,3482,3482.5,3480,3481.5,347,0
20240516,120000,3483,3485,3481.5,3482.5,541,0
20240516,130000,3482.5,3485,3482.5,3484.5,263,0
20240516,140000,3484.5,3486,3484,3485,421,0
20240516,150000,3485.5,3490.5,3485,3490.5,433,0
20240516,160000,3490.5,3494,3488,3492,298,0
20240516,170000,3493,3494,3490,3492.5,212,0
20240516,180000,3491,3494,3486.5,3486.5,681,0
20240516,190000,3486,3489.5,3485,3489.5,316,0
20240516,200000,3490,3493.5,3490,3493,52,0
20240516,210000,3491.5,3492.5,3490.5,3490.5,19,0
20240516,220000,3492,3494,3491,3494,322,0
20240516,230000,3493.5,3494,3492.5,3493,24,0
20240517,090000,3493.5,3494,3489,3489,173,0
20240517,100000,3489,3502,3489,3501,3460,0
20240517,110000,3501,3501.5,3494,3498,851,0
20240517,120000,3498,3498.5,3494,3496,205,0
20240517,130000,3496,3499,3494,3497,264,0
20240517,140000,3497.5,3503.5,3496,3503.5,855,0
20240517,150000,3502.5,3505,3500,3504,748,0
20240517,160000,3505,3506.5,3502,3502,294,0
20240517,170000,3502,3510,3502,3509.5,582,0
20240517,180000,3510,3512,3505,3506,273,0
20240517,190000,3507.5,3509,3506.5,3508,72,0
20240517,200000,3506.5,3508,3506.5,3507.5,34,0
20240517,210000,3507.5,3509.5,3507.5,3509.5,78,0
20240517,220000,3509,3511.5,3508.5,3509.5,506,0
20240517,230000,3510.5,3512,3509,3510.5,115,0
20240520,090000,3514.5,3522,3512,3519,799,0
20240520,100000,3518.5,3523.5,3505.5,3507.5,1642,0
20240520,110000,3505.5,3510.5,3495.5,3495.5,1139,0
20240520,120000,3495,3498,3484.5,3485,1620,0
20240520,130000,3484.5,3492,3474,3482,3462,0
20240520,140000,3481,3494,3481,3490,1611,0
20240520,150000,3490,3490,3476.5,3481,730,0
20240520,160000,3481,3488,3480.5,3486.5,518,0
20240520,170000,3486.5,3486.5,3483,3483,462,0
20240520,180000,3483,3483,3462.5,3465.5,1781,0
20240520,190000,3464,3469.5,3456,3460,2900,0
20240520,200000,3460,3462.5,3444,3456,2119,0
20240520,210000,3455,3459.5,3448,3456.5,969,0
20240520,220000,3457,3459.5,3452.5,3457.5,335,0
20240520,230000,3458,3460,3457,3458,123,0
20240521,090000,3457,3457,3442,3443,708,0
20240521,100000,3443,3464.5,3437,3440.5,3712,0
20240521,110000,3440,3444,3431.5,3440,3557,0
20240521,120000,3440.5,3442,3430.5,3442,831,0
20240521,130000,3442.5,3445.5,3425,3436,3113,0
20240521,140000,3436,3439,3430,3433,1896,0
20240521,150000,3433.5,3435,3424.5,3425,1802,0
20240521,160000,3425,3426.5,3410,3413.5,3946,0
20240521,170000,3413.5,3439.5,3411.5,3435,2973,0
20240521,180000,3435.5,3441.5,3428,3431,693,0
20240521,190000,3433.5,3441,3431,3441,449,0
20240521,200000,3441.5,3441.5,3436,3440.5,430,0
20240521,210000,3440.5,3441,3436.5,3437,249,0
20240521,220000,3436.5,3438,3435,3438,50,0
20240521,230000,3436,3441,3435.5,3441,227,0
20240522,090000,3442,3445.5,3436.5,3438.5,547,0
20240522,100000,3439,3452.5,3438.5,3447,1355,0
20240522,110000,3447,3452.5,3445,3451.5,953,0
20240522,120000,3451.5,3452,3443,3447.5,436,0
20240522,130000,3446.5,3449.5,3443,3447,189,0
20240522,140000,3448,3448.5,3440.5,3447.5,243,0
20240522,150000,3445.5,3448.5,3444.5,3448,155,0
20240522,160000,3448.5,3450.5,3440,3446,2075,0
20240522,170000,3446,3448.5,3444,3447.5,271,0
20240522,180000,3448,3451.5,3447.5,3448,370,0
20240522,190000,3447,3450,3443,3449.5,222,0
20240522,200000,3448,3448,3446,3446,31,0
20240522,210000,3446,3446,3442,3444,319,0
20240522,220000,3443,3443.5,3441,3442.5,64,0
20240522,230000,3443,3443,3442,3442,15,0
20240523,090000,3442,3443,3427.5,3430,804,0
20240523,100000,3431.5,3436.5,3420.5,3425,1952,0
20240523,110000,3424.5,3425,3412,3424.5,1483,0
20240523,120000,3423,3427.5,3417,3424,544,0
20240523,130000,3423,3430,3422,3426,617,0
20240523,140000,3425.5,3431,3425.5,3427.5,1122,0
20240523,150000,3428.5,3433,3425.5,3433,404,0
20240523,160000,3433.5,3448,3433.5,3445,1785,0
20240523,170000,3445.5,3449.5,3441,3449.5,1420,0
20240523,180000,3449.5,3450.5,3441,3442.5,728,0
20240523,190000,3442.5,3446,3441,3443,307,0
20240523,200000,3443,3443.5,3437.5,3437.5,354,0
20240523,210000,3438.5,3440,3437,3440,132,0
20240523,220000,3440.5,3441,3440,3440.5,17,0
20240523,230000,3440,3441.5,3438.5,3440,256,0
20240524,090000,3438,3446,3433.5,3444,407,0
20240524,100000,3442.5,3446,3425,3430,2860,0
20240524,110000,3427,3432.5,3424,3427,664,0
20240524,120000,3427.5,3427.5,3418,3427.5,1697,0
20240524,130000,3427,3427,3406,3417,2338,0
20240524,140000,3417,3417,3384.5,3387,5467,0
20240524,150000,3387,3398.5,3381,3385.5,3019,0
20240524,160000,3385.5,3408.5,3385.5,3404,1044,0
20240524,170000,3404,3410,3404,3410,1140,0
20240524,180000,3410,3413,3400,3405,1068,0
20240524,190000,3402,3404.5,3395,3395.5,1335,0
20240524,200000,3395.5,3398.5,3392,3395,1734,0
20240524,210000,3396,3398,3393,3394.5,309,0
20240524,220000,3394.5,3395.5,3391.5,3395.5,98,0
20240524,230000,3394.5,3398.5,3393,3397.5,355,0
20240527,090000,3395,3397.5,3385,3388.5,1909,0
20240527,100000,3386.5,3395,3350,3351,8453,0
20240527,110000,3351,3363,3348,3358,2670,0
20240527,120000,3358,3360.5,3346,3352,1301,0
20240527,130000,3352,3356.5,3340,3356.5,1935,0
20240527,140000,3356,3363,3351,3353,680,0
20240527,150000,3353,3354,3345,3347,703,0
20240527,160000,3347,3354,3327,3334.5,2370,0
20240527,170000,3330,3339.5,3308.5,3309,4285,0
20240527,180000,3309,3322.5,3303.5,3306,2745,0
20240527,190000,3315.5,3315.5,3294.5,3306.5,1759,0
20240527,200000,3308.5,3320.5,3308.5,3312.5,705,0
20240527,210000,3315,3322.5,3313,3315.5,550,0
20240527,220000,3314.5,3315.5,3309,3312,563,0
20240527,230000,3313,3313.5,3305,3305,177,0
20240528,090000,3310,3328.5,3305,3321,1256,0
20240528,100000,3320,3343,3282.5,3343,4565,0
20240528,110000,3343,3348.5,3326,3331,1425,0
20240528,120000,3331,3344.5,3330,3340.5,1118,0
20240528,130000,3342.5,3350.5,3334,3347.5,2055,0
20240528,140000,3348,3352.5,3346,3349.5,1282,0
20240528,150000,3350,3352.5,3337,3340,738,0
20240528,160000,3340,3345,3322,3327.5,999,0
20240528,170000,3326.5,3330,3315,3324.5,1044,0
20240528,180000,3323.5,3326,3313,3313.5,653,0
20240528,190000,3310.5,3311,3295,3298.5,855,0
20240528,200000,3297,3310,3297,3307.5,809,0
20240528,210000,3307.5,3312.5,3306,3309,372,0
20240528,220000,3310,3311,3300,3305,411,0
20240528,230000,3306,3310.5,3304,3310.5,198,0
20240529,090000,3313.5,3329,3303,3320.5,686,0
20240529,100000,3318.5,3319.5,3291.5,3306.5,3673,0
20240529,110000,3306.5,3316,3303.5,3306.5,1215,0
20240529,120000,3305.5,3308.5,3296.5,3305.5,1029,0
20240529,130000,3307,3309.5,3297,3306,702,0
20240529,140000,3305.5,3307.5,3297,3297,1191,0
20240529,150000,3296.5,3300,3288,3291,1716,0
20240529,160000,3292.5,3301.5,3286,3296.5,624,0
20240529,170000,3296.5,3311.5,3295.5,3308.5,931,0
20240529,180000,3308.5,3329.5,3307,3329.5,2439,0
20240529,190000,3329,3329,3320,3320,1849,0
20240529,200000,3321,3324.5,3318.5,3324.5,691,0
20240529,210000,3324.5,3330.5,3324,3327,656,0
20240529,220000,3327,3330,3325,3326.5,573,0
20240529,230000,3327,3337,3327,3337,548,0
20240530,090000,3331.5,3350,3331.5,3347,970,0
20240530,100000,3347.5,3347.5,3330,3335,1571,0
20240530,110000,3335.5,3338.5,3319,3324,1291,0
20240530,120000,3323.5,3330,3321.5,3323.5,400,0
20240530,130000,3323,3323.5,3312,3318.5,912,0
20240530,140000,3317.5,3318.5,3301,3306,3601,0
20240530,150000,3304.5,3317.5,3301,3306,2153,0
20240530,160000,3305.5,3307.5,3294.5,3306.5,1320,0
20240530,170000,3306.5,3309,3300,3300,947,0
20240530,180000,3301.5,3302.5,3270,3280.5,4716,0
20240530,190000,3285,3289.5,3278.5,3283.5,1147,0
20240530,200000,3280,3280,3259.5,3268.5,2274,0
20240530,210000,3271,3276,3265,3265,1829,0
20240530,220000,3265,3268,3258.5,3260.5,1274,0
20240530,230000,3260.5,3262,3254.5,3260,416,0
20240531,090000,3262.5,3279,3255.5,3266.5,1180,0
20240531,100000,3266.5,3274.5,3235,3235,9013,0
20240531,110000,3235,3267,3235,3267,4870,0
20240531,120000,3267.5,3269,3247,3250,2005,0
20240531,130000,3250,3250,3237,3240,1323,0
20240531,140000,3240.5,3255,3240.5,3253.5,1649,0
20240531,150000,3253.5,3259.5,3252,3252.5,2361,0
20240531,160000,3255,3263,3244,3244,1944,0
20240531,170000,3243.5,3248,3233,3239,1727,0
20240531,180000,3239.5,3239.5,3215.5,3228,3666,0
20240531,190000,3223.5,3229,3185,3210.5,7507,0
20240531,200000,3210,3211,3188,3190,1311,0
20240531,210000,3191,3193,3182.5,3186.5,1206,0
20240531,220000,3184,3198.5,3184,3195.5,890,0
20240531,230000,3196,3205,3189.5,3205,717,0
20240603,090000,3204,3229,3204,3220.5,2056,0
20240603,100000,3219.5,3223,3184,3194,7939,0
20240603,110000,3194,3206.5,3165.5,3173.5,3414,0
20240603,120000,3173.5,3173.5,3150.5,3170.5,3882,0
20240603,130000,3168,3171,3115.5,3133.5,9925,0
20240603,140000,3131.5,3145,3091.5,3098.5,7580,0
20240603,150000,3098.5,3131.5,3092,3124.5,5494,0
20240603,160000,3123.5,3144,3116,3136.5,4086,0
20240603,170000,3135,3160,3119.5,3160,2291,0
20240603,180000,3157,3161,3141.5,3156,2190,0
20240603,190000,3152.5,3158.5,3142.5,3158.5,974,0
20240603,200000,3158.5,3169.5,3156,3167,2160,0
20240603,210000,3166.5,3168.5,3156.5,3160,761,0
20240603,220000,3160,3165.5,3157,3160,258,0
20240603,230000,3159,3166.5,3158.5,3165.5,88,0
20240604,090000,3157,3174,3142,3151,1710,0
20240604,100000,3150.5,3186.5,3149.5,3157.5,8906,0
20240604,110000,3158.5,3162.5,3137,3149.5,5155,0
20240604,120000,3150,3176.5,3141,3169.5,1477,0
20240604,130000,3169.5,3185,3169.5,3179.5,2129,0
20240604,140000,3180,3197.5,3173,3192,3109,0
20240604,150000,3192.5,3201.5,3185,3199.5,2985,0
20240604,160000,3199.5,3202.5,3189.5,3195.5,1113,0
20240604,170000,3194,3202,3191.5,3202,685,0
20240604,180000,3200.5,3207.5,3191,3194,974,0
20240604,190000,3192.5,3203,3192,3200,628,0
20240604,200000,3202,3207,3200.5,3203,722,0
20240604,210000,3203,3216,3203,3216,674,0
20240604,220000,3214.5,3217.5,3211,3215,660,0
20240604,230000,3215,3217.5,3214,3216.5,442,0
20240605,090000,3217.5,3223,3205,3215.5,1401,0
20240605,100000,3216,3229.5,3207,3212,5813,0
20240605,110000,3213.5,3236,3212,3232,2006,0
20240605,120000,3231.5,3237.5,3224.5,3237.5,1669,0
20240605,130000,3237,3241,3231.5,3233,2325,0
20240605,140000,3233,3233,3209,3220,3408,0
20240605,150000,3219.5,3219.5,3196,3215.5,7633,0
20240605,160000,3216,3222,3207.5,3219,1652,0
20240605,170000,3219.5,3230,3217,3229.5,680,0
20240605,180000,3229.5,3230,3215.5,3219,707,0
20240605,190000,3219,3219,3211.5,3214,877,0
20240605,200000,3214.5,3215,3194,3195,825,0
20240605,210000,3193.5,3205,3192.5,3195.5,827,0
20240605,220000,3194,3199.5,3191.5,3198.5,650,0
20240605,230000,3198.5,3199.5,3195,3198,216,0
20240606,090000,3197,3203,3190.5,3202.5,551,0
20240606,100000,3200.5,3211,3181.5,3207,4550,0
20240606,110000,3210,3221.5,3207.5,3215,1891,0
20240606,120000,3213.5,3219,3200,3207.5,1313,0
20240606,130000,3207.5,3207.5,3185,3191,1975,0
20240606,140000,3190,3195.5,3181,3190.5,2211,0
20240606,150000,3191.5,3202.5,3188,3198.5,918,0
20240606,160000,3197,3204.5,3195.5,3198,722,0
20240606,170000,3199.5,3201.5,3189.5,3197,1364,0
20240606,180000,3196.5,3202,3194,3197.5,1061,0
20240606,190000,3197.5,3202.5,3191.5,3200,743,0
20240606,200000,3202.5,3203,3196.5,3198.5,136,0
20240606,210000,3198.5,3201.5,3197,3201.5,162,0
20240606,220000,3201,3205,3201,3202.5,407,0
20240606,230000,3202.5,3204,3198,3200.5,176,0
20240607,090000,3199,3211.5,3190,3207,903,0
20240607,100000,3207,3218.5,3201,3206.5,2264,0
20240607,110000,3206,3218,3197,3215,1892,0
20240607,120000,3214,3230,3209.5,3227.5,3144,0
20240607,130000,3228,3290,3221,3260.5,16399,0
20240607,140000,3260,3260,3233,3234,4627,0
20240607,150000,3234.5,3241,3217,3234,3682,0
20240607,160000,3234.5,3236.5,3224.5,3236,1528,0
20240607,170000,3236,3238.5,3230,3231.5,2543,0
20240607,180000,3233.5,3245,3233,3239,1055,0
20240607,190000,3239,3239,3223.5,3233,1131,0
20240607,200000,3233,3236.5,3231.5,3235.5,558,0
20240607,210000,3235,3240,3231.5,3240,522,0
20240607,220000,3241,3242.5,3239,3242,751,0
20240607,230000,3241.5,3241.5,3234,3238,742,0
20240610,090000,3240,3256,3240,3253.5,3378,0
20240610,100000,3253.5,3257.5,3243.5,3255.5,7247,0
20240610,110000,3256,3258,3245,3250,1267,0
20240610,120000,3248,3251.5,3225,3231,4359,0
20240610,130000,3232,3238.5,3225,3227,1761,0
20240610,140000,3229,3232.5,3209.5,3217,3741,0
20240610,150000,3216.5,3219,3205,3212,2982,0
20240610,160000,3211.5,3224,3211,3218.5,2176,0
20240610,170000,3220.5,3224.5,3204,3211.5,1688,0
20240610,180000,3210.5,3212,3176,3177,8655,0
20240610,190000,3176,3187,3155.5,3176.5,4455,0
20240610,200000,3175.5,3178,3166,3173.5,817,0
20240610,210000,3176,3183.5,3174,3180,1176,0
20240610,220000,3178,3181,3177,3178.5,1211,0
20240610,230000,3180,3180,3176.5,3177.5,262,0
20240611,090000,3175,3189.5,3171,3176,1143,0
20240611,100000,3175.5,3184,3161.5,3180.5,3296,0
20240611,110000,3181.5,3196,3177,3184.5,2966,0
20240611,120000,3185.5,3189,3170,3170,1277,0
20240611,130000,3168.5,3173.5,3151.5,3168,4460,0
20240611,140000,3167,3176,3157,3173.5,3187,0
20240611,150000,3170,3173.5,3162,3167.5,506,0
20240611,160000,3166,3175.5,3162.5,3174.5,518,0
20240611,170000,3174.5,3185.5,3170.5,3178.5,1365,0
20240611,180000,3180.5,3185,3170,3184,1054,0
20240611,190000,3181,3184,3179,3180.5,325,0
20240611,200000,3182.5,3182.5,3174,3181,454,0
20240611,210000,3178.5,3181.5,3177.5,3180,528,0
20240611,220000,3181,3182,3177,3177.5,187,0
20240611,230000,3178.5,3181,3177,3181,393,0
20240613,100000,3099,3151.5,3007,3115.5,23708,0
20240613,110000,3115,3134,3112,3133.5,6454,0
20240613,120000,3133.5,3147,3122.5,3127.5,3630,0
20240613,130000,3129.5,3131.5,3116.5,3124,1691,0
20240613,140000,3125,3138,3125,3135.5,1236,0
20240613,150000,3136,3171,3136,3167,3935,0
20240613,160000,3169,3180,3165,3174.5,1580,0
20240613,170000,3174.5,3180,3160,3180,1592,0
20240613,180000,3179.5,3180,3170,3175.5,1385,0
20240613,190000,3174.5,3184,3174,3178,880,0
20240613,200000,3178,3179,3172.5,3174.5,268,0
20240613,210000,3173.5,3176.5,3168.5,3169.5,369,0
20240613,220000,3169.5,3174,3168.5,3173,399,0
20240613,230000,3173,3176,3172,3175.5,292,0
20240614,100000,3180,3185.5,3162.5,3171.5,3816,0
20240614,110000,3171,3176,3166.5,3173,3304,0
20240614,120000,3172,3182.5,3169.5,3181,2302,0
20240614,130000,3181.5,3190,3180.5,3189.5,1023,0
20240614,140000,3189,3197,3187,3195,2459,0
20240614,150000,3195.5,3199,3187,3198,2589,0
20240614,160000,3198,3222,3198,3220,5856,0
20240614,170000,3220,3225,3209.5,3217.5,2539,0
20240614,180000,3217.5,3220,3210.5,3218,1536,0
20240614,190000,3218,3219.5,3213.5,3218.5,954,0
20240614,200000,3216.5,3217,3203,3208.5,668,0
20240614,210000,3207.5,3213,3205,3209,1111,0
20240614,220000,3210.5,3216,3210,3216,482,0
20240614,230000,3216,3219.5,3216,3217,1088,0
20240617,100000,3221,3227,3209,3218,3970,0
20240617,110000,3218,3219.5,3195,3198,3749,0
20240617,120000,3197,3210.5,3189,3209.5,3164,0
20240617,130000,3207,3215.5,3206,3210,2041,0
20240617,140000,3211,3216.5,3203,3206.5,1899,0
20240617,150000,3206.5,3210,3197,3197,1482,0
20240617,160000,3197.5,3203.5,3185,3193.5,2585,0
20240617,170000,3192.5,3201,3185,3199.5,1870,0
20240617,180000,3199,3199,3188,3189,1901,0
20240617,190000,3187.5,3190,3175,3179.5,2541,0
20240617,200000,3179.5,3183.5,3177,3182,885,0
20240617,210000,3182,3183.5,3178.5,3178.5,1059,0
20240617,220000,3179,3185,3178,3183.5,464,0
20240617,230000,3183,3183,3179,3179,303,0
20240618,100000,3178,3179,3154.5,3171,11009,0
20240618,110000,3173.5,3174.5,3162,3165,3869,0
20240618,120000,3165.5,3166,3155,3160,2108,0
20240618,130000,3158.5,3166.5,3156.5,3163.5,995,0
20240618,140000,3163.5,3164,3150,3155,2485,0
20240618,150000,3154.5,3155.5,3128,3137.5,6032,0
20240618,160000,3134.5,3139.5,3131.5,3137,3175,0
20240618,170000,3137,3143.5,3124.5,3125,4392,0
20240618,180000,3125.5,3129,3107,3111.5,2619,0
20240618,190000,3115,3120,3095,3106,9021,0
20240618,200000,3106,3110,3099,3099,1051,0
20240618,210000,3099,3108,3099,3105,1130,0
20240618,220000,3106,3106,3097,3099,705,0
20240618,230000,3099,3106,3093,3105,1599,0
20240619,100000,3108,3110,3062,3090,8305,0
20240619,110000,3090.5,3112,3084,3084,5954,0
20240619,120000,3084,3095.5,3073,3080,4092,0
20240619,130000,3079,3088.5,3057.5,3062.5,6425,0
20240619,140000,3060.5,3080,3046,3075,3771,0
20240619,150000,3074.5,3083,3068,3083,2845,0
20240619,160000,3083,3083,3061.5,3064,2306,0
20240619,170000,3063.5,3065,3019,3030,5627,0
20240619,180000,3030.5,3041,3024,3030,3282,0
20240619,190000,3033,3037,3019.5,3029.5,2587,0
20240619,200000,3029,3033,3020.5,3031.5,2646,0
20240619,210000,3033,3047,3033,3037,1771,0
20240619,220000,3036,3041,3035,3038,882,0
20240619,230000,3038,3046,3037.5,3046,517,0
20240620,100000,3045,3082,3041,3078,10259,0
20240620,110000,3079,3100,3077,3087.5,11172,0
20240620,120000,3087,3087.5,3060,3086,7524,0
20240620,130000,3082,3086.5,3048,3055,4334,0
20240620,140000,3053,3065,3000.5,3023.5,13686,0
20240620,150000,3027,3126.5,3024,3085,19612,0
20240620,160000,3084.5,3100.5,3071,3091.5,4715,0
20240620,170000,3091.5,3118,3088.5,3113,5205,0
20240620,180000,3113,3125,3099.5,3115,4062,0
20240620,190000,3124,3149.5,3120.5,3137,3984,0
20240620,200000,3139,3149,3133.5,3141.5,1909,0
20240620,210000,3141,3148,3136.5,3144,879,0
20240620,220000,3144,3146.5,3139.5,3142,624,0
20240620,230000,3141,3148,3141,3147.5,362,0
20240621,100000,3152,3180,3125.5,3126,10056,0
20240621,110000,3125.5,3134.5,3113.5,3115,4381,0
20240621,120000,3115.5,3121.5,3100,3100,2592,0
20240621,130000,3100.5,3118.5,3100.5,3117.5,2417,0
20240621,140000,3118,3132,3113.5,3125,2417,0
20240621,150000,3125,3133.5,3118.5,3124,1008,0
20240621,160000,3125,3139,3120.5,3124,1295,0
20240621,170000,3124,3127,3111.5,3119,2415,0
20240621,180000,3118.5,3120,3110,3119,699,0
20240621,190000,3118,3125.5,3108,3108.5,5524,0
20240621,200000,3108,3114,3108,3111,637,0
20240621,210000,3112,3115,3109.5,3112.5,437,0
20240621,220000,3112,3115,3111,3114.5,305,0
20240621,230000,3113,3116.5,3113,3113,286,0
20240624,100000,3112,3135.5,3088,3124,8728,0
20240624,110000,3124,3126.5,3111,3114.5,3541,0
20240624,120000,3114,3116,3099,3107.5,2490,0
20240624,130000,3107.5,3114,3094,3113.5,2430,0
20240624,140000,3111.5,3119,3109,3113,1708,0
20240624,150000,3112.5,3113.5,3105,3109,1421,0
20240624,160000,3108.5,3114,3104,3114,673,0
20240624,170000,3112,3115.5,3108,3108.5,793,0
20240624,180000,3109,3109,3103.5,3104,1085,0
20240624,190000,3103,3105.5,3102.5,3104,312,0
20240624,200000,3104,3104.5,3099.5,3100,368,0
20240624,210000,3100,3102,3098,3099,227,0
20240624,220000,3098.5,3100,3096.5,3100,317,0
20240624,230000,3099.5,3100,3093,3095,238,0
20240625,100000,3095,3105.5,3081.5,3092,4100,0
20240625,110000,3092,3095,3083,3083,941,0
20240625,120000,3084.5,3096,3083,3091,2136,0
20240625,130000,3094,3107,3092,3103,1518,0
20240625,140000,3101,3111,3095.5,3097.5,953,0
20240625,150000,3097,3103,3095.5,3097,2430,0
20240625,160000,3096.5,3107,3096,3103.5,504,0
20240625,170000,3107,3108,3102,3102,866,0
20240625,180000,3103.5,3125.5,3103.5,3119,1998,0
20240625,190000,3120,3131,3118,3130.5,1837,0
20240625,200000,3131,3131.5,3126.5,3130,547,0
20240625,210000,3130.5,3133.5,3127,3133.5,549,0
20240625,220000,3132.5,3141.5,3132,3136,979,0
20240625,230000,3136.5,3140.5,3135.5,3136.5,553,0
