20241223,100000,2684,2722.5,2666.5,2720.5,141352,0
20241223,110000,2720.5,2766,2712.5,2718,146071,0
20241223,120000,2718,2719.5,2698,2698,85623,0
20241223,130000,2698,2711,2692,2709,40279,0
20241223,140000,2709.5,2726.5,2705,2707.5,41668,0
20241223,150000,2707.5,2716,2697,2712,33582,0
20241223,160000,2711.5,2733.5,2708,2722.5,41127,0
20241223,170000,2723,2732.5,2715,2719,26061,0
20241223,180000,2719,2722,2705,2715,28313,0
20241223,190000,2715,2719.5,2705,2710,25575,0
20241223,200000,2710,2715,2706.5,2707.5,12911,0
20241223,210000,2707.5,2718,2707.5,2713.5,7057,0
20241223,220000,2713.5,2721.5,2711.5,2717,5094,0
20241223,230000,2717.5,2724.5,2717.5,2721.5,3882,0
20241224,100000,2720.5,2721,2688,2694.5,99458,0
20241224,110000,2693.5,2714,2686,2713,57462,0
20241224,120000,2713.5,2729.5,2707,2711,50976,0
20241224,130000,2711.5,2716,2703,2712,25017,0
20241224,140000,2712,2724,2710,2716.5,18443,0
20241224,150000,2717,2720.5,2702,2711,23431,0
20241224,160000,2711,2711.5,2688,2696,36958,0
20241224,170000,2696,2706,2691,2701.5,26894,0
20241224,180000,2701,2703.5,2690.5,2690.5,28623,0
20241224,190000,2690.5,2696.5,2688.5,2692,15089,0
20241224,200000,2692,2699,2691,2699,8469,0
20241224,210000,2699,2699,2695.5,2695.5,2776,0
20241224,220000,2695.5,2699,2693,2693,10123,0
20241224,230000,2695,2695,2688,2690,3823,0
20241225,100000,2687,2693,2672.5,2677,52866,0
20241225,110000,2677,2693,2671.5,2689.5,42167,0
20241225,120000,2689.5,2716.5,2688.5,2706,86513,0
20241225,130000,2706,2723,2701.5,2723,48541,0
20241225,140000,2721.5,2725,2710,2718,37775,0
20241225,150000,2719,2734.5,2713,2732,55068,0
20241225,160000,2732,2757,2729.5,2750.5,67932,0
20241225,170000,2750.5,2752,2732.5,2737.5,48285,0
20241225,180000,2737,2741,2726,2739.5,35234,0
20241225,190000,2740,2768.5,2740,2744,57744,0
20241225,200000,2744,2751.5,2743,2745.5,21752,0
20241225,210000,2745.5,2757,2745,2756,10006,0
20241225,220000,2756,2757,2751,2757,5181,0
20241225,230000,2757,2761.5,2751.5,2757,9425,0
20241226,100000,2759.5,2781,2747,2769.5,97920,0
20241226,110000,2769.5,2776,2745,2750.5,62932,0
20241226,120000,2750,2766.5,2743,2764.5,39314,0
20241226,130000,2765,2770,2756,2763.5,25304,0
20241226,140000,2762.5,2765,2752.5,2763.5,21750,0
20241226,150000,2764,2773.5,2759.5,2770.5,26801,0
20241226,160000,2770.5,2775,2760.5,2767,21842,0
20241226,170000,2767.5,2774,2762,2769.5,13989,0
20241226,180000,2770,2770.5,2761.5,2763.5,9603,0
20241226,190000,2763,2774.5,2763,2770.5,10665,0
20241226,200000,2770.5,2772,2755,2757,11150,0
20241226,210000,2757,2761,2747.5,2755,20128,0
20241226,220000,2755,2757.5,2752,2754,7817,0
20241226,230000,2754.5,2758.5,2753.5,2757.5,4391,0
20241227,100000,2756.5,2767,2751,2764,43031,0
20241227,110000,2763.5,2770.5,2761.5,2763,21409,0
20241227,120000,2764.5,2768,2757.5,2766.5,18004,0
20241227,130000,2766.5,2767,2757,2758.5,20332,0
20241227,140000,2759,2764.5,2753,2761,14920,0
20241227,150000,2762,2764,2754,2762.5,18077,0
20241227,160000,2762.5,2769.5,2761,2763,11495,0
20241227,170000,2763,2763,2754.5,2759,21193,0
20241227,180000,2759.5,2762.5,2755.5,2757,9483,0
20241227,190000,2758.5,2767,2757,2760.5,14736,0
20241227,200000,2761,2767.5,2760.5,2765,5919,0
20241227,210000,2765,2772,2765,2769.5,12433,0
20241227,220000,2770,2773.5,2769.5,2771.5,4649,0
20241227,230000,2771,2771.5,2766.5,2771,3094,0
20241228,100000,2771,2790,2767,2787,44366,0
20241228,110000,2786.5,2799.5,2785,2795.5,26817,0
20241228,120000,2796,2799.5,2794,2797,18282,0
20241228,130000,2796.5,2797.5,2788,2791.5,23713,0
20241228,140000,2791.5,2794.5,2788.5,2790,8992,0
20241228,150000,2791,2794.5,2786,2789.5,9818,0
20241228,160000,2790,2795.5,2780.5,2787,26293,0
20241228,170000,2787.5,2790,2782.5,2789,8143,0
20241228,180000,2788,2794,2786,2790,6570,0
20241228,190000,2789.5,2797.5,2789.5,2795.5,6702,0
20241228,200000,2795.5,2799.5,2795,2799,4365,0
20241228,210000,2799,2806,2798,2800,9841,0
20241228,220000,2800.5,2808.5,2800,2808.5,4126,0
20241228,230000,2808.5,2823,2808,2810,10067,0
20241230,100000,2821,2848,2819.5,2844.5,70114,0
20241230,110000,2845,2859,2843,2856.5,29864,0
20241230,120000,2857,2860,2850.5,2857.5,23841,0
20241230,130000,2857.5,2865,2852,2863.5,14761,0
20241230,140000,2863,2883,2859,2877.5,36014,0
20241230,150000,2877.5,2887,2866,2870,22884,0
20241230,160000,2870.5,2873,2867,2868.5,11091,0
20241230,170000,2868.5,2880,2867.5,2878,18948,0
20241230,180000,2878,2884.5,2877,2881.5,13560,0
20241230,190000,2879,2886.5,2875.5,2880,9265,0
20241230,200000,2879.5,2886.5,2878,2884,6378,0
20241230,210000,2884,2891.5,2882.5,2889.5,10173,0
20241230,220000,2890.5,2896,2887,2894,8218,0
20241230,230000,2893.5,2914,2893.5,2905,13873,0
20250103,100000,2907.5,2912,2850,2851.5,94175,0
20250103,110000,2851,2858,2834,2848.5,55525,0
20250103,120000,2849.5,2856,2824,2828,39216,0
20250103,130000,2828,2836,2822,2830,19443,0
20250103,140000,2830,2837.5,2816,2832.5,16688,0
20250103,150000,2832.5,2841.5,2824.5,2827.5,16254,0
20250103,160000,2827.5,2835,2825,2832,6192,0
20250103,170000,2831.5,2838.5,2830,2831,6227,0
20250103,180000,2830.5,2834,2826,2828,8251,0
20250103,190000,2830,2836,2825,2828,4796,0
20250103,200000,2828,2833.5,2827.5,2830,2326,0
20250103,210000,2830.5,2837,2830.5,2834,4652,0
20250103,220000,2834,2835,2831,2833.5,2135,0
20250103,230000,2833,2834,2829.5,2832,4778,0
20250106,100000,2819.5,2819.5,2795.5,2811.5,57204,0
20250106,110000,2811,2824.5,2804.5,2822,18892,0
20250106,120000,2821.5,2823,2807,2808,13537,0
20250106,130000,2808,2816.5,2806,2810.5,9371,0
20250106,140000,2811,2822,2807,2821,7203,0
20250106,150000,2820,2822.5,2812.5,2816.5,9261,0
20250106,160000,2817,2819.5,2812,2819.5,4200,0
20250106,170000,2819,2827,2818.5,2822.5,9571,0
20250106,180000,2822.5,2827,2817.5,2821,8682,0
20250106,190000,2821,2827.5,2819,2819.5,9224,0
20250106,200000,2819.5,2820,2817,2819,2850,0
20250106,210000,2819.5,2820,2816.5,2817.5,1567,0
20250106,220000,2817.5,2824.5,2816,2822,5033,0
20250106,230000,2822,2832,2822,2832,5670,0
20250108,100000,2827.5,2839,2815.5,2828.5,46416,0
20250108,110000,2829.5,2839.5,2825.5,2831,15222,0
20250108,120000,2831.5,2835.5,2827,2832.5,9325,0
20250108,130000,2831.5,2840.5,2830.5,2838,12107,0
20250108,140000,2838,2840.5,2835,2839.5,8999,0
20250108,150000,2839.5,2847.5,2839,2845,14552,0
20250108,160000,2844.5,2852.5,2844,2850.5,14965,0
20250108,170000,2851,2852,2847,2848.5,7153,0
20250108,180000,2848.5,2850.5,2841,2845,9484,0
20250108,190000,2846,2850.5,2844,2845,5288,0
20250108,200000,2845,2849.5,2845,2845.5,4380,0
20250108,210000,2846,2848.5,2844,2848,2670,0
20250108,220000,2848.5,2849.5,2846.5,2847,2520,0
20250108,230000,2847.5,2848.5,2844.5,2844.5,2655,0
20250109,100000,2849.5,2859.5,2815.5,2816,76399,0
20250109,110000,2816.5,2824,2801,2809.5,55634,0
20250109,120000,2808.5,2809.5,2784.5,2794.5,52245,0
20250109,130000,2794.5,2800.5,2789,2790,21834,0
20250109,140000,2791,2797,2776,2778,35364,0
20250109,150000,2777.5,2787,2771.5,2772.5,40522,0
20250109,160000,2772,2801.5,2769,2797,90796,0
20250109,170000,2797,2798,2786.5,2790,39755,0
20250109,180000,2789,2789,2777.5,2778,11939,0
20250109,190000,2779,2786.5,2778.5,2784,10416,0
20250109,200000,2784,2784,2767,2770,22571,0
20250109,210000,2770,2770.5,2762,2767,15824,0
20250109,220000,2767,2770.5,2765,2770,5519,0
20250109,230000,2770,2773.5,2770,2772.5,5642,0
20250110,100000,2777,2792.5,2772.5,2774,74548,0
20250110,110000,2774,2782.5,2754,2766,51295,0
20250110,120000,2766.5,2767.5,2750.5,2751.5,30563,0
20250110,130000,2751,2812.5,2751,2812.5,126784,0
20250110,140000,2812.5,2820,2803.5,2808.5,60064,0
20250110,150000,2808.5,2830,2808.5,2819.5,52173,0
20250110,160000,2819.5,2829,2812.5,2821,28832,0
20250110,170000,2821,2849,2816,2845,49670,0
20250110,180000,2845.5,2847,2819,2823.5,48698,0
20250110,190000,2824.5,2837.5,2821.5,2828,14757,0
20250110,200000,2828,2830,2820,2825,7306,0
20250110,210000,2825,2835,2824,2834,5772,0
20250110,220000,2833,2839.5,2833,2837,4951,0
20250110,230000,2837,2839.5,2834.5,2836,5878,0
20250113,100000,2859.5,2879.5,2852,2864.5,104967,0
20250113,110000,2865,2883.5,2856,2877.5,39470,0
20250113,120000,2875.5,2887.5,2872,2879.5,34306,0
20250113,130000,2879.5,2880.5,2861,2861,32685,0
20250113,140000,2863,2867,2845.5,2848.5,41246,0
20250113,150000,2848,2858.5,2840,2854,39704,0
20250113,160000,2853.5,2869,2848,2856.5,24930,0
20250113,170000,2857,2873,2850.5,2869.5,27017,0
20250113,180000,2869.5,2874.5,2863.5,2867.5,17162,0
20250113,190000,2869,2870,2859.5,2862.5,8975,0
20250113,200000,2862,2863,2853.5,2855.5,12452,0
20250113,210000,2855.5,2856,2840.5,2842.5,13588,0
20250113,220000,2842.5,2855.5,2842,2855,10154,0
20250113,230000,2855.5,2862,2851.5,2857,6905,0
20250114,100000,2848,2857.5,2836,2843.5,63877,0
20250114,110000,2843.5,2867,2832.5,2863,50439,0
20250114,120000,2862.5,2870.5,2858,2863.5,31634,0
20250114,130000,2864,2884,2863,2876.5,46497,0
20250114,140000,2876,2878.5,2865,2866.5,24507,0
20250114,150000,2867,2875,2862.5,2875,23723,0
20250114,160000,2875,2879.5,2867.5,2872,14581,0
20250114,170000,2872,2875.5,2866.5,2873.5,12353,0
20250114,180000,2873.5,2875.5,2864,2865,21459,0
20250114,190000,2864.5,2869.5,2856.5,2864,15261,0
20250114,200000,2863.5,2870,2863,2867,5829,0
20250114,210000,2867.5,2875,2864.5,2874.5,6887,0
20250114,220000,2874.5,2877,2873,2874.5,4390,0
20250114,230000,2874,2875,2872.5,2875,2701,0
20250115,100000,2875,2881.5,2861.5,2862,43839,0
20250115,110000,2861.5,2866.5,2851.5,2856,29670,0
20250115,120000,2856,2860.5,2844,2844.5,26282,0
20250115,130000,2844.5,2852.5,2842.5,2850,11585,0
20250115,140000,2850,2860,2842,2852,28237,0
20250115,150000,2851.5,2863.5,2844.5,2859,21718,0
20250115,160000,2859.5,2860.5,2851,2855.5,14111,0
20250115,170000,2856,2856,2844,2852,15718,0
20250115,180000,2852,2855,2845.5,2849,11394,0
20250115,190000,2850,2897,2850,2891.5,84866,0
20250115,200000,2892.5,2901.5,2888.5,2891,26349,0
20250115,210000,2891,2901.5,2891,2901.5,14791,0
20250115,220000,2901.5,2906,2900.5,2904,10236,0
20250115,230000,2904.5,2910.5,2904,2909.5,9417,0
20250116,100000,2913,2917.5,2894.5,2907,88829,0
20250116,110000,2907,2921,2902,2919,56659,0
20250116,120000,2919,2930,2916,2920,58173,0
20250116,130000,2919.5,2924,2914,2923,16096,0
20250116,140000,2923.5,2934.5,2921.5,2932,29375,0
20250116,150000,2932.5,2935.5,2925,2926,33283,0
20250116,160000,2926,2926,2903,2911,72753,0
20250116,170000,2911,2919.5,2908,2917,25923,0
20250116,180000,2917,2919,2911,2913.5,19259,0
20250116,190000,2912.5,2924.5,2909,2911.5,17858,0
20250116,200000,2911.5,2913,2907,2908,7653,0
20250116,210000,2908,2914.5,2906.5,2912.5,5385,0
20250116,220000,2912.5,2918.5,2911.5,2915,4478,0
20250116,230000,2916.5,2916.5,2908,2913,4916,0
20250117,100000,2912,2920,2897,2916.5,86663,0
20250117,110000,2917.5,2930,2915.5,2923,47456,0
20250117,120000,2924,2930,2916.5,2924,28628,0
20250117,130000,2924,2936,2919.5,2934,41565,0
20250117,140000,2932,2937.5,2928.5,2933.5,24433,0
20250117,150000,2933.5,2939,2927.5,2936.5,25351,0
20250117,160000,2936.5,2952,2933,2948,44482,0
20250117,170000,2948.5,2953,2943.5,2952,34187,0
20250117,180000,2951,2951,2946,2950,11873,0
20250117,190000,2950.5,2959.5,2950.5,2955,19652,0
20250117,200000,2954.5,2958.5,2949,2949.5,10964,0
20250117,210000,2950,2956,2948.5,2952.5,7060,0
20250117,220000,2952.5,2958,2952,2958,7329,0
20250117,230000,2957.5,2959.5,2955.5,2957.5,12023,0
20250120,100000,2969,2989,2967.5,2981,106595,0
20250120,110000,2980.5,2981,2961,2971,66025,0
20250120,120000,2971,2972,2936.5,2939.5,84157,0
20250120,130000,2939.5,2949.5,2926.5,2941.5,62139,0
20250120,140000,2941,2962,2941,2954,29272,0
20250120,150000,2954,2964.5,2942.5,2953.5,51903,0
20250120,160000,2954,2967,2952,2960,28977,0
20250120,170000,2960,2965,2935.5,2936,38427,0
20250120,180000,2936.5,2937,2920,2933.5,65268,0
20250120,190000,2930,2950.5,2926,2942.5,35240,0
20250120,200000,2942.5,2949,2926.5,2928.5,25529,0
20250120,210000,2928.5,2928.5,2905.5,2922.5,58839,0
20250120,220000,2922.5,2922.5,2913,2913.5,12245,0
20250120,230000,2913,2916,2909,2915,7889,0
20250121,100000,2918,2935.5,2914,2929.5,58875,0
20250121,110000,2930,2932,2916,2919,23454,0
20250121,120000,2919,2919.5,2908,2908.5,29559,0
20250121,130000,2908,2920,2907,2914.5,18149,0
20250121,140000,2912.5,2916,2889.5,2892.5,70070,0
20250121,150000,2892,2900,2891,2899.5,32722,0
20250121,160000,2899.5,2911.5,2897.5,2909,57719,0
20250121,170000,2909,2931.5,2905,2930.5,48588,0
20250121,180000,2930.5,2943,2930.5,2937,49162,0
20250121,190000,2938,2943,2934,2937,14745,0
20250121,200000,2937.5,2944,2937,2941.5,14644,0
20250121,210000,2941.5,2942.5,2938.5,2941,3672,0
20250121,220000,2940,2944.5,2939.5,2943,4363,0
20250121,230000,2943.5,2951,2943,2948,9327,0
20250122,100000,2952.5,2954,2930,2933.5,81273,0
20250122,110000,2933,2950.5,2931.5,2948,30298,0
20250122,120000,2948,2961,2939.5,2958,32234,0
20250122,130000,2958,2964,2951,2955.5,25908,0
20250122,140000,2956.5,2973,2956.5,2968.5,40760,0
20250122,150000,2968.5,2970.5,2954,2955.5,34278,0
20250122,160000,2955.5,2964.5,2952.5,2960,21309,0
20250122,170000,2959.5,2973,2959.5,2967.5,40275,0
20250122,180000,2967.5,2980,2966,2977,39591,0
20250122,190000,2980,2988,2940,2948.5,104206,0
20250122,200000,2948,2950,2935,2948.5,31521,0
20250122,210000,2948,2950.5,2942,2950,9338,0
20250122,220000,2950,2956,2946,2949,9649,0
20250122,230000,2949.5,2950,2938.5,2942,5295,0
20250123,100000,2938,2948.5,2925.5,2947,70348,0
20250123,110000,2947.5,2950,2931.5,2940,32282,0
20250123,120000,2938.5,2939,2913.5,2923.5,62881,0
20250123,130000,2923.5,2938,2921.5,2930,45451,0
20250123,140000,2931,2943.5,2923,2941.5,33507,0
20250123,150000,2941.5,2944,2929,2932.5,28493,0
20250123,160000,2932.5,2941.5,2927,2938,36040,0
20250123,170000,2938,2939.5,2926.5,2932.5,24552,0
20250123,180000,2933,2937,2921,2926,23514,0
20250123,190000,2928.5,2935,2916,2931.5,35239,0
20250123,200000,2931.5,2960,2931.5,2945.5,53548,0
20250123,210000,2945.5,2949,2941.5,2942.5,8572,0
20250123,220000,2943,2946,2942,2944,4174,0
20250123,230000,2944,2964.5,2941.5,2964.5,18246,0
20250124,100000,2963,2963.5,2950,2956.5,65373,0
20250124,110000,2956.5,2964.5,2956,2961.5,32143,0
20250124,120000,2962,2971.5,2954.5,2965.5,35256,0
20250124,130000,2965.5,2970.5,2962,2965.5,18167,0
20250124,140000,2965.5,2975,2964,2974.5,18587,0
20250124,150000,2975,2976.5,2966.5,2972,19860,0
20250124,160000,2972,2973.5,2944,2947,57185,0
20250124,170000,2947,2960,2937.5,2951.5,57407,0
20250124,180000,2951,2962,2949.5,2957,19589,0
20250124,190000,2958,2962.5,2955.5,2960,14561,0
20250124,200000,2960,2962.5,2958,2958,6732,0
20250124,210000,2957.5,2961.5,2951.5,2961.5,18861,0
20250124,220000,2961.5,2964,2958,2962.5,6636,0
20250124,230000,2962.5,2964.5,2959,2962.5,7884,0
20250127,090000,2962.5,2964,2947.5,2952,16070,0
20250127,100000,2951.5,2952,2938.5,2943.5,52430,0
20250127,110000,2943.5,2944.5,2917.5,2918,72938,0
20250127,120000,2918,2928,2911.5,2927.5,50155,0
20250127,130000,2927.5,2933.5,2922,2927,22671,0
20250127,140000,2926,2926.5,2913,2916.5,23234,0
20250127,150000,2915.5,2929.5,2912.5,2928.5,23867,0
20250127,160000,2928.5,2928.5,2905,2906.5,42514,0
20250127,170000,2906.5,2910,2890.5,2896,75448,0
20250127,180000,2896,2902,2891.5,2892.5,33394,0
20250127,190000,2893.5,2900,2888,2896.5,29886,0
20250127,200000,2897,2897,2891,2894,6409,0
20250127,210000,2894,2894.5,2884.5,2888.5,21498,0
20250127,220000,2888.5,2897,2888,2895,7059,0
20250127,230000,2895,2898,2889,2890.5,7973,0
20250128,090000,2887,2902.5,2877,2892,35261,0
20250128,100000,2892.5,2898.5,2882.5,2892.5,56827,0
20250128,110000,2892,2899.5,2886.5,2888.5,22933,0
20250128,120000,2888,2888,2874.5,2884.5,45576,0
20250128,130000,2884.5,2901.5,2883,2894.5,59606,0
20250128,140000,2895,2925,2894,2914,71705,0
20250128,150000,2914,2928,2906,2924,50515,0
20250128,160000,2924,2932.5,2920,2925.5,53464,0
20250128,170000,2925.5,2931,2920,2929.5,35605,0
20250128,180000,2929.5,2939,2927.5,2935.5,37620,0
20250128,190000,2936,2943.5,2933.5,2941,29552,0
20250128,200000,2942,2942.5,2936.5,2939.5,13021,0
20250128,210000,2940,2944.5,2937,2943.5,9018,0
20250128,220000,2943.5,2949,2940,2944,13940,0
20250128,230000,2943.5,2943.5,2936,2936,3910,0
20250129,090000,2938,2943.5,2932,2937.5,16853,0
20250129,100000,2938,2943.5,2930.5,2935,31945,0
20250129,110000,2935,2953,2935,2950,34775,0
20250129,120000,2950,2960.5,2941.5,2955,24921,0
20250129,130000,2955.5,2962,2948.5,2953.5,21155,0
20250129,140000,2954,2958.5,2943,2944.5,22438,0
20250129,150000,2944.5,2952.5,2942.5,2943.5,18563,0
20250129,160000,2943.5,2948,2933.5,2933.5,31928,0
20250129,170000,2934,2949.5,2932,2948,22084,0
20250129,180000,2948.5,2953.5,2946,2949,14903,0
20250129,190000,2950,2962,2935.5,2942.5,40313,0
20250129,200000,2943,2946.5,2941,2944,6081,0
20250129,210000,2944,2945,2940,2943.5,3946,0
20250129,220000,2943.5,2945,2942.5,2943.5,2371,0
20250129,230000,2943,2944.5,2941.5,2943,3552,0
20250130,090000,2946.5,2952,2943,2952,8788,0
20250130,100000,2952,2957.5,2946,2954.5,39866,0
20250130,110000,2954.5,2960.5,2950.5,2952,58152,0
20250130,120000,2952,2954.5,2943,2949.5,59399,0
20250130,130000,2949.5,2957,2943,2953,23280,0
20250130,140000,2952.5,2960,2951,2954,21316,0
20250130,150000,2954,2959.5,2949,2955.5,22106,0
20250130,160000,2956.5,2964,2954,2959.5,28232,0
20250130,170000,2960.5,2968,2958,2968,25505,0
20250130,180000,2968,2970,2964,2966,17708,0
20250130,190000,2965,2971.5,2961,2970,17930,0
20250130,200000,2970.5,2973.5,2968.5,2971,8247,0
20250130,210000,2971.5,2973.5,2970.5,2973,3230,0
20250130,220000,2973,2974.5,2972,2973.5,4093,0
20250130,230000,2972.5,2974,2972,2974,6315,0
20250131,090000,2976.5,2985,2976,2982,17197,0
20250131,100000,2982.5,2991.5,2981,2989,44133,0
20250131,110000,2988.5,2997,2974,2975.5,56793,0
20250131,120000,2976,2983.5,2971,2981.5,33140,0
20250131,130000,2981,2984,2975.5,2978,17640,0
20250131,140000,2978.5,2987.5,2976.5,2983,17203,0
20250131,150000,2983.5,2987,2961.5,2963.5,37196,0
20250131,160000,2964.5,2969,2956,2958,64187,0
20250131,170000,2958,2964.5,2948,2952.5,62002,0
20250131,180000,2952.5,2955,2944.5,2950,30948,0
20250131,190000,2955,2966.5,2951,2964.5,25304,0
20250131,200000,2965,2966,2956.5,2957,9325,0
20250131,210000,2958,2963,2957,2960.5,4703,0
20250131,220000,2961,2964,2954,2956.5,7591,0
20250131,230000,2957,2957,2951.5,2955,10270,0
20250203,090000,2944.5,2952,2937,2938,24398,0
20250203,100000,2938.5,2946.5,2933.5,2945.5,43389,0
20250203,110000,2946,2948,2934,2937,23837,0
20250203,120000,2937,2939,2928,2939,46895,0
20250203,130000,2938,2944,2933,2939,27547,0
20250203,140000,2939,2940.5,2932,2934.5,15109,0
20250203,150000,2934.5,2936,2920,2924,38240,0
20250203,160000,2923.5,2933,2919,2930,34356,0
20250203,170000,2931,2931.5,2921,2924.5,19868,0
20250203,180000,2924,2927.5,2916.5,2923,25154,0
20250203,190000,2926.5,2937.5,2922,2936.5,18923,0
20250203,200000,2936,2944,2931.5,2944,12691,0
20250203,210000,2943.5,2946.5,2942,2944,11903,0
20250203,220000,2944,2950,2944,2949,8766,0
20250203,230000,2949,2950,2938,2938,14567,0
20250204,090000,2938,2949,2938,2947.5,10008,0
20250204,100000,2947.5,2953,2940,2947.5,31263,0
20250204,110000,2948.5,2949.5,2934,2936,24620,0
20250204,120000,2936,2939,2930.5,2932,19883,0
20250204,130000,2931.5,2939,2927.5,2930,20779,0
20250204,140000,2929.5,2935.5,2925.5,2930.5,18225,0
20250204,150000,2930,2933.5,2925,2930,16320,0
20250204,160000,2929.5,2931.5,2923,2926.5,17249,0
20250204,170000,2926.5,2927,2911.5,2920.5,57692,0
20250204,180000,2920,2928.5,2914.5,2916,36214,0
20250204,190000,2917.5,2925,2917,2920.5,15907,0
20250204,200000,2920,2922,2917,2917,8186,0
20250204,210000,2917,2917,2905,2907,27002,0
20250204,220000,2906.5,2912.5,2905,2908.5,15293,0
20250204,230000,2908.5,2911,2908,2911,7780,0
20250205,090000,2910.5,2917,2909.5,2913.5,11392,0
20250205,100000,2913.5,2921,2908,2917.5,38972,0
20250205,110000,2917.5,2920.5,2897,2899,74536,0
20250205,120000,2898.5,2925.5,2895,2923,64525,0
20250205,130000,2923,2925,2907,2914.5,36683,0
20250205,140000,2913.5,2920.5,2905,2911,18832,0
20250205,150000,2911,2920.5,2909.5,2913,22819,0
20250205,160000,2913.5,2916.5,2907.5,2914,18040,0
20250205,170000,2914,2934,2913,2931,36182,0
20250205,180000,2932,2939,2927.5,2930,41048,0
20250205,190000,2932,2959,2932,2956.5,63864,0
20250205,200000,2957.5,2959,2954.5,2958.5,12621,0
20250205,210000,2958,2963,2954,2961,9051,0
20250205,220000,2961.5,2965,2958.5,2959.5,14652,0
20250205,230000,2959.5,2962,2959,2959,3960,0
20250206,090000,2965,2965.5,2957.5,2962,14834,0
20250206,100000,2962,2975,2955,2971.5,65430,0
20250206,110000,2971.5,2973.5,2962,2963,32066,0
20250206,120000,2963,2972.5,2962,2967.5,17278,0
20250206,130000,2968,2968.5,2957,2960,19011,0
20250206,140000,2959.5,2966.5,2953.5,2958.5,24113,0
20250206,150000,2958.5,2971,2957,2967.5,28177,0
20250206,160000,2967,2972.5,2962,2969.5,23077,0
20250206,170000,2969.5,2989,2969.5,2980.5,61192,0
20250206,180000,2981,2983,2971.5,2976,28817,0
20250206,190000,2976.5,2980,2974.5,2976,9687,0
20250206,200000,2976.5,2978,2974.5,2976.5,3822,0
20250206,210000,2976.5,2981,2976.5,2980,5140,0
20250206,220000,2979.5,2980.5,2976.5,2976.5,3052,0
20250206,230000,2976.5,2978,2976,2976,2055,0
20250207,090000,2983.5,2987,2979.5,2985.5,15189,0
20250207,100000,2985.5,2988,2972,2986,53215,0
20250207,110000,2986,2987.5,2968,2968.5,36205,0
20250207,120000,2968.5,2973,2963.5,2968,32188,0
20250207,130000,2968.5,2980,2966,2976,23557,0
20250207,140000,2975.5,2976,2962.5,2969.5,22247,0
20250207,150000,2970,2974.5,2965.5,2967.5,16392,0
20250207,160000,2967.5,2976.5,2962.5,2971.5,23260,0
20250207,170000,2971.5,2972.5,2965,2965.5,18423,0
20250207,180000,2965.5,2969.5,2960.5,2968,17899,0
20250207,190000,2967.5,2969,2966,2967,6031,0
20250207,200000,2966.5,2976,2966.5,2972.5,11656,0
20250207,210000,2973.5,2976,2972.5,2973.5,2568,0
20250207,220000,2973.5,2974,2970.5,2972,1162,0
20250207,230000,2971.5,2973,2970,2973,3537,0
20250210,090000,2987.5,2996.5,2984.5,2995.5,33663,0
20250210,100000,2995.5,2999.5,2990.5,2994.5,48056,0
20250210,110000,2994.5,2995,2984,2984.5,24598,0
20250210,120000,2984.5,2993.5,2984,2992,15695,0
20250210,130000,2992,2997.5,2991,2995.5,17307,0
20250210,140000,2995,3013.5,2992.5,3012.5,76421,0
20250210,150000,3013,3013.5,3005.5,3008.5,22116,0
20250210,160000,3009,3019.5,3009,3019.5,36865,0
20250210,170000,3019,3020,3015,3017.5,16996,0
20250210,180000,3018,3023,3012,3014.5,26483,0
20250210,190000,3014.5,3023.5,3014.5,3021,12599,0
20250210,200000,3021,3024.5,3020.5,3022.5,5597,0
20250210,210000,3022.5,3025,3020,3022,9924,0
20250210,220000,3021.5,3024,2985.5,2990,70548,0
20250210,230000,2989.5,2996,2974.5,2986,46292,0
20250211,090000,2992,3004,2989,3002.5,28961,0
20250211,100000,3003,3005.5,2987,3003,56991,0
20250211,110000,3003,3004,2985,2988.5,46674,0
20250211,120000,2988.5,3002,2986,3001,40247,0
20250211,130000,3001,3017.5,2999.5,3012,48926,0
20250211,140000,3012,3019.5,3008,3009.5,17630,0
20250211,150000,3010,3015,3009.5,3013.5,10567,0
20250211,160000,3013.5,3018.5,3012.5,3015,16357,0
20250211,170000,3015.5,3021,3014.5,3019,16846,0
20250211,180000,3019.5,3020.5,3013.5,3016.5,11055,0
20250211,190000,3018,3022,3016,3017.5,6925,0
20250211,200000,3017.5,3018,3009.5,3016.5,10900,0
20250211,210000,3016,3028,3014,3026.5,14360,0
20250211,220000,3026.5,3030,3024,3028.5,16860,0
20250211,230000,3028.5,3029,3026,3027.5,4811,0
20250212,090000,3037,3044,3037,3043,28679,0
20250212,100000,3043,3050.5,3037.5,3048.5,35524,0
20250212,110000,3048.5,3054,3046,3053,31393,0
20250212,120000,3053,3059,3051,3052,35035,0
20250212,130000,3052,3056.5,3051,3053,15074,0
20250212,140000,3054,3061.5,3045.5,3048,50917,0
20250212,150000,3047,3049,3038,3038.5,36448,0
20250212,160000,3039,3052.5,3035,3048,25179,0
20250212,170000,3048.5,3052,3026.5,3028.5,39549,0
20250212,180000,3028,3047,3027.5,3047,25489,0
20250212,190000,3043,3071.5,3009,3071.5,95302,0
20250212,200000,3071.5,3168.5,3071.5,3144,284154,0
20250212,210000,3144,3177,3142.5,3177,131416,0
20250212,220000,3177,3177,3177,3177,4933,0
20250212,230000,3177,3177,3177,3177,1573,0
20250213,090000,3177,3177,3177,3177,8613,0
20250213,100000,3177,3252.5,3146.5,3187,241701,0
20250213,110000,3187,3218.5,3171.5,3214,93106,0
20250213,120000,3214.5,3235,3212,3227.5,79733,0
20250213,130000,3226.5,3250,3200,3209,86206,0
20250213,140000,3207,3222,3195,3197,51841,0
20250213,150000,3197,3222.5,3195.5,3219.5,28700,0
20250213,160000,3219.5,3229,3208,3211.5,22745,0
20250213,170000,3211.5,3226,3209,3223,13867,0
20250213,180000,3223,3229.5,3192.5,3210.5,41987,0
20250213,190000,3212,3227,3205,3218.5,23001,0
20250213,200000,3218.5,3225,3215.5,3222,11357,0
20250213,210000,3222,3224,3216.5,3219.5,6314,0
20250213,220000,3220.5,3249,3219,3248.5,20337,0
20250213,230000,3248.5,3267,3238,3267,31921,0
20250214,090000,3259,3294.5,3253.5,3273.5,58168,0
20250214,100000,3273,3285.5,3257,3279.5,64143,0
20250214,110000,3279.5,3293,3277,3279.5,53465,0
20250214,120000,3280,3287.5,3254,3281.5,62818,0
20250214,130000,3281.5,3286.5,3209,3220,231034,0
20250214,140000,3217,3248.5,3205.5,3229,96349,0
20250214,150000,3228.5,3257.5,3213.5,3217.5,74915,0
20250214,160000,3217,3221,3154,3170.5,176565,0
20250214,170000,3170,3198.5,3161.5,3179.5,99201,0
20250214,180000,3180,3197,3168,3191,44618,0
20250214,190000,3192.5,3220,3192,3210,44621,0
20250214,200000,3209,3212,3189.5,3190,20746,0
20250214,210000,3189.5,3205,3189.5,3203,9534,0
20250214,220000,3204,3208,3199,3201,9788,0
20250214,230000,3200.5,3211.5,3200.5,3210.5,7743,0
20250217,090000,3255,3273,3253,3267.5,42781,0
20250217,100000,3267.5,3269.5,3250,3264,51839,0
20250217,110000,3264,3269,3252,3258.5,35708,0
20250217,120000,3259,3281.5,3255.5,3278,49703,0
20250217,130000,3278.5,3290,3275,3280,55414,0
20250217,140000,3281,3284,3271,3274.5,37079,0
20250217,150000,3274.5,3310,3272.5,3295.5,59865,0
20250217,160000,3295.5,3306.5,3285.5,3299,44912,0
20250217,170000,3299,3310,3292.5,3305.5,52179,0
20250217,180000,3305.5,3324.5,3303,3319.5,69472,0
20250217,190000,3319.5,3333,3317.5,3320.5,35672,0
20250217,200000,3320,3327,3318,3326,14310,0
20250217,210000,3326.5,3336,3321,3333,16163,0
20250217,220000,3333,3348,3332,3341,40205,0
20250217,230000,3341,3363,3341,3357.5,26780,0
20250218,090000,3344,3344,3309,3316.5,74911,0
20250218,100000,3316.5,3332,3296,3331,116869,0
20250218,110000,3331,3331,3280.5,3283,107606,0
20250218,120000,3283,3317.5,3276.5,3306,108522,0
20250218,130000,3305,3324,3303,3311,56512,0
20250218,140000,3311,3349.5,3295,3339,108202,0
20250218,150000,3338,3348.5,3257,3276.5,252708,0
20250218,160000,3276,3308,3263,3280.5,100283,0
20250218,170000,3281,3291.5,3265.5,3269.5,50694,0
20250218,180000,3269,3273.5,3260.5,3264,49108,0
20250218,190000,3265,3282,3261.5,3275,33475,0
20250218,200000,3275,3277.5,3264.5,3266,12015,0
20250218,210000,3266.5,3268,3224,3243.5,58360,0
20250218,220000,3243,3253,3232,3248,27072,0
20250218,230000,3247.5,3262,3247,3260,11199,0
20250219,090000,3263,3288.5,3248.5,3278.5,57466,0
20250219,100000,3279,3283.5,3251,3252.5,45998,0
20250219,110000,3253.5,3259.5,3225.5,3238.5,87369,0
20250219,120000,3238,3253.5,3233,3244.5,40676,0
20250219,130000,3244,3273,3238,3259,60331,0
20250219,140000,3259.5,3271,3257.5,3263.5,27603,0
20250219,150000,3263.5,3276,3254.5,3268,58087,0
20250219,160000,3269.5,3282,3269.5,3275.5,35550,0
20250219,170000,3276.5,3295.5,3267,3293,64105,0
20250219,180000,3293,3297.5,3274.5,3285,43733,0
20250219,190000,3287,3325,3286.5,3311.5,94717,0
20250219,200000,3311,3323.5,3305.5,3317,28715,0
20250219,210000,3317.5,3325,3315.5,3317.5,21473,0
20250219,220000,3317.5,3322,3302,3306.5,27156,0
20250219,230000,3306.5,3313,3302.5,3310,13191,0
20250220,090000,3304,3321.5,3300,3304.5,30908,0
20250220,100000,3305,3312,3293,3297,46954,0
20250220,110000,3296.5,3302.5,3282.5,3294,36095,0
20250220,120000,3294,3318.5,3286,3316,59796,0
20250220,130000,3316,3318.5,3307,3307,26731,0
20250220,140000,3308,3316.5,3298.5,3313,30880,0
20250220,150000,3313,3329.5,3307.5,3325,50917,0
20250220,160000,3324,3339,3321.5,3329.5,65198,0
20250220,170000,3330.5,3338.5,3320.5,3330,44890,0
20250220,180000,3331,3333.5,3291,3298,71046,0
20250220,190000,3300.5,3314,3297.5,3303.5,36249,0
20250220,200000,3304,3305,3293,3304,22669,0
20250220,210000,3304.5,3312,3300,3310.5,19996,0
20250220,220000,3310,3313,3306.5,3310,9590,0
20250220,230000,3309.5,3312,3300,3310,14154,0
20250221,090000,3308.5,3320.5,3305,3320.5,25768,0
20250221,100000,3319,3322.5,3310.5,3320,46428,0
20250221,110000,3319.5,3326.5,3313.5,3320.5,25999,0
20250221,120000,3320.5,3326.5,3310.5,3311.5,31398,0
20250221,130000,3311.5,3317.5,3283,3287,74097,0
20250221,140000,3287,3289,3265,3285.5,95222,0
20250221,150000,3285,3285.5,3271.5,3276.5,39155,0
20250221,160000,3275.5,3289,3270,3278.5,58344,0
20250221,170000,3278.5,3299,3276.5,3292,49564,0
20250221,180000,3293,3296.5,3283,3295,33374,0
20250221,190000,3296.5,3310,3290.5,3295.5,39361,0
20250221,200000,3295.5,3302.5,3290,3300,16061,0
20250221,210000,3300.5,3303.5,3298.5,3302,7621,0
20250221,220000,3302,3306,3301.5,3303.5,15817,0
20250221,230000,3304,3323.5,3303.5,3319,24141,0
20250224,090000,3317,3326.5,3311,3322,39763,0
20250224,100000,3322,3330,3304.5,3305.5,70950,0
20250224,110000,3305.5,3318,3301,3306,37293,0
20250224,120000,3306,3313,3302,3308,20167,0
20250224,130000,3309,3314,3302,3306,25515,0
20250224,140000,3306.5,3312,3303.5,3306,15704,0
20250224,150000,3306.5,3309,3291.5,3292.5,33795,0
20250224,160000,3293,3296.5,3285.5,3294,30229,0
20250224,170000,3294,3307.5,3292,3303,30697,0
20250224,180000,3304,3325.5,3300.5,3323.5,46691,0
20250224,190000,3323.5,3327,3315,3315.5,32116,0
20250224,200000,3316.5,3343,3315,3340,44504,0
20250224,210000,3341,3357.5,3336,3348.5,48742,0
20250224,220000,3349,3351.5,3342,3347.5,13709,0
20250224,230000,3347,3373.5,3344.5,3365,32295,0
20250225,090000,3370,3384,3363.5,3376.5,44495,0
20250225,100000,3376.5,3384,3362.5,3371,79308,0
20250225,110000,3370.5,3379,3361.5,3362,64772,0
20250225,120000,3362,3372,3361,3366.5,28280,0
20250225,130000,3366.5,3370.5,3352,3357,40199,0
20250225,140000,3356.5,3373,3354.5,3368.5,30772,0
20250225,150000,3368.5,3381,3358,3361,35368,0
20250225,160000,3361,3368.5,3361,3362.5,16607,0
20250225,170000,3363,3364.5,3355,3360.5,19489,0
20250225,180000,3359.5,3360.5,3337,3338.5,42712,0
20250225,190000,3341,3351.5,3337,3344.5,44507,0
20250225,200000,3344,3350,3341.5,3347,10202,0
20250225,210000,3348,3357.5,3348,3357.5,14570,0
20250225,220000,3357,3375,3357,3369,26897,0
20250225,230000,3368.5,3369,3348,3355,18209,0
20250226,090000,3361,3368,3346.5,3347.5,31995,0
20250226,100000,3346.5,3351,3327,3346,77576,0
20250226,110000,3347,3349,3330,3338.5,45962,0
20250226,120000,3337,3341,3315,3321,63526,0
20250226,130000,3320.5,3326,3275.5,3282.5,129562,0
20250226,140000,3287,3303,3271,3290,94414,0
20250226,150000,3290,3297.5,3250,3256.5,103987,0
20250226,160000,3256,3270.5,3239,3266.5,97797,0
20250226,170000,3267,3282,3256.5,3281.5,57484,0
20250226,180000,3281,3283.5,3270,3276.5,51927,0
20250226,190000,3274,3274,3226,3261,130013,0
20250226,200000,3261.5,3277,3240,3245.5,51606,0
20250226,210000,3245.5,3264,3245.5,3253,48216,0
20250226,220000,3252,3256,3240,3248.5,30934,0
20250226,230000,3249.5,3258,3248.5,3252.5,9009,0
20250227,090000,3234.5,3263.5,3230.5,3253,73896,0
20250227,100000,3253.5,3272.5,3238.5,3245,83759,0
20250227,110000,3245.5,3251.5,3218,3233,89539,0
20250227,120000,3233,3247.5,3205.5,3208.5,94059,0
20250227,130000,3208.5,3231,3201,3227,73314,0
20250227,140000,3225.5,3229.5,3212.5,3215,54322,0
20250227,150000,3215,3268,3213.5,3251.5,114436,0
20250227,160000,3252,3270,3233.5,3246.5,80398,0
20250227,170000,3246,3255,3238,3245.5,28948,0
20250227,180000,3245,3251.5,3233.5,3238,26383,0
20250227,190000,3241,3241.5,3201,3228.5,122405,0
20250227,200000,3228,3232.5,3206,3212.5,51195,0
20250227,210000,3212.5,3221.5,3196,3213,51784,0
20250227,220000,3212.5,3217.5,3196,3203,22418,0
20250227,230000,3203.5,3203.5,3187,3195,18424,0
20250228,090000,3196,3215.5,3196,3210,41623,0
20250228,100000,3209.5,3220.5,3161,3169.5,211595,0
20250228,110000,3168.5,3179.5,3156,3177.5,114070,0
20250228,120000,3178,3182,3160,3160.5,66294,0
20250228,130000,3160.5,3183,3160,3180.5,49146,0
20250228,140000,3181.5,3195,3174.5,3183.5,66833,0
20250228,150000,3183.5,3186.5,3161.5,3170,63192,0
20250228,160000,3170,3188,3166,3177.5,51519,0
20250228,170000,3177.5,3199,3168.5,3194,76976,0
20250228,180000,3195,3213,3193.5,3205.5,48190,0
20250228,190000,3206.5,3241,3201,3234.5,103744,0
20250228,200000,3235.5,3259,3222,3249,108191,0
20250228,210000,3249,3264.5,3182.5,3221.5,288980,0
20250228,220000,3221.5,3240.5,3203,3237.5,51347,0
20250228,230000,3237,3250,3232.5,3244.5,35725,0
20250303,090000,3212,3212.5,3183,3192,85701,0
20250303,100000,3193,3193,3151,3159.5,116378,0
20250303,110000,3159,3173.5,3138,3152,120094,0
20250303,120000,3150.5,3154.5,3132,3144,79698,0
20250303,130000,3143,3153,3130.5,3146.5,61775,0
20250303,140000,3147,3161,3134,3158.5,72605,0
20250303,150000,3157,3159.5,3140.5,3151,50853,0
20250303,160000,3150.5,3176,3149,3172,57770,0
20250303,170000,3172,3175,3151,3154,55527,0
20250303,180000,3154,3161.5,3148,3153.5,30637,0
20250303,190000,3153.5,3174,3135.5,3160,111891,0
20250303,200000,3161,3177,3156,3172,45814,0
20250303,210000,3172.5,3177,3141.5,3149,36169,0
20250303,220000,3150,3213,3145,3207.5,159695,0
20250303,230000,3207.5,3208.5,3181.5,3187,46377,0
20250304,090000,3208,3224.5,3203.5,3212,77365,0
20250304,100000,3212,3246,3198.5,3239.5,125442,0
20250304,110000,3240.5,3250,3228.5,3246,56037,0
20250304,120000,3246,3249,3236,3239,35402,0
20250304,130000,3238.5,3242,3225.5,3232.5,30092,0
20250304,140000,3232.5,3248,3228.5,3238.5,59595,0
20250304,150000,3238,3240.5,3224,3229.5,56126,0
20250304,160000,3230,3246.5,3225.5,3241.5,39446,0
20250304,170000,3241.5,3242,3230,3236.5,26104,0
20250304,180000,3237,3277,3235.5,3260.5,61569,0
20250304,190000,3271.5,3318,3269.5,3296.5,168071,0
20250304,200000,3296.5,3299,3290.5,3297,25395,0
20250304,210000,3297,3302,3287.5,3293.5,23238,0
20250304,220000,3294,3307.5,3293.5,3299,34606,0
20250304,230000,3299.5,3301,3293,3293,9178,0
20250305,090000,3269,3273,3253,3260.5,75118,0
20250305,100000,3260,3266,3246,3249,71176,0
20250305,110000,3249,3284,3247,3284,66414,0
20250305,120000,3283,3298,3277,3287,67416,0
20250305,130000,3286.5,3289.5,3274.5,3276.5,27536,0
20250305,140000,3276.5,3280.5,3258.5,3273,45597,0
20250305,150000,3273,3281,3250,3258.5,62904,0
20250305,160000,3258.5,3272,3253,3269,35005,0
20250305,170000,3268.5,3278,3261,3265,28922,0
20250305,180000,3266,3284.5,3265.5,3273,59416,0
20250305,190000,3274,3300,3267,3277,90010,0
20250305,200000,3277.5,3283.5,3271.5,3275,17961,0
20250305,210000,3274.5,3275,3254.5,3267,34060,0
20250305,220000,3265.5,3269,3213,3226.5,129288,0
20250305,230000,3226,3234.5,3213,3219,31329,0
20250306,090000,3240.5,3243,3224,3236.5,52916,0
20250306,100000,3236.5,3239.5,3221.5,3234,54588,0
20250306,110000,3234,3234.5,3206.5,3222.5,57803,0
20250306,120000,3222.5,3226,3209.5,3212,37553,0
20250306,130000,3212,3213,3195,3201,52915,0
20250306,140000,3201,3216.5,3195.5,3199,42375,0
20250306,150000,3199.5,3214.5,3194.5,3211.5,46831,0
20250306,160000,3212,3239.5,3203.5,3231.5,82294,0
20250306,170000,3232.5,3244,3220.5,3230,61379,0
20250306,180000,3229,3231,3204,3207,57770,0
20250306,190000,3209.5,3226,3205,3217,41983,0
20250306,200000,3217,3233.5,3208.5,3225.5,45999,0
20250306,210000,3225.5,3229,3213.5,3222,24783,0
20250306,220000,3223,3224,3209,3217.5,26045,0
20250306,230000,3217.5,3220.5,3211,3215,20177,0
20250307,090000,3236,3237.5,3227.5,3232.5,36452,0
20250307,100000,3233,3247.5,3226,3241,68065,0
20250307,110000,3241,3257.5,3240,3254.5,46997,0
20250307,120000,3255,3255.5,3237.5,3239,37646,0
20250307,130000,3239,3251.5,3238,3243.5,23016,0
20250307,140000,3245,3252,3235.5,3242.5,38715,0
20250307,150000,3243,3251.5,3237.5,3238.5,31594,0
20250307,160000,3238,3248.5,3237.5,3247.5,22022,0
20250307,170000,3248,3249,3163.5,3184,257329,0
20250307,180000,3184,3188.5,3160,3172.5,73387,0
20250307,190000,3175,3203,3175,3194.5,92954,0
20250307,200000,3194,3225.5,3188.5,3219.5,104281,0
20250307,210000,3220,3221,3204.5,3213,33855,0
20250307,220000,3212.5,3222.5,3206.5,3218.5,26681,0
20250307,230000,3219,3223,3209,3212,14460,0
20250310,090000,3224,3234,3219.5,3229.5,47925,0
20250310,100000,3229.5,3232,3210.5,3211,51468,0
20250310,110000,3210.5,3214.5,3200,3206.5,45409,0
20250310,120000,3207,3214,3200,3214,27022,0
20250310,130000,3214,3225,3208,3220,45311,0
20250310,140000,3222,3229.5,3219.5,3227,32927,0
20250310,150000,3227,3228.5,3218,3223,20163,0
20250310,160000,3222.5,3236.5,3219.5,3221,52861,0
20250310,170000,3221.5,3228.5,3207.5,3209,40110,0
20250310,180000,3208.5,3214.5,3205.5,3212,22947,0
20250310,190000,3213.5,3217.5,3206,3211.5,23986,0
20250310,200000,3211.5,3213,3190.5,3197.5,39113,0
20250310,210000,3196.5,3207,3194,3202.5,24894,0
20250310,220000,3202,3203.5,3197,3199,7504,0
20250310,230000,3199.5,3206.5,3199,3205.5,4712,0
20250311,090000,3200.5,3204,3192.5,3197,16861,0
20250311,100000,3196,3210.5,3182.5,3206,67795,0
20250311,110000,3206.5,3220,3205.5,3209.5,44334,0
20250311,120000,3209.5,3214,3202.5,3209,19837,0
20250311,130000,3209.5,3217.5,3205,3211,25810,0
20250311,140000,3209.5,3211,3192.5,3194,33850,0
20250311,150000,3193.5,3207.5,3190,3203,38513,0
20250311,160000,3203,3214.5,3199.5,3207.5,25910,0
20250311,170000,3208,3223.5,3202,3207,59158,0
20250311,180000,3207,3210.5,3199,3202,25283,0
20250311,190000,3205,3227,3201,3226.5,39466,0
20250311,200000,3226.5,3237.5,3217,3220,56946,0
20250311,210000,3220,3233.5,3190,3199,139431,0
20250311,220000,3199.5,3207,3190,3205,47029,0
20250311,230000,3204.5,3215,3204.5,3207.5,21231,0
20250312,090000,3194.5,3203,3191,3195.5,27874,0
20250312,100000,3195.5,3203.5,3172,3178,65065,0
20250312,110000,3176.5,3180,3166.5,3171,43592,0
20250312,120000,3171,3188,3168.5,3183,48150,0
20250312,130000,3183,3188,3172.5,3176.5,20867,0
20250312,140000,3177.5,3189.5,3170.5,3187.5,25206,0
20250312,150000,3187.5,3198,3182.5,3193.5,28018,0
20250312,160000,3193.5,3201.5,3184,3185,29579,0
20250312,170000,3185.5,3190,3181,3184.5,23189,0
20250312,180000,3184.5,3189.5,3180,3188,19576,0
20250312,190000,3189.5,3200,3183,3185.5,54737,0
20250312,200000,3185,3195.5,3177,3192.5,21841,0
20250312,210000,3193.5,3198.5,3186.5,3188,17973,0
20250312,220000,3187.5,3191,3185.5,3186,5476,0
20250312,230000,3185.5,3191,3184.5,3191,4261,0
20250313,090000,3173.5,3177,3150.5,3156,62013,0
20250313,100000,3156.5,3162,3139,3148.5,69999,0
20250313,110000,3148.5,3154.5,3133.5,3135,48551,0
20250313,120000,3134.5,3161,3131,3158.5,60873,0
20250313,130000,3158.5,3167.5,3139,3143,62850,0
20250313,140000,3145.5,3149.5,3122.5,3122.5,60967,0
20250313,150000,3122.5,3138.5,3105.5,3113,115786,0
20250313,160000,3112,3140,3108.5,3124.5,80539,0
20250313,170000,3125,3134.5,3118.5,3123,38406,0
20250313,180000,3123,3190,3114,3173.5,131487,0
20250313,190000,3190.5,3260,3185,3204,261616,0
20250313,200000,3204,3214,3168,3189.5,89734,0
20250313,210000,3189.5,3204.5,3183,3199,33528,0
20250313,220000,3199,3205.5,3192,3193.5,17766,0
20250313,230000,3193,3195,3173,3176.5,25563,0
20250314,090000,3163,3173.5,3157,3171.5,32155,0
20250314,100000,3171,3179,3159.5,3159.5,65071,0
20250314,110000,3160,3169.5,3139,3139.5,61207,0
20250314,120000,3139.5,3163,3138.5,3154,43943,0
20250314,130000,3154.5,3166.5,3153.5,3163.5,23824,0
20250314,140000,3164.5,3177,3161.5,3166,24526,0
20250314,150000,3167,3180,3164.5,3175,25067,0
20250314,160000,3175,3207,3172.5,3206.5,123685,0
20250314,170000,3207,3207,3188.5,3198.5,44874,0
20250314,180000,3198.5,3204,3192.5,3200,23792,0
20250314,190000,3202,3217.5,3200,3214,66724,0
20250314,200000,3214,3215,3203.5,3212.5,17802,0
20250314,210000,3212,3212.5,3202.5,3206.5,11769,0
20250314,220000,3206.5,3209,3203,3207,12642,0
20250314,230000,3206.5,3211,3204.5,3206.5,15628,0
20250317,090000,3253,3261.5,3243.5,3259,62193,0
20250317,100000,3258.5,3260,3243,3256,44341,0
20250317,110000,3256,3263,3252,3261.5,33259,0
20250317,120000,3261.5,3264.5,3254,3257,31591,0
20250317,130000,3257.5,3260,3248,3253.5,36300,0
20250317,140000,3253.5,3261,3217.5,3236,106702,0
20250317,150000,3237,3253.5,3236,3248,64990,0
20250317,160000,3247.5,3257,3245.5,3253,20776,0
20250317,170000,3253,3258,3247,3251,17931,0
20250317,180000,3250.5,3255.5,3248.5,3252.5,20575,0
20250317,190000,3255,3264,3252.5,3255,34816,0
20250317,200000,3254.5,3256.5,3250,3250.5,15916,0
20250317,210000,3250.5,3256.5,3249,3254.5,18151,0
20250317,220000,3254.5,3259.5,3252,3257,10234,0
20250317,230000,3257,3259,3254.5,3257.5,5052,0
20250318,090000,3267.5,3277,3267.5,3272.5,20339,0
20250318,100000,3272.5,3273.5,3259,3264.5,26085,0
20250318,110000,3263.5,3265,3255.5,3257.5,32051,0
20250318,120000,3258,3266,3257.5,3260.5,20331,0
20250318,130000,3260,3264.5,3259,3263.5,14412,0
20250318,140000,3263.5,3268,3261.5,3266.5,16827,0
20250318,150000,3266,3269,3260,3265.5,36377,0
20250318,160000,3266,3279,3262,3271.5,36477,0
20250318,170000,3272.5,3286,3270,3284.5,39441,0
20250318,180000,3284.5,3295.5,3233,3268,188436,0
20250318,190000,3270,3292,3230,3272,202531,0
20250318,200000,3273,3277.5,3190,3229,193579,0
20250318,210000,3229,3246,3223,3244,31967,0
20250318,220000,3243.5,3243.5,3223.5,3223.5,17291,0
20250318,230000,3223.5,3228.5,3214,3218,18608,0
20250319,090000,3223.5,3230,3220,3226,17404,0
20250319,100000,3226.5,3226.5,3201,3211,66976,0
20250319,110000,3210.5,3228,3201.5,3223,46690,0
20250319,120000,3222,3222.5,3215.5,3219,20131,0
20250319,130000,3218.5,3225,3208,3211.5,24840,0
20250319,140000,3212,3231.5,3210,3228,27946,0
20250319,150000,3228,3246,3224.5,3245.5,40919,0
20250319,160000,3246,3247.5,3236.5,3244.5,32333,0
20250319,170000,3244.5,3249.5,3236,3242,29459,0
20250319,180000,3242.5,3247,3237,3247,19641,0
20250319,190000,3247.5,3264,3247,3254.5,55877,0
20250319,200000,3254.5,3256.5,3240.5,3244,15415,0
20250319,210000,3245,3250.5,3242,3245,13081,0
20250319,220000,3245,3252,3244.5,3252,7897,0
20250319,230000,3252,3254,3244,3249,7115,0
20250320,090000,3253,3256.5,3244.5,3254.5,21084,0
20250320,100000,3255.5,3256,3233,3239,31475,0
20250320,110000,3238.5,3243,3230.5,3239,24627,0
20250320,120000,3238.5,3246.5,3237,3241.5,19006,0
20250320,130000,3241.5,3241.5,3227.5,3232,31962,0
20250320,140000,3233.5,3237.5,3223,3226,39081,0
20250320,150000,3226,3241,3210.5,3219,139607,0
20250320,160000,3219,3242,3217.5,3234.5,61041,0
20250320,170000,3234.5,3246,3233,3245,50768,0
20250320,180000,3245,3247.5,3235,3236.5,40093,0
20250320,190000,3238.5,3248,3237,3241.5,28466,0
20250320,200000,3242.5,3243.5,3238.5,3239,6346,0
20250320,210000,3239.5,3245,3237.5,3244.5,6836,0
20250320,220000,3244,3252.5,3243.5,3248.5,19470,0
20250320,230000,3248.5,3248.5,3240,3241.5,12620,0
20250321,090000,3238.5,3243.5,3233.5,3237.5,22616,0
20250321,100000,3237,3245,3234,3241,39175,0
20250321,110000,3240.5,3247.5,3239,3244.5,58453,0
20250321,120000,3245.5,3249,3241,3249,17630,0
20250321,130000,3248,3252.5,3220,3229.5,114268,0
20250321,140000,3228,3233.5,3222.5,3224.5,32514,0
20250321,150000,3223.5,3233,3207,3214.5,83485,0
20250321,160000,3214.5,3221,3203,3203.5,51356,0
20250321,170000,3204,3213.5,3194.5,3200,63950,0
20250321,180000,3199.5,3206,3197.5,3198,31416,0
20250321,190000,3199.5,3217,3198,3211,40640,0
20250321,200000,3211.5,3214,3207.5,3212,13250,0
20250321,210000,3212,3213.5,3208,3211,7333,0
20250321,220000,3210.5,3213.5,3208,3213,9031,0
20250321,230000,3213,3221.5,3211.5,3217.5,7888,0
20250324,090000,3207.5,3212,3204,3205.5,16736,0
20250324,100000,3205.5,3208.5,3188.5,3192,41005,0
20250324,110000,3192,3198.5,3186,3191,26481,0
20250324,120000,3189.5,3201.5,3187,3191,18704,0
20250324,130000,3191.5,3192.5,3178.5,3186.5,30739,0
20250324,140000,3184.5,3193,3182.5,3184,20888,0
20250324,150000,3185,3190,3183.5,3185.5,21070,0
20250324,160000,3185.5,3189,3180,3180.5,25096,0
20250324,170000,3181,3187.5,3176.5,3185,16193,0
20250324,180000,3185.5,3189.5,3180.5,3185.5,21025,0
20250324,190000,3187,3193.5,3183,3187,25386,0
20250324,200000,3186.5,3196,3185.5,3193.5,13581,0
20250324,210000,3193,3193.5,3155,3173,116534,0
20250324,220000,3172,3177,3164.5,3172.5,27023,0
20250324,230000,3172,3179.5,3170.5,3179.5,9375,0
20250325,090000,3188.5,3200,3186,3192,26230,0
20250325,100000,3193,3194,3184,3184.5,21041,0
20250325,110000,3185,3200.5,3184.5,3188.5,32208,0
20250325,120000,3188,3189.5,3151.5,3154,91951,0
20250325,130000,3153.5,3160,3151,3157.5,62531,0
20250325,140000,3158,3160,3152.5,3158.5,12029,0
20250325,150000,3158.5,3160,3150,3154.5,55364,0
20250325,160000,3154,3157,3143,3149,43167,0
20250325,170000,3149,3159,3126,3158.5,113348,0
20250325,180000,3158.5,3175,3151,3167,61032,0
20250325,190000,3168,3193,3168,3190.5,50442,0
20250325,200000,3190,3192.5,3182.5,3192.5,19704,0
20250325,210000,3192.5,3199,3192,3197.5,20070,0
20250325,220000,3197.5,3199.5,3195.5,3197,7580,0
20250325,230000,3197.5,3199,3193.5,3195.5,6580,0
20250326,090000,3199,3204.5,3196,3203.5,21676,0
20250326,100000,3203,3203.5,3181.5,3186,43044,0
20250326,110000,3185.5,3190,3180.5,3182.5,15063,0
20250326,120000,3184,3194,3178,3192.5,20676,0
20250326,130000,3193,3195,3178,3181.5,17546,0
20250326,140000,3181,3184.5,3168.5,3171.5,23974,0
20250326,150000,3171.5,3179,3165.5,3169.5,17591,0
20250326,160000,3169,3172.5,3158.5,3163,38435,0
20250326,170000,3163,3168,3151,3156,34678,0
20250326,180000,3154.5,3157.5,3148.5,3150.5,25234,0
20250326,190000,3150,3155,3132.5,3137,58972,0
20250326,200000,3137,3151.5,3135.5,3141.5,28908,0
20250326,210000,3141,3146.5,3139,3142,9509,0
20250326,220000,3141,3150.5,3140.5,3149.5,14426,0
20250326,230000,3149.5,3150.5,3142,3144.5,6602,0
20250327,090000,3133,3138.5,3122.5,3126.5,34331,0
20250327,100000,3127,3130,3111.5,3123,71785,0
20250327,110000,3123,3126,3111,3112,35492,0
20250327,120000,3112,3123,3108,3114,47232,0
20250327,130000,3114.5,3121,3112.5,3118,22299,0
20250327,140000,3118,3131.5,3117.5,3117.5,34384,0
20250327,150000,3118,3120.5,3086,3087.5,107487,0
20250327,160000,3087.5,3097.5,3077,3090,103591,0
20250327,170000,3089.5,3101,3078,3085.5,55424,0
20250327,180000,3085,3090,3077.5,3079.5,38341,0
20250327,190000,3080,3090,3077,3088.5,26944,0
20250327,200000,3088.5,3097,3085.5,3086,17962,0
20250327,210000,3086.5,3087,3074,3075.5,18576,0
20250327,220000,3075,3080.5,3068.5,3078.5,19988,0
20250327,230000,3078.5,3079,3064.5,3067,14537,0
20250328,090000,3048,3065,3044,3055,53114,0
20250328,100000,3055.5,3087,3054.5,3081,69202,0
20250328,110000,3081.5,3086,3060,3062,61574,0
20250328,120000,3062,3068,3039,3046.5,87850,0
20250328,130000,3046.5,3055,3036,3040,61275,0
20250328,140000,3040,3040.5,3013,3015.5,93529,0
20250328,150000,3015,3028.5,3008,3018,102099,0
20250328,160000,3018,3031.5,3009,3019.5,65016,0
20250328,170000,3019,3035,3016,3021.5,58780,0
20250328,180000,3022,3036,3018.5,3030.5,43519,0
20250328,190000,3031,3036.5,3018.5,3023,35871,0
20250328,200000,3023.5,3024.5,3014.5,3017,20887,0
20250328,210000,3017,3021,3008.5,3014.5,22944,0
20250328,220000,3014,3022,3012,3020.5,17327,0
20250328,230000,3020,3020.5,3012.5,3013.5,17176,0
20250331,090000,3002.5,3024,2998.5,3016.5,90274,0
20250331,100000,3016,3034,2990,2991,135489,0
20250331,110000,2991,3011,2975,2983.5,105148,0
20250331,120000,2983,3007.5,2983,3005,53059,0
20250331,130000,3004.5,3020.5,3002,3012.5,60459,0
20250331,140000,3012.5,3025,3008,3015,36281,0
20250331,150000,3015.5,3017.5,2997.5,3008,37279,0
20250331,160000,3008,3020,3000.5,3011,32816,0
20250331,170000,3011,3023.5,3003.5,3020.5,31304,0
20250331,180000,3020.5,3028.5,3015.5,3017.5,39079,0
20250331,190000,3019,3023,3011,3017.5,21081,0
20250331,200000,3017,3022,3014,3015.5,9547,0
20250331,210000,3016,3017,3011,3015,7463,0
20250331,220000,3015,3016,3009,3014,6236,0
20250331,230000,3014.5,3015.5,3011,3015,5238,0
20250401,090000,3035.5,3038,3028,3035,37267,0
20250401,100000,3035,3043,3026,3033.5,47581,0
20250401,110000,3034,3037.5,3025.5,3033,13972,0
20250401,120000,3032.5,3045,3028.5,3039,35747,0
20250401,130000,3039,3039,3018,3022,33126,0
20250401,140000,3022,3023,2984,2991,73925,0
20250401,150000,2990.5,2998.5,2968,2982,103281,0
20250401,160000,2982,2985.5,2955,2971.5,74350,0
20250401,170000,2971.5,3004.5,2965.5,2994.5,135827,0
20250401,180000,2994.5,2996.5,2962,2966.5,50573,0
20250401,190000,2970,2977,2946,2957,55868,0
20250401,200000,2957.5,2967,2942,2947.5,49847,0
20250401,210000,2947,2955.5,2930,2936,64525,0
20250401,220000,2936.5,2940,2921,2925,58772,0
20250401,230000,2925.5,2928,2917.5,2920,28112,0
20250402,090000,2926,2935.5,2916,2926,45945,0
20250402,100000,2927,2949.5,2922,2935.5,76167,0
20250402,110000,2937,2942.5,2922.5,2925.5,39626,0
20250402,120000,2926,2952,2924.5,2948,51090,0
20250402,130000,2947.5,2956,2936.5,2949.5,31981,0
20250402,140000,2949,2955.5,2924,2942,94126,0
20250402,150000,2941.5,2948,2935,2943,27830,0
20250402,160000,2943,2961,2924.5,2927.5,83478,0
20250402,170000,2927,2955,2924.5,2938.5,54618,0
20250402,180000,2938.5,2944,2930,2930.5,40078,0
20250402,190000,2930.5,2947,2911.5,2939,125912,0
20250402,200000,2939.5,2955,2938,2954,35398,0
20250402,210000,2954,2972,2948.5,2964,47472,0
20250402,220000,2964.5,2975,2964,2971.5,24036,0
20250402,230000,2972,2974.5,2930,2960,27403,0
20250403,090000,2975,2975,2954,2965,50640,0
20250403,100000,2965,2967,2946.5,2955,53110,0
20250403,110000,2954.5,2972.5,2954.5,2966.5,33653,0
20250403,120000,2967,2980,2952,2973,46628,0
20250403,130000,2973.5,2978,2957.5,2964,33516,0
20250403,140000,2964.5,2964.5,2932,2942,97295,0
20250403,150000,2941,2944,2928,2930,43737,0
20250403,160000,2929.5,2932.5,2897.5,2908,130073,0
20250403,170000,2907.5,2908.5,2878.5,2883,101751,0
20250403,180000,2883.5,2884.5,2856.5,2866.5,115052,0
20250403,190000,2866.5,2885,2851.5,2882.5,107731,0
20250403,200000,2881.5,2886.5,2866,2875.5,42123,0
20250403,210000,2875.5,2884,2867.5,2882.5,19086,0
20250403,220000,2882,2885,2876,2882,19188,0
20250403,230000,2882.5,2902,2877.5,2902,21680,0
20250404,090000,2901.5,2908.5,2885,2894.5,61343,0
20250404,100000,2895,2906,2880.5,2900,61405,0
20250404,110000,2899.5,2900,2865.5,2871,67604,0
20250404,120000,2871,2879,2852,2856,65871,0
20250404,130000,2856,2864,2805.5,2810,145473,0
20250404,140000,2811.5,2826,2793.5,2817,157888,0
20250404,150000,2817,2837,2802,2818.5,90294,0
20250404,160000,2818,2837,2804,2811.5,87320,0
20250404,170000,2812,2825,2782.5,2786.5,133378,0
20250404,180000,2786,2822,2785,2795,98574,0
20250404,190000,2798,2800,2766.5,2767.5,96355,0
20250404,200000,2768,2778.5,2759,2770,101451,0
20250404,210000,2769.5,2785,2762,2776,47104,0
20250404,220000,2775.5,2782.5,2771,2772.5,27073,0
20250404,230000,2772.5,2772.5,2752.5,2755,31292,0
20250407,090000,2683.5,2699,2643,2660,186493,0
20250407,100000,2659.5,2725.5,2652.5,2722.5,264487,0
20250407,110000,2721.5,2735,2695,2699.5,139224,0
20250407,120000,2699.5,2713.5,2667.5,2668,118829,0
20250407,130000,2668,2716,2661.5,2710,151751,0
20250407,140000,2710,2727,2693,2702,108786,0
20250407,150000,2702,2712.5,2681.5,2707,102515,0
20250407,160000,2707,2742.5,2687,2740,183568,0
20250407,170000,2739,2797,2718.5,2747,321421,0
20250407,180000,2747,2766.5,2712.5,2733,128837,0
20250407,190000,2734,2737,2706.5,2733,72809,0
20250407,200000,2734,2750,2727,2747.5,39572,0
20250407,210000,2748,2751.5,2733,2734,25583,0
20250407,220000,2733.5,2736.5,2719,2730,36472,0
20250407,230000,2730,2740,2725,2738,10060,0
20250408,090000,2770,2781.5,2758,2780.5,60640,0
20250408,100000,2780.5,2783,2747,2758,87088,0
20250408,110000,2758,2766.5,2748,2751,38523,0
20250408,120000,2751,2758.5,2734.5,2746,63144,0
20250408,130000,2745.5,2760,2731,2754.5,55398,0
20250408,140000,2754.5,2777,2753,2774,58220,0
20250408,150000,2774.5,2778,2760.5,2776.5,35296,0
20250408,160000,2776.5,2785,2763.5,2770.5,52499,0
20250408,170000,2770.5,2776,2756.5,2759,34859,0
20250408,180000,2759.5,2764,2740,2751,39408,0
20250408,190000,2752,2758.5,2692,2692.5,100900,0
20250408,200000,2693,2729.5,2692,2719.5,116282,0
20250408,210000,2719,2719,2704,2705.5,38545,0
20250408,220000,2705.5,2707,2666,2685.5,91742,0
20250408,230000,2687.5,2687.5,2671.5,2672.5,20255,0
20250409,090000,2673.5,2698.5,2670,2695,44123,0
20250409,100000,2695,2713,2676,2693,97239,0
20250409,110000,2692.5,2705,2679,2685.5,54310,0
20250409,120000,2687,2694,2652.5,2659,77098,0
20250409,130000,2658.5,2659.5,2631,2642,119771,0
20250409,140000,2640.5,2640.5,2603,2620,158373,0
20250409,150000,2619.5,2646,2618,2643.5,90594,0
20250409,160000,2644,2676.5,2635.5,2667.5,166137,0
20250409,170000,2667.5,2678,2630.5,2632.5,123005,0
20250409,180000,2632,2660.5,2628,2639.5,59401,0
20250409,190000,2650,2693.5,2640,2688,94483,0
20250409,200000,2687.5,2780,2674,2773.5,279400,0
20250409,210000,2774,2783,2749.5,2750,118326,0
20250409,220000,2750,2775,2749.5,2771,53534,0
20250409,230000,2770,2783,2770,2783,19058,0
20250410,090000,2782,2783,2765,2783,46258,0
20250410,100000,2783,2814,2755,2763,96263,0
20250410,110000,2763.5,2775,2750.5,2751,48988,0
20250410,120000,2751,2777,2748,2766.5,44778,0
20250410,130000,2766.5,2782,2762,2768.5,39977,0
20250410,140000,2766,2777,2753,2767,61081,0
20250410,150000,2768,2804.5,2766.5,2786,95939,0
20250410,160000,2786.5,2800.5,2760,2761,73629,0
20250410,170000,2760.5,2785.5,2748.5,2760,68334,0
20250410,180000,2760,2779,2755.5,2758.5,45281,0
20250410,190000,2756.5,2763,2724.5,2749.5,126219,0
20250410,200000,2749.5,2776,2739.5,2773.5,83830,0
20250410,210000,2775,2781.5,2762,2778.5,36291,0
20250410,220000,2776.5,2783,2764.5,2771,22145,0
20250410,230000,2771,2774,2762,2766.5,12315,0
20250411,090000,2780,2836.5,2779,2826.5,145451,0
20250411,100000,2826.5,2842.5,2820,2833,88932,0
20250411,110000,2833,2834,2808.5,2814,97745,0
20250411,120000,2814,2833,2810,2826,50864,0
20250411,130000,2827.5,2842,2823,2833.5,51763,0
20250411,140000,2834.5,2844,2819,2827,55068,0
20250411,150000,2827.5,2834.5,2810,2830,90580,0
20250411,160000,2831.5,2831.5,2804.5,2813.5,81721,0
20250411,170000,2812,2823.5,2804.5,2819,46406,0
20250411,180000,2819,2839.5,2819,2834,43821,0
20250411,190000,2835,2851.5,2830.5,2840,71347,0
20250411,200000,2840,2851,2836.5,2846,25155,0
20250411,210000,2846,2850.5,2828.5,2838,45701,0
20250411,220000,2837,2846,2834,2844.5,22740,0
20250411,230000,2844.5,2849,2841.5,2849,20632,0
20250414,090000,2859,2861.5,2840.5,2851,61730,0
20250414,100000,2852,2854.5,2838.5,2842.5,65485,0
20250414,110000,2842.5,2858,2836,2854,44678,0
20250414,120000,2854,2856,2842.5,2848,24356,0
20250414,130000,2849,2860,2846,2848,28253,0
20250414,140000,2847.5,2850,2840.5,2842.5,21912,0
20250414,150000,2842,2844.5,2822,2824.5,41783,0
20250414,160000,2824.5,2829,2810,2812.5,61990,0
20250414,170000,2812,2838.5,2810,2835,56175,0
20250414,180000,2836.5,2837,2810.5,2811,29243,0
20250414,190000,2812,2826,2812,2819.5,21714,0
20250414,200000,2819,2822,2798.5,2801.5,37497,0
20250414,210000,2801,2820,2794,2818.5,30826,0
20250414,220000,2819,2819.5,2807.5,2813,9652,0
20250414,230000,2813,2819,2806.5,2819,9373,0
20250415,090000,2808,2838,2806.5,2828,46229,0
20250415,100000,2827.5,2841.5,2823,2825.5,44517,0
20250415,110000,2826,2829.5,2808.5,2817.5,55356,0
20250415,120000,2818,2832,2811.5,2814.5,39396,0
20250415,130000,2814.5,2816,2803,2810,39910,0
20250415,140000,2810,2812.5,2791,2803.5,57148,0
20250415,150000,2803.5,2818.5,2795.5,2813.5,39244,0
20250415,160000,2814,2823.5,2809,2814.5,45800,0
20250415,170000,2815,2833,2808,2818,65500,0
20250415,180000,2818,2820.5,2805,2808.5,16727,0
20250415,190000,2807.5,2821,2806.5,2815.5,22192,0
20250415,200000,2815.5,2828,2812,2824,24528,0
20250415,210000,2823,2829.5,2819,2829.5,9313,0
20250415,220000,2830,2832.5,2825,2827.5,10558,0
20250415,230000,2828,2832.5,2825,2825,5388,0
20250416,090000,2819.5,2819.5,2799,2803,50899,0
20250416,100000,2803,2813,2800,2807.5,36572,0
20250416,110000,2807,2827,2793,2816,83980,0
20250416,120000,2816.5,2836,2814,2826.5,60334,0
20250416,130000,2827,2840,2827,2834,36008,0
20250416,140000,2833.5,2846.5,2828.5,2842,29266,0
20250416,150000,2841.5,2844,2829.5,2837.5,28997,0
20250416,160000,2838,2858.5,2832.5,2857,57238,0
20250416,170000,2857,2877,2853,2872.5,81656,0
20250416,180000,2873,2874.5,2864,2869.5,23090,0
20250416,190000,2869.5,2877,2857.5,2861,38912,0
20250416,200000,2861.5,2864,2843.5,2846.5,26538,0
20250416,210000,2846.5,2854.5,2842.5,2853,20080,0
20250416,220000,2853,2853.5,2845.5,2851,11230,0
20250416,230000,2850,2855,2847,2848.5,6156,0
20250417,090000,2862,2870,2857.5,2866.5,25913,0
20250417,100000,2866.5,2872,2855.5,2865,29858,0
20250417,110000,2865,2879,2860.5,2873,36966,0
20250417,120000,2873,2873.5,2860.5,2864.5,36774,0
20250417,130000,2864,2871.5,2861,2867.5,19717,0
20250417,140000,2867,2878.5,2864,2875,25539,0
20250417,150000,2875.5,2891.5,2875.5,2882,48860,0
20250417,160000,2881,2886,2872,2879,30191,0
20250417,170000,2879,2882.5,2848.5,2855.5,77327,0
20250417,180000,2854.5,2875,2848.5,2874,53215,0
20250417,190000,2873,2877.5,2863,2867.5,41319,0
20250417,200000,2867,2903,2864.5,2897.5,70734,0
20250417,210000,2897.5,2912,2895,2906.5,80085,0
20250417,220000,2906.5,2906.5,2898,2904.5,18518,0
20250417,230000,2904,2914.5,2903.5,2914,15369,0
20250418,090000,2889,2897.5,2883.5,2885.5,37870,0
20250418,100000,2885.5,2898,2877,2883,80375,0
20250418,110000,2883,2886,2863,2867.5,66965,0
20250418,120000,2867,2875.5,2843.5,2843.5,71842,0
20250418,130000,2843.5,2850.5,2827,2840,132224,0
20250418,140000,2839,2860,2828,2851,102148,0
20250418,150000,2850.5,2857,2837.5,2839,40117,0
20250418,160000,2840,2881,2840,2869,151335,0
20250418,170000,2870,2880,2865.5,2871.5,37720,0
20250418,180000,2872,2883.5,2871.5,2875,47684,0
20250418,190000,2876.5,2893,2872,2891,52945,0
20250418,200000,2891,2892,2865.5,2869.5,36143,0
20250418,210000,2870,2878.5,2867,2874.5,13458,0
20250418,220000,2874,2876,2869.5,2872.5,9446,0
20250418,230000,2872.5,2875,2870.5,2873,8428,0
20250421,090000,2888,2890,2877.5,2885,66449,0
20250421,100000,2885.5,2899,2882.5,2889.5,53885,0
20250421,110000,2889.5,2907,2889.5,2905,44909,0
20250421,120000,2906,2912.5,2902.5,2904.5,50240,0
20250421,130000,2904.5,2920,2902,2914.5,52943,0
20250421,140000,2915.5,2933.5,2915.5,2930.5,98926,0
20250421,150000,2930.5,2938,2920.5,2924,59002,0
20250421,160000,2924,2932,2912,2913.5,56334,0
20250421,170000,2914,2931,2913.5,2927.5,39318,0
20250421,180000,2927.5,2936,2921.5,2929.5,25355,0
20250421,190000,2931,2947,2931,2941,50132,0
20250421,200000,2941,2945,2931.5,2933,20494,0
20250421,210000,2932.5,2940.5,2932.5,2940,8012,0
20250421,220000,2939.5,2941.5,2932,2932,6137,0
20250421,230000,2932,2937.5,2929,2936,8338,0
20250422,090000,2947,2956,2942,2954,35032,0
20250422,100000,2954,2959,2945.5,2949.5,60503,0
20250422,110000,2949.5,2950,2937,2942.5,40055,0
20250422,120000,2942,2946.5,2930,2933.5,29446,0
20250422,130000,2933.5,2942.5,2932,2940.5,24210,0
20250422,140000,2936.5,2936.5,2917,2918.5,34103,0
20250422,150000,2918.5,2931.5,2918,2928,27373,0
20250422,160000,2928.5,2953,2926,2949,70955,0
20250422,170000,2950,2957.5,2940,2955,35057,0
20250422,180000,2954.5,2958.5,2946,2956.5,44883,0
20250422,190000,2956.5,2975,2956.5,2962.5,71169,0
20250422,200000,2963,2997.5,2955,2988.5,116053,0
20250422,210000,2989,3012,2983.5,2990,165923,0
20250422,220000,2990,2994.5,2977.5,2984.5,43312,0
20250422,230000,2984.5,2987.5,2980.5,2982.5,9669,0
20250423,090000,2967,2967,2924.5,2935.5,133963,0
20250423,100000,2935,2940,2904.5,2917,150561,0
20250423,110000,2917,2930,2915.5,2921,65450,0
20250423,120000,2921.5,2938.5,2908,2926.5,129225,0
20250423,130000,2926.5,2943,2922.5,2936,60466,0
20250423,140000,2936.5,2942,2928,2934,24917,0
20250423,150000,2935,2939,2921,2934,42408,0
20250423,160000,2933,2946.5,2922,2933,64755,0
20250423,170000,2933.5,2950.5,2923,2948,54096,0
20250423,180000,2948.5,2955,2940.5,2949.5,40640,0
20250423,190000,2950,2966,2930,2957,146399,0
20250423,200000,2957,2974,2954.5,2956.5,54628,0
20250423,210000,2957.5,2962,2943,2948,25211,0
20250423,220000,2947.5,2955,2942,2943.5,11330,0
20250423,230000,2943.5,2951,2940,2949.5,11678,0
20250424,090000,2958.5,2969.5,2953.5,2963,26900,0
20250424,100000,2962.5,2972,2959.5,2966.5,36149,0
20250424,110000,2967,2973.5,2957,2972,24742,0
20250424,120000,2972,2976,2966,2975,29263,0
20250424,130000,2975,2978.5,2970,2974.5,24215,0
20250424,140000,2974,2975,2961,2962,24789,0
20250424,150000,2962,2969.5,2955.5,2966,40842,0
20250424,160000,2965.5,2967,2947.5,2951.5,37146,0
20250424,170000,2951.5,2952,2937,2948.5,49855,0
20250424,180000,2948,2956.5,2944,2944,19735,0
20250424,190000,2946,2960,2946,2959.5,22960,0
20250424,200000,2959.5,2960,2940,2945,19986,0
20250424,210000,2945,2949.5,2936,2942.5,24381,0
20250424,220000,2942.5,2951.5,2942.5,2950.5,7468,0
20250424,230000,2950.5,2952.5,2947.5,2948,6670,0
20250425,090000,2958,2974,2956.5,2973.5,71794,0
20250425,100000,2973.5,2976.5,2969,2972.5,47122,0
20250425,110000,2972.5,2973.5,2964,2966.5,27821,0
20250425,120000,2967,2993.5,2960.5,2981,118065,0
20250425,130000,2981,2999,2962.5,2978,170017,0
20250425,140000,2979,3001.5,2978.5,2997,77344,0
20250425,150000,2997,3004.5,2991,3001,50295,0
20250425,160000,3000,3004.5,2993,2998,49313,0
20250425,170000,2998,3015,2996,3011,67739,0
20250425,180000,3011,3011,2996,3007.5,56394,0
20250425,190000,3007.5,3015,3005.5,3009.5,40348,0
20250425,200000,3009,3014.5,3000,3004,24930,0
20250425,210000,3004.5,3015,3003.5,3014,20622,0
20250425,220000,3013,3022,3010,3017,27414,0
20250425,230000,3016.5,3028.5,3016.5,3027.5,24851,0
20250428,090000,3017.5,3019,3003.5,3015.5,54235,0
20250428,100000,3014.5,3014.5,2993,3003,70633,0
20250428,110000,3003,3011,2996,2996,33583,0
20250428,120000,2996,3005.5,2994,2998,24305,0
20250428,130000,2998,3021.5,2982.5,3010,100225,0
20250428,140000,3010,3090,3005.5,3049,395758,0
20250428,150000,3049.5,3055,3030,3036,109896,0
20250428,160000,3035,3042,3030.5,3032.5,49423,0
20250428,170000,3033,3042.5,3032.5,3037,25241,0
20250428,180000,3037.5,3040.5,3032,3033,24172,0
20250428,200000,3032.5,3034.5,3011,3022,64093,0
20250428,210000,3022.5,3023,3000.5,3002.5,39920,0
20250428,220000,3003,3015.5,3000,3008,28860,0
20250428,230000,3007.5,3015,3007,3015,6842,0
20250429,090000,3013,3013,2991,3001,61972,0
20250429,100000,3000.5,3001.5,2986,2999,52264,0
20250429,110000,2999.5,3005,2988,2997,46739,0
20250429,120000,2997,2998,2977,2984,73957,0
20250429,130000,2984,2988,2974.5,2983,49672,0
20250429,140000,2984,2985.5,2969.5,2978.5,40850,0
20250429,150000,2978.5,2988,2973.5,2984.5,26236,0
20250429,160000,2984.5,2998.5,2979,2987.5,70530,0
20250429,170000,2987.5,2992.5,2965.5,2966,42330,0
20250429,180000,2966.5,2971,2957.5,2960.5,84968,0
20250429,190000,2963.5,2972,2927,2932.5,110475,0
20250429,200000,2932,2944.5,2925,2944.5,56752,0
20250429,210000,2944,2944,2935,2935,23196,0
20250429,220000,2935.5,2942,2932,2939,10342,0
20250429,230000,2939,2948,2938.5,2945.5,11523,0
20250430,090000,2932.5,2940,2921,2933,49722,0
20250430,100000,2932.5,2934.5,2914.5,2926,56125,0
20250430,110000,2926.5,2927,2894.5,2900,100721,0
20250430,120000,2900,2910,2890,2905.5,58789,0
20250430,130000,2905.5,2928,2903,2916.5,74706,0
20250430,140000,2918,2943.5,2916,2943.5,63307,0
20250430,150000,2943.5,2958,2919.5,2923.5,139181,0
20250430,160000,2923.5,2939.5,2912,2913,89717,0
20250430,170000,2913,2933,2911.5,2926,45030,0
20250430,180000,2925.5,2928.5,2918.5,2921.5,22752,0
20250430,190000,2921,2921.5,2896.5,2903.5,61114,0
20250430,200000,2903,2922.5,2901.5,2917.5,37104,0
20250430,210000,2918,2921,2907.5,2914.5,15945,0
20250430,220000,2915,2940.5,2914.5,2937,46756,0
20250430,230000,2937,2938,2928.5,2933,16755,0
20250502,090000,2903,2904,2874.5,2878.5,91945,0
20250502,100000,2878,2879,2861.5,2864.5,79962,0
20250502,110000,2864.5,2873.5,2857.5,2869,48529,0
20250502,120000,2868.5,2871,2858.5,2865.5,21449,0
20250502,130000,2865,2872.5,2862.5,2871,14103,0
20250502,140000,2871,2879,2867,2872,21968,0
20250502,150000,2872,2879,2863,2870,30933,0
20250502,160000,2870.5,2875,2866,2867,15924,0
20250502,170000,2866.5,2872,2860.5,2863,37097,0
20250502,180000,2862.5,2864,2838,2843,56931,0
20250502,190000,2844,2847,2837.5,2840.5,26253,0
20250502,200000,2841,2842.5,2831.5,2837.5,24559,0
20250502,210000,2837.5,2850,2835,2843.5,30837,0
20250502,220000,2844,2846,2829,2833,21318,0
20250502,230000,2833.5,2834.5,2815.5,2815.5,30353,0
20250505,090000,2820.5,2829,2805,2811,51447,0
20250505,100000,2810.5,2825,2801,2803,64275,0
20250505,110000,2803,2809,2790,2799,62219,0
20250505,120000,2798,2812,2797,2802.5,34148,0
20250505,130000,2801.5,2811.5,2778.5,2785,77598,0
20250505,140000,2786.5,2788.5,2775,2783.5,47143,0
20250505,150000,2783,2793.5,2772.5,2785,48999,0
20250505,160000,2785.5,2786.5,2766.5,2768,52750,0
20250505,170000,2768.5,2773,2750,2759,81208,0
20250505,180000,2758.5,2759,2734.5,2745,71221,0
20250505,190000,2745,2752.5,2736,2748,43972,0
20250505,200000,2748.5,2774,2744.5,2773,55249,0
20250505,210000,2772,2774,2758,2761,38973,0
20250505,220000,2761.5,2768,2761,2762,13879,0
20250505,230000,2762.5,2764,2756.5,2761,11209,0
20250506,090000,2766,2766,2731.5,2748.5,64550,0
20250506,100000,2749,2792.5,2748,2779,112605,0
20250506,110000,2779.5,2794.5,2777,2786,53447,0
20250506,120000,2786,2801,2785.5,2787,49304,0
20250506,130000,2787,2788.5,2771,2772,62754,0
20250506,140000,2773.5,2792,2771.5,2788,38572,0
20250506,150000,2788,2807,2787.5,2806,63652,0
20250506,160000,2806,2825,2804.5,2810,112727,0
20250506,170000,2811,2829,2806.5,2822.5,68566,0
20250506,180000,2823.5,2833,2821,2825,52040,0
20250506,190000,2823,2830,2813,2823.5,46520,0
20250506,200000,2824,2836,2822.5,2834.5,25787,0
20250506,210000,2834.5,2844.5,2832,2838,42594,0
20250506,220000,2838.5,2848,2829,2829,32509,0
20250506,230000,2829,2836.5,2807,2809,36001,0
20250507,090000,2819,2827.5,2802,2804.5,56138,0
20250507,100000,2804.5,2822.5,2792.5,2818,107560,0
20250507,110000,2818.5,2836.5,2807,2835,82880,0
20250507,120000,2835.5,2836.5,2825,2832.5,46875,0
20250507,130000,2831.5,2844.5,2825,2844,43689,0
20250507,140000,2844,2848,2833.5,2844.5,52118,0
20250507,150000,2845,2846,2828.5,2841,42519,0
20250507,160000,2841,2844.5,2817.5,2820,81150,0
20250507,170000,2820,2853,2815,2843,87390,0
20250507,180000,2843.5,2846,2830,2844,45463,0
20250507,190000,2844,2878.5,2838,2845,84125,0
20250507,200000,2845.5,2848,2833,2836,27112,0
20250507,210000,2835.5,2840,2824,2834.5,35282,0
20250507,220000,2834,2840,2830.5,2835.5,13032,0
20250507,230000,2835,2845,2831,2840.5,16791,0
20250508,090000,2853,2869.5,2851,2865,52273,0
20250508,100000,2866,2874,2860.5,2867.5,44908,0
20250508,110000,2867.5,2874,2864,2871.5,20450,0
20250508,120000,2871.5,2878,2869.5,2871.5,25805,0
20250508,130000,2871,2874.5,2861,2863,29515,0
20250508,140000,2864,2867,2846.5,2848.5,51066,0
20250508,150000,2847.5,2854.5,2837,2849,48832,0
20250508,160000,2849,2872.5,2847,2851.5,68496,0
20250508,170000,2851,2861.5,2850.5,2856,22508,0
20250508,180000,2856,2857.5,2849,2855,19538,0
20250508,190000,2855,2860,2843,2852.5,39152,0
20250508,200000,2852,2866,2850,2863,24953,0
20250508,210000,2863,2864,2850,2855,21729,0
20250508,220000,2855,2861,2852,2857,16156,0
20250508,230000,2857,2862.5,2853.5,2860.5,13333,0
20250512,090000,2923,2970,2920.5,2943.5,109115,0
20250512,100000,2943,2953.5,2938,2943.5,57228,0
20250512,110000,2943.5,2944,2928.5,2928.5,42374,0
20250512,120000,2928.5,2934.5,2922,2926,37337,0
20250512,130000,2925.5,2931.5,2918,2930,35074,0
20250512,140000,2930.5,2940,2927,2928.5,33503,0
20250512,150000,2928.5,2931.5,2923,2929.5,22823,0
20250512,160000,2929.5,2935,2909,2912,43736,0
20250512,170000,2912,2940.5,2908,2930.5,113536,0
20250512,180000,2931,2936.5,2925.5,2933,26812,0
20250512,190000,2934,2938.5,2930,2934,20818,0
20250512,200000,2934,2944.5,2932,2944,24013,0
20250512,210000,2943.5,2944,2931.5,2935.5,13542,0
20250512,220000,2935.5,2938,2933,2936.5,5783,0
20250512,230000,2936,2945,2935.5,2945,15112,0
20250513,090000,2945,2950,2935.5,2943,28639,0
20250513,100000,2943,2946,2938,2943,23031,0
20250513,110000,2942,2943.5,2919,2923.5,43415,0
20250513,120000,2923,2936,2913.5,2931.5,66724,0
20250513,130000,2932,2932,2924,2925.5,14948,0
20250513,140000,2924.5,2924.5,2915.5,2916.5,29077,0
20250513,150000,2917,2935,2915.5,2928,58299,0
20250513,160000,2928,2940,2928,2936,41709,0
20250513,170000,2936.5,2937,2930.5,2933.5,23697,0
20250513,180000,2933,2935.5,2928.5,2933.5,12625,0
20250513,190000,2935,2945.5,2929,2935,27922,0
20250513,200000,2935,2938.5,2929.5,2930.5,13604,0
20250513,210000,2930.5,2933.5,2928,2930.5,8075,0
20250513,220000,2930.5,2935.5,2930.5,2933.5,6212,0
20250513,230000,2933.5,2936.5,2931,2934,6709,0
20250514,090000,2931,2931,2921,2925.5,8788,0
20250514,100000,2925.5,2927,2913.5,2923,25232,0
20250514,110000,2923.5,2932,2920,2925,20368,0
20250514,120000,2924.5,2929,2920,2926.5,15072,0
20250514,130000,2926.5,2927.5,2920.5,2925.5,12641,0
20250514,140000,2925.5,2931.5,2923.5,2931,16993,0
20250514,150000,2931,2938.5,2929,2935.5,24315,0
20250514,160000,2935,2952.5,2930,2933,51546,0
20250514,170000,2932.5,2935.5,2925.5,2926,38102,0
20250514,180000,2926,2933.5,2925.5,2933,23041,0
20250514,190000,2931.5,2934.5,2921,2925,31332,0
20250514,200000,2924,2930,2922.5,2926,11046,0
20250514,210000,2926,2927,2913,2921,34848,0
20250514,220000,2921,2926,2887.5,2895,64493,0
20250514,230000,2895.5,2902,2863.5,2870,128821,0
20250515,090000,2881,2894.5,2876.5,2880,81911,0
20250515,100000,2880,2880,2854.5,2857,115524,0
20250515,110000,2857,2863.5,2851.5,2859,61914,0
20250515,120000,2859.5,2860,2827.5,2839,114010,0
20250515,130000,2838.5,2847,2834,2843,62283,0
20250515,140000,2844,2859.5,2837,2855,64599,0
20250515,150000,2855,2868,2848.5,2859,59190,0
20250515,160000,2858.5,2869,2834.5,2858.5,122447,0
20250515,170000,2858,2867,2846.5,2850.5,92552,0
20250515,180000,2850,2852,2842,2844.5,34936,0
20250515,190000,2844,2857,2843,2850,43242,0
20250515,200000,2849.5,2859,2846.5,2855,27057,0
20250515,210000,2855,2857.5,2852,2852,12712,0
20250515,220000,2852,2854,2846.5,2851,17499,0
20250515,230000,2851.5,2859,2849,2859,13208,0
20250516,090000,2857,2858,2845.5,2849,30223,0
20250516,100000,2849.5,2855.5,2843.5,2852.5,28196,0
20250516,110000,2852.5,2860,2852,2855,33737,0
20250516,120000,2855,2862,2852,2860,29449,0
20250516,130000,2860,2861,2840.5,2844,40044,0
20250516,140000,2842.5,2853,2828,2845.5,86343,0
20250516,150000,2845.5,2852,2792.5,2796,276158,0
20250516,160000,2797,2883,2783,2856,423622,0
20250516,170000,2856,2871.5,2843.5,2849,103374,0
20250516,180000,2849,2857,2845,2845,45518,0
20250516,190000,2848,2854,2841,2850,30001,0
20250516,200000,2850,2854.5,2845,2847,14107,0
20250516,210000,2847,2852.5,2843.5,2844.5,15342,0
20250516,220000,2845.5,2855,2842.5,2854,13808,0
20250516,230000,2854,2858,2848.5,2857.5,15866,0
20250519,090000,2883,2889,2873,2881.5,51261,0
20250519,100000,2881.5,2890,2871,2873.5,42762,0
20250519,110000,2874,2883,2873.5,2879,19364,0
20250519,120000,2879.5,2885.5,2876.5,2881,17833,0
20250519,130000,2880.5,2884.5,2879.5,2882.5,12729,0
20250519,140000,2884,2898,2883,2895.5,35938,0
20250519,150000,2895.5,2898,2889.5,2892.5,20137,0
20250519,160000,2892,2894.5,2874,2874,66823,0
20250519,170000,2875,2884,2865,2879,67033,0
20250519,180000,2879,2919,2876,2900,89531,0
20250519,190000,2898,2927.5,2867,2879.5,281325,0
20250519,200000,2879,2895,2869,2873,127693,0
20250519,210000,2873,2879.5,2860.5,2862,70235,0
20250519,220000,2863,2865.5,2854,2858.5,42534,0
20250519,230000,2859,2867,2854.5,2866.5,18985,0
20250520,090000,2869.5,2873.5,2858,2862.5,28487,0
20250520,100000,2862,2864,2846,2846.5,54970,0
20250520,110000,2847,2854.5,2844.5,2846.5,32230,0
20250520,120000,2846.5,2858,2842.5,2854,34160,0
20250520,130000,2854.5,2856,2841.5,2852,27717,0
20250520,140000,2852,2860.5,2849.5,2851.5,29170,0
20250520,150000,2852,2854,2847,2847,16600,0
20250520,160000,2847.5,2853,2843.5,2847.5,23058,0
20250520,170000,2847.5,2850,2844.5,2848.5,15624,0
20250520,180000,2848.5,2848.5,2827,2827,66686,0
20250520,190000,2828,2834.5,2819.5,2823.5,33337,0
20250520,200000,2823.5,2832,2822,2829.5,18679,0
20250520,210000,2829.5,2833,2825,2832.5,6083,0
20250520,220000,2832,2833.5,2829,2832.5,5997,0
20250520,230000,2832.5,2838,2832.5,2836.5,8976,0
20250521,090000,2838.5,2839,2826,2828.5,30207,0
20250521,100000,2828.5,2833,2817.5,2826.5,57662,0
20250521,110000,2825.5,2842.5,2825.5,2832,34950,0
20250521,120000,2832,2832,2820,2829,33507,0
20250521,130000,2829,2830,2824,2826.5,14682,0
20250521,140000,2826.5,2848,2826.5,2840,45539,0
20250521,150000,2841,2844.5,2833.5,2836.5,27932,0
20250521,160000,2836.5,2840,2827,2832,18989,0
20250521,170000,2832.5,2832.5,2821.5,2827.5,28241,0
20250521,180000,2828,2835.5,2809.5,2819.5,43746,0
20250521,190000,2820,2826,2812.5,2815,27134,0
20250521,200000,2815.5,2821,2810.5,2814,14665,0
20250521,210000,2814,2816.5,2812,2814,7130,0
20250521,220000,2814,2817.5,2810,2816.5,9128,0
20250521,230000,2817,2820.5,2814,2815,7747,0
20250522,090000,2806,2806.5,2786,2793.5,54459,0
20250522,100000,2793,2793,2776.5,2778.5,52733,0
20250522,110000,2778.5,2783,2770.5,2777,52166,0
20250522,120000,2777,2786,2768,2778,44809,0
20250522,130000,2778.5,2788.5,2776,2780,29792,0
20250522,140000,2781,2789,2778,2781.5,25375,0
20250522,150000,2781.5,2797.5,2758,2783,124849,0
20250522,160000,2783.5,2789,2770,2781.5,56201,0
20250522,170000,2781.5,2815.5,2780.5,2804.5,86706,0
20250522,180000,2805,2810,2789.5,2795.5,54360,0
20250522,190000,2795.5,2798.5,2773.5,2787,53560,0
20250522,200000,2787,2788.5,2776.5,2785,20714,0
20250522,210000,2784.5,2789,2775,2778.5,14119,0
20250522,220000,2778.5,2785,2776.5,2782,11179,0
20250522,230000,2782,2787.5,2781,2786.5,5019,0
20250523,090000,2778.5,2784.5,2769.5,2782,33957,0
20250523,100000,2782,2784.5,2770,2776.5,46292,0
20250523,110000,2777,2782,2772,2779.5,16690,0
20250523,120000,2779,2786.5,2775.5,2782,28416,0
20250523,130000,2783,2796,2781.5,2791,31978,0
20250523,140000,2791.5,2793.5,2774,2775.5,43248,0
20250523,150000,2775,2781,2765,2767.5,49857,0
20250523,160000,2767,2778,2765.5,2775,27124,0
20250523,170000,2775,2788,2774,2779,31977,0
20250523,180000,2779.5,2780.5,2771.5,2772.5,22477,0
20250523,190000,2774,2781,2771.5,2776,15621,0
20250523,200000,2776,2780,2775.5,2776,5169,0
20250523,210000,2776.5,2781,2775.5,2780.5,8005,0
20250523,220000,2780.5,2783,2777.5,2778,7427,0
20250523,230000,2778,2781,2775.5,2775.5,9793,0
20250526,090000,2749.5,2751,2736,2740,63968,0
20250526,100000,2739.5,2743,2722.5,2731.5,73246,0
20250526,110000,2730.5,2736,2724,2726,33829,0
20250526,120000,2725.5,2736,2718,2721,45479,0
20250526,130000,2720.5,2728.5,2716,2723,32401,0
20250526,140000,2723.5,2726,2709,2714,41341,0
20250526,150000,2713,2726,2710.5,2715.5,37759,0
20250526,160000,2716,2722.5,2713.5,2714,15266,0
20250526,170000,2714,2719.5,2708,2713.5,33145,0
20250526,180000,2714,2718,2702.5,2704,43890,0
20250526,190000,2706.5,2709,2699,2703,30306,0
20250526,200000,2703,2707.5,2702,2707,11354,0
20250526,210000,2707,2713,2706,2712,13389,0
20250526,220000,2712,2715,2711,2713,10529,0
20250526,230000,2713,2718,2710.5,2711,14744,0
20250527,090000,2695,2729.5,2686.5,2728,85575,0
20250527,100000,2728,2729.5,2716,2725,53720,0
20250527,110000,2725.5,2736,2719,2729.5,52562,0
20250527,120000,2730,2734.5,2722.5,2733.5,25688,0
20250527,130000,2733,2735.5,2725,2729,29263,0
20250527,140000,2729.5,2732,2721,2729,27970,0
20250527,150000,2728.5,2735,2715,2718.5,59424,0
20250527,160000,2718.5,2723.5,2702,2719.5,56962,0
20250527,170000,2719.5,2735,2718,2730.5,43438,0
20250527,180000,2730.5,2744.5,2729,2735.5,52065,0
20250527,190000,2735.5,2744,2734,2741.5,28630,0
20250527,200000,2741.5,2741.5,2735.5,2741,9667,0
20250527,210000,2740,2746.5,2739,2740,16033,0
20250527,220000,2740,2743.5,2740,2743,5888,0
20250527,230000,2743,2744,2740,2743.5,6487,0
20250528,090000,2752.5,2757,2748.5,2752,40605,0
20250528,100000,2752.5,2777,2749,2770.5,85186,0
20250528,110000,2770.5,2777.5,2766,2769,51064,0
20250528,120000,2769.5,2785.5,2767,2782.5,52807,0
20250528,130000,2782.5,2785.5,2774,2779.5,38565,0
20250528,140000,2779.5,2788,2770.5,2773,47218,0
20250528,150000,2773,2798.5,2772,2794.5,76340,0
20250528,160000,2795,2804.5,2792,2795.5,48414,0
20250528,170000,2796.5,2802.5,2792,2795.5,40867,0
20250528,180000,2796,2798,2786,2796,43995,0
20250528,190000,2796,2825,2795.5,2820,123525,0
20250528,200000,2820,2822,2815,2819.5,15282,0
20250528,210000,2819,2827.5,2819,2822,30861,0
20250528,220000,2822.5,2829,2821,2826.5,14138,0
20250528,230000,2826.5,2832,2826,2832,11318,0
20250529,090000,2825.5,2830,2815,2818,41052,0
20250529,100000,2818,2820,2808,2809,66451,0
20250529,110000,2809.5,2828,2805.5,2826,46064,0
20250529,120000,2826.5,2829,2821,2822,26966,0
20250529,130000,2823,2846,2822.5,2843,80850,0
20250529,140000,2842,2844.5,2836.5,2842.5,28655,0
20250529,150000,2842.5,2847.5,2828.5,2835,61212,0
20250529,160000,2834.5,2835.5,2816,2822.5,59680,0
20250529,170000,2822.5,2829,2810.5,2824.5,52406,0
20250529,180000,2825,2829.5,2812.5,2813,32358,0
20250529,190000,2813.5,2819,2796,2811.5,69552,0
20250529,200000,2811.5,2813.5,2800,2803,28914,0
20250529,210000,2803,2807,2798.5,2806.5,16288,0
20250529,220000,2806,2806.5,2801,2804,6667,0
20250529,230000,2803.5,2804.5,2801,2802.5,11721,0
20250530,090000,2811.5,2822,2806.5,2820,38998,0
20250530,100000,2819.5,2822.5,2804,2804.5,50008,0
20250530,110000,2804,2808.5,2796,2803.5,41690,0
20250530,120000,2803,2832.5,2801.5,2827.5,88600,0
20250530,130000,2828,2840,2828,2834.5,67184,0
20250530,140000,2834.5,2843,2828,2830.5,45922,0
20250530,150000,2830.5,2834,2822,2831,55702,0
20250530,160000,2831,2837.5,2824.5,2829,37874,0
20250530,170000,2829,2833,2824.5,2826,26481,0
20250530,180000,2825.5,2832,2824,2830,23981,0
20250530,190000,2831,2839,2830,2833.5,42951,0
20250530,200000,2833.5,2836,2829,2834.5,18695,0
20250530,210000,2835,2838.5,2832.5,2833.5,12811,0
20250530,220000,2833,2836,2833,2835,10354,0
20250530,230000,2834.5,2839,2834,2839,18321,0
20250602,090000,2797,2810.5,2784,2806.5,120427,0
20250602,100000,2807,2809,2798,2807,57945,0
20250602,110000,2806,2809,2799,2804.5,34325,0
20250602,120000,2805,2808,2801,2802.5,20157,0
20250602,130000,2802.5,2804,2790,2794.5,56698,0
20250602,140000,2795,2796.5,2777.5,2789.5,71749,0
20250602,150000,2789.5,2805,2782,2783.5,64185,0
20250602,160000,2783.5,2802,2778.5,2790.5,111221,0
20250602,170000,2790.5,2826.5,2784,2821.5,132171,0
20250602,180000,2822,2838.5,2816.5,2829.5,83123,0
20250602,190000,2830,2847,2830,2835,79827,0
20250602,200000,2835,2839,2826.5,2829.5,29570,0
20250602,210000,2830,2839,2828.5,2835,12003,0
20250602,220000,2833.5,2836,2831,2835,11132,0
20250602,230000,2834.5,2840,2833,2835,21301,0
20250603,090000,2824,2830,2810,2824,109292,0
20250603,100000,2824.5,2835.5,2816,2828.5,128895,0
20250603,110000,2828,2829.5,2822,2825.5,31816,0
20250603,120000,2825.5,2832,2823.5,2825.5,28844,0
20250603,130000,2826,2828,2818.5,2824,31347,0
20250603,140000,2826,2830,2824,2826,26023,0
20250603,150000,2826,2829,2813,2814,33265,0
20250603,160000,2813.5,2825.5,2811.5,2823.5,44600,0
20250603,170000,2824,2833,2820.5,2828.5,37402,0
20250603,180000,2828.5,2838,2827,2837,35891,0
20250603,190000,2837.5,2844.5,2835.5,2841.5,42819,0
20250603,200000,2841.5,2852.5,2838.5,2846.5,25391,0
20250603,210000,2846.5,2855,2846,2851,31812,0
20250603,220000,2850.5,2852,2847.5,2849,13004,0
20250603,230000,2848,2853,2847.5,2852.5,8840,0
20250604,090000,2852,2864,2848.5,2862.5,41243,0
20250604,100000,2863,2868,2857,2862.5,57940,0
20250604,110000,2863,2868,2858.5,2859.5,29215,0
20250604,120000,2859.5,2869,2858.5,2867,25219,0
20250604,130000,2867.5,2874,2865,2865.5,30598,0
20250604,140000,2866,2872,2862,2871,18788,0
20250604,150000,2872,2875,2859,2860,57126,0
20250604,160000,2860,2864,2850.5,2862,104598,0
20250604,170000,2862,2864.5,2831,2843.5,182429,0
20250604,180000,2843.5,2843.5,2827.5,2839,73292,0
20250604,190000,2839,2858,2835.5,2856.5,98476,0
20250604,200000,2856.5,2859.5,2850.5,2853,25293,0
20250604,210000,2853.5,2854,2840.5,2841.5,23969,0
20250604,220000,2841.5,2843.5,2833,2837,18005,0
20250604,230000,2837,2840,2833.5,2839.5,12758,0
20250605,090000,2847,2858,2843,2857,28108,0
20250605,100000,2856.5,2862,2848.5,2852,37015,0
20250605,110000,2852,2853,2842,2849,31948,0
20250605,120000,2849.5,2858,2845,2850.5,19795,0
20250605,130000,2851,2859,2848.5,2857,17712,0
20250605,140000,2856.5,2861.5,2851.5,2857,16201,0
20250605,150000,2857,2859,2851,2852,17619,0
20250605,160000,2851.5,2860.5,2849,2858,21338,0
20250605,170000,2858.5,2863.5,2854,2854.5,20970,0
20250605,180000,2854.5,2858.5,2850.5,2853.5,22066,0
20250605,190000,2856,2858,2847,2850,17878,0
20250605,200000,2850,2853,2848,2849,11424,0
20250605,210000,2849.5,2850.5,2845.5,2850.5,9468,0
20250605,220000,2850,2858,2848.5,2857.5,15036,0
20250605,230000,2858,2859,2855.5,2858,9177,0
20250606,090000,2862.5,2864,2858,2862,26621,0
20250606,100000,2861.5,2885,2858,2883,108611,0
20250606,110000,2883.5,2886,2871.5,2877,80374,0
20250606,120000,2877,2879,2859,2869,64593,0
20250606,130000,2868.5,2950,2839,2870,583667,0
20250606,140000,2869,2871,2847.5,2854,140829,0
20250606,150000,2853,2856.5,2816,2825,254836,0
20250606,160000,2825,2833,2810,2831.5,132760,0
20250606,170000,2831.5,2838,2798.5,2800.5,167656,0
20250606,180000,2799.5,2809,2786,2787.5,107398,0
20250606,190000,2789.5,2804,2789.5,2800.5,68823,0
20250606,200000,2801.5,2803,2795,2798,20624,0
20250606,210000,2797.5,2801,2795.5,2800.5,7140,0
20250606,220000,2800.5,2801,2785,2791,25865,0
20250606,230000,2790.5,2792.5,2786,2787,21399,0
20250609,090000,2787,2789,2766,2771,72180,0
20250609,100000,2770.5,2784.5,2762,2763,76940,0
20250609,110000,2762.5,2766.5,2755,2758.5,77759,0
20250609,120000,2758.5,2766.5,2749,2763.5,80078,0
20250609,130000,2763.5,2772,2755.5,2762.5,54251,0
20250609,140000,2762,2762,2747,2753,55305,0
20250609,150000,2752,2753,2742,2752,54033,0
20250609,160000,2751.5,2754,2737.5,2739,37232,0
20250609,170000,2739,2751,2738.5,2743,43183,0
20250609,180000,2743,2749,2743,2744,27186,0
20250609,190000,2747,2762.5,2745,2757,44938,0
20250609,200000,2757.5,2764.5,2756.5,2759,17327,0
20250609,210000,2759,2761,2750.5,2758.5,17628,0
20250609,220000,2758.5,2764.5,2758.5,2760.5,9748,0
20250609,230000,2760.5,2761,2755.5,2760,10549,0
20250610,090000,2767.5,2770,2761,2767,27216,0
20250610,100000,2767,2771,2747.5,2751.5,60736,0
20250610,110000,2751.5,2753,2735,2741.5,58175,0
20250610,120000,2741.5,2744,2728.5,2732.5,47704,0
20250610,130000,2732.5,2734,2720,2724.5,76998,0
20250610,140000,2725,2731,2721,2725.5,40133,0
20250610,150000,2725.5,2728.5,2721,2721.5,24524,0
20250610,160000,2721,2721.5,2708,2717.5,80121,0
20250610,170000,2718.5,2724.5,2714,2719,45672,0
20250610,180000,2719,2732.5,2718.5,2731,52609,0
20250610,190000,2731.5,2734.5,2725.5,2726,40009,0
20250610,200000,2726,2727,2715,2719,28642,0
20250610,210000,2718.5,2726,2718.5,2723.5,13689,0
20250610,220000,2724,2725,2721,2723.5,7004,0
20250610,230000,2723.5,2725.5,2721.5,2722.5,12631,0
20250611,090000,2721,2730.5,2715,2729,33061,0
20250611,100000,2730.5,2746,2726,2736.5,86186,0
20250611,110000,2736.5,2742,2732.5,2734.5,42753,0
20250611,120000,2734,2738,2726,2731,38203,0
20250611,130000,2732,2744,2732,2738,30432,0
20250611,140000,2738.5,2742.5,2733,2740.5,23846,0
20250611,150000,2740,2748,2737.5,2744,33093,0
20250611,160000,2744.5,2748,2737,2737.5,24568,0
20250611,170000,2737.5,2738,2728,2734,42506,0
20250611,180000,2734.5,2743,2732.5,2740,28740,0
20250611,190000,2743,2745,2727.5,2731.5,33670,0
20250611,200000,2732.5,2736.5,2726,2728,24551,0
20250611,210000,2728,2736.5,2727.5,2732.5,23205,0
20250611,220000,2732.5,2734,2730.5,2734,11730,0
20250611,230000,2733.5,2737.5,2733.5,2737.5,6860,0
20250613,090000,2754.5,2758,2736,2740.5,58000,0
20250613,100000,2741,2752,2737.5,2746,30518,0
20250613,110000,2746,2749.5,2742,2747,17278,0
20250613,120000,2747.5,2767,2747,2765.5,50206,0
20250613,130000,2766.5,2768.5,2759,2762.5,20419,0
20250613,140000,2763.5,2764.5,2755,2759,15778,0
20250613,150000,2759.5,2764.5,2756,2758.5,9066,0
20250613,160000,2759,2764,2757,2760,10626,0
20250613,170000,2761,2765.5,2757,2758,12397,0
20250613,180000,2758,2759,2750.5,2753.5,29336,0
20250613,190000,2753.5,2756.5,2749.5,2754,20472,0
20250613,200000,2754,2761,2752.5,2760,8134,0
20250613,210000,2759.5,2764,2758.5,2762,8555,0
20250613,220000,2762.5,2764,2760,2760,5789,0
20250613,230000,2760,2763,2759,2762,5847,0
20250616,090000,2771,2773,2760,2766.5,35658,0
20250616,100000,2766.5,2770,2752,2755.5,37973,0
20250616,110000,2755,2760,2749,2756,24688,0
20250616,120000,2756,2765,2755,2763.5,22905,0
20250616,130000,2764.5,2766.5,2758,2761,16979,0
20250616,140000,2759.5,2764.5,2757,2759.5,10621,0
20250616,150000,2760.5,2765,2750.5,2755,24719,0
20250616,160000,2755,2758.5,2737.5,2739,48368,0
20250616,170000,2738.5,2743.5,2734,2740.5,25096,0
20250616,180000,2740.5,2742,2737,2739,20652,0
20250616,190000,2739.5,2749,2736.5,2747,29359,0
20250616,200000,2748.5,2749,2744.5,2746,4496,0
20250616,210000,2746,2748,2743,2744,4323,0
20250616,220000,2744,2744.5,2739.5,2741,8097,0
20250616,230000,2742,2745.5,2740,2745,6602,0
20250617,090000,2746.5,2748,2735.5,2735.5,17992,0
20250617,100000,2735.5,2764,2734,2758,76964,0
20250617,110000,2758.5,2763,2754,2760,27683,0
20250617,120000,2760.5,2776,2760,2774,61624,0
20250617,130000,2774,2776.5,2768.5,2769.5,46454,0
20250617,140000,2770.5,2771.5,2765,2766.5,20872,0
20250617,150000,2766.5,2775.5,2766,2772.5,22213,0
20250617,160000,2773,2789.5,2771,2789.5,60349,0
20250617,170000,2790,2796,2785.5,2793.5,67979,0
20250617,180000,2793,2796,2790,2794,27994,0
20250617,190000,2795.5,2801,2794,2798.5,33485,0
20250617,200000,2799,2806.5,2798.5,2805,30734,0
20250617,210000,2805,2812.5,2801.5,2802.5,51309,0
20250617,220000,2803,2803,2794,2798,33832,0
20250617,230000,2798.5,2806.5,2798,2802.5,14739,0
20250618,090000,2800,2808,2795,2805,26256,0
20250618,100000,2805,2806.5,2787.5,2794,73352,0
20250618,110000,2793.5,2799,2789,2791.5,41341,0
20250618,120000,2791.5,2806,2786.5,2802.5,41073,0
20250618,130000,2802,2812,2799.5,2806,46604,0
20250618,140000,2806.5,2811,2801.5,2804.5,36126,0
20250618,150000,2804.5,2808.5,2798.5,2808,22502,0
20250618,160000,2808,2808,2793,2804,50182,0
20250618,170000,2805,2806,2790.5,2794.5,66531,0
20250618,180000,2794,2798.5,2793,2793,19795,0
20250618,190000,2794,2804.5,2793.5,2800.5,43543,0
20250618,200000,2800,2800.5,2793.5,2795.5,17268,0
20250618,210000,2796,2800.5,2795,2798.5,12091,0
20250618,220000,2798.5,2799.5,2795,2795.5,7487,0
20250618,230000,2795.5,2798,2794,2796,7251,0
20250619,090000,2801,2806,2798.5,2801,17650,0
20250619,100000,2801,2807,2795.5,2803.5,26076,0
20250619,110000,2802,2806,2799,2803.5,16054,0
20250619,120000,2803.5,2804,2793,2794.5,18067,0
20250619,130000,2794.5,2796,2785.5,2789.5,44743,0
20250619,140000,2790,2794,2786,2792.5,34891,0
20250619,150000,2792,2792.5,2772.5,2779,89599,0
20250619,160000,2778.5,2784.5,2776.5,2783,30607,0
20250619,170000,2782,2790,2777.5,2788.5,34415,0
20250619,180000,2788,2791.5,2782,2784,44280,0
20250619,190000,2784.5,2793,2783.5,2791.5,22143,0
20250619,200000,2791.5,2797,2787,2788,30912,0
20250619,210000,2787.5,2790.5,2784,2789,13639,0
20250619,220000,2789.5,2791,2787.5,2787.5,6809,0
20250619,230000,2787.5,2790,2787,2790,6806,0
20250620,090000,2789,2790,2780,2785,26706,0
20250620,100000,2784.5,2785,2774,2784,40485,0
20250620,110000,2783,2787.5,2779,2779,20437,0
20250620,120000,2780,2783.5,2777,2781,17119,0
20250620,130000,2781,2783,2776,2782,20029,0
20250620,140000,2781.5,2786,2768.5,2771.5,34825,0
20250620,150000,2771,2778.5,2768,2772,32776,0
20250620,160000,2772,2773.5,2759.5,2761.5,67466,0
20250620,170000,2762,2765,2755.5,2762,42870,0
20250620,180000,2762,2763.5,2748,2749.5,45071,0
20250620,190000,2750.5,2756.5,2749,2752,30065,0
20250620,200000,2752,2752.5,2748.5,2752,12924,0
20250620,210000,2752,2759.5,2751.5,2756.5,24147,0
20250620,220000,2757,2760,2755,2756.5,7335,0
20250620,230000,2756.5,2760,2755.5,2758,13880,0
