20240625,100000,3095,3105.5,3081.5,3092,4100,0
20240625,110000,3092,3095,3083,3083,941,0
20240625,120000,3084.5,3096,3083,3091,2136,0
20240625,130000,3094,3107,3092,3103,1518,0
20240625,140000,3101,3111,3095.5,3097.5,953,0
20240625,150000,3097,3103,3095.5,3097,2430,0
20240625,160000,3096.5,3107,3096,3103.5,504,0
20240625,170000,3107,3108,3102,3102,866,0
20240625,180000,3103.5,3125.5,3103.5,3119,1998,0
20240625,190000,3120,3131,3118,3130.5,1837,0
20240625,200000,3131,3131.5,3126.5,3130,547,0
20240625,210000,3130.5,3133.5,3127,3133.5,549,0
20240625,220000,3132.5,3141.5,3132,3136,979,0
20240625,230000,3136.5,3140.5,3135.5,3136.5,553,0
20240626,100000,3140.5,3150,3132.5,3148.5,4113,0
20240626,110000,3149,3158.5,3144.5,3149.5,2929,0
20240626,120000,3149,3155.5,3143,3150.5,1491,0
20240626,130000,3151.5,3159.5,3150.5,3154.5,1098,0
20240626,140000,3153.5,3155,3147.5,3147.5,744,0
20240626,150000,3147,3152,3140,3144,1709,0
20240626,160000,3144,3152.5,3141.5,3152.5,1637,0
20240626,170000,3152,3153.5,3141,3150,806,0
20240626,180000,3149.5,3156,3148.5,3156,918,0
20240626,190000,3154.5,3163,3154.5,3158,1493,0
20240626,200000,3158,3159.5,3155.5,3158.5,763,0
20240626,210000,3158.5,3160,3157,3159.5,118,0
20240626,220000,3159.5,3168.5,3158,3163,1224,0
20240626,230000,3161.5,3163,3157,3157,201,0
20240627,100000,3167,3169.5,3136.5,3143,5456,0
20240627,110000,3143,3145.5,3127.5,3141.5,3202,0
20240627,120000,3140.5,3141,3130,3133,969,0
20240627,130000,3133,3145,3131.5,3142.5,1497,0
20240627,140000,3141.5,3145.5,3134.5,3136.5,1348,0
20240627,150000,3139,3156,3138,3156,1875,0
20240627,160000,3155.5,3163,3151.5,3153.5,2117,0
20240627,170000,3153,3160,3151,3156.5,1341,0
20240627,180000,3157,3157,3150,3151.5,1285,0
20240627,190000,3153.5,3155.5,3150.5,3153,398,0
20240627,200000,3152,3155,3150.5,3155,402,0
20240627,210000,3154.5,3154.5,3151.5,3151.5,135,0
20240627,220000,3152,3153,3151,3152,507,0
20240627,230000,3150.5,3151.5,3147,3149,312,0
20240628,100000,3150.5,3172,3146.5,3168.5,4483,0
20240628,110000,3167,3168.5,3160.5,3164,1574,0
20240628,120000,3163.5,3168.5,3156.5,3168.5,1336,0
20240628,130000,3168.5,3168.5,3160,3161,422,0
20240628,140000,3160,3161.5,3150,3150,674,0
20240628,150000,3150,3157.5,3145.5,3156.5,843,0
20240628,160000,3157.5,3165,3154,3158,830,0
20240628,170000,3158.5,3162,3155,3157,903,0
20240628,180000,3156,3159,3150,3159,835,0
20240628,190000,3158.5,3163.5,3157.5,3159,834,0
20240628,200000,3159,3162.5,3158.5,3160.5,179,0
20240628,210000,3160.5,3162.5,3158.5,3161,398,0
20240628,220000,3161,3162,3161,3162,141,0
20240628,230000,3160.5,3164.5,3160.5,3164.5,166,0
20240701,100000,3168,3177.5,3164.5,3167,3677,0
20240701,110000,3167.5,3170,3163,3164,1112,0
20240701,120000,3164.5,3168,3159.5,3161,1301,0
20240701,130000,3160,3172,3158.5,3171.5,979,0
20240701,140000,3172,3177,3171.5,3177,1309,0
20240701,150000,3177,3181.5,3175.5,3180,2119,0
20240701,160000,3180,3187,3180,3186,1199,0
20240701,170000,3186,3188.5,3181.5,3187,1369,0
20240701,180000,3188.5,3190.5,3185,3185,876,0
20240701,190000,3186.5,3188.5,3184,3188.5,380,0
20240701,200000,3188,3193,3188,3193,500,0
20240701,210000,3192.5,3196,3191,3194.5,665,0
20240701,220000,3195.5,3199,3195,3199,519,0
20240701,230000,3199,3199.5,3191.5,3195,592,0
20240702,100000,3199.5,3208,3191.5,3208,3004,0
20240702,110000,3208,3208,3192.5,3204,3538,0
20240702,120000,3204,3212.5,3203,3212,1419,0
20240702,130000,3210.5,3213,3209.5,3210.5,625,0
20240702,140000,3211,3219.5,3211,3215,1136,0
20240702,150000,3215,3220,3210.5,3217.5,1033,0
20240702,160000,3217.5,3220.5,3215.5,3216.5,1468,0
20240702,170000,3218.5,3224,3215,3223,786,0
20240702,180000,3222.5,3223.5,3215,3215,1367,0
20240702,190000,3218.5,3218.5,3211,3212.5,697,0
20240702,200000,3214,3215.5,3212.5,3215,160,0
20240702,210000,3215,3218.5,3214,3215.5,267,0
20240702,220000,3215.5,3219,3215.5,3219,183,0
20240702,230000,3218.5,3219.5,3216,3216,198,0
20240703,100000,3220,3227,3205,3214,7147,0
20240703,110000,3214.5,3214.5,3205.5,3211.5,1559,0
20240703,120000,3212.5,3231,3209.5,3227,3662,0
20240703,130000,3227,3231.5,3220,3221.5,5682,0
20240703,140000,3222,3228,3221,3225,854,0
20240703,150000,3226,3226.5,3219.5,3221,1108,0
20240703,160000,3222,3222,3207,3212,1584,0
20240703,170000,3212,3212,3199,3199,2313,0
20240703,180000,3199,3208.5,3197.5,3204,1291,0
20240703,190000,3203.5,3204.5,3186,3188,2616,0
20240703,200000,3188,3196,3187,3192.5,1463,0
20240703,210000,3191,3196.5,3189.5,3189.5,439,0
20240703,220000,3189,3189.5,3184,3186.5,1723,0
20240703,230000,3185,3185.5,3181,3185,571,0
20240704,100000,3183,3196,3173,3192,6094,0
20240704,110000,3192.5,3202.5,3190,3194,3060,0
20240704,120000,3192,3196,3187,3190.5,1221,0
20240704,130000,3190.5,3193.5,3174.5,3179.5,1702,0
20240704,140000,3180,3183,3170,3175,2282,0
20240704,150000,3175,3183.5,3170.5,3172,1365,0
20240704,160000,3171.5,3173,3137.5,3144,6489,0
20240704,170000,3144.5,3157,3127.5,3146.5,3998,0
20240704,180000,3146.5,3147,3130,3131.5,2814,0
20240704,190000,3142,3142,3134.5,3139,1185,0
20240704,200000,3139.5,3142,3137.5,3138.5,920,0
20240704,210000,3138.5,3141,3138,3139.5,673,0
20240704,220000,3139.5,3140.5,3136,3136.5,723,0
20240704,230000,3136.5,3138,3128.5,3129,793,0
20240705,100000,3131,3145,3116.5,3125.5,5215,0
20240705,110000,3125,3125,3106.5,3124,4117,0
20240705,120000,3122,3155,3117.5,3149.5,5049,0
20240705,130000,3149.5,3164.5,3146.5,3154,3047,0
20240705,140000,3154,3161.5,3137.5,3140,2839,0
20240705,150000,3139,3148.5,3133,3139,2712,0
20240705,160000,3138.5,3144.5,3131,3138,2167,0
20240705,170000,3139,3144.5,3132.5,3144,1959,0
20240705,180000,3144,3163,3143,3161.5,2865,0
20240705,190000,3161,3161,3152.5,3154,769,0
20240705,200000,3154.5,3160.5,3153.5,3157.5,462,0
20240705,210000,3155.5,3157.5,3154,3156,414,0
20240705,220000,3154.5,3158,3153.5,3155.5,265,0
20240705,230000,3156,3157,3154.5,3154.5,333,0
20240708,100000,3151,3179.5,3150.5,3167.5,8084,0
20240708,110000,3167,3172,3158,3160.5,2397,0
20240708,120000,3160.5,3161,3138,3142,4186,0
20240708,130000,3144.5,3149.5,3136,3141.5,1637,0
20240708,140000,3143,3146.5,3133.5,3134,3827,0
20240708,150000,3135.5,3142.5,3133.5,3135.5,2011,0
20240708,160000,3134,3140,3125.5,3139.5,4711,0
20240708,170000,3140,3147,3135,3140.5,3290,0
20240708,180000,3141,3141.5,3132,3136.5,1157,0
20240708,190000,3136.5,3139,3131.5,3136,1088,0
20240708,200000,3135.5,3138.5,3134.5,3138,342,0
20240708,210000,3138.5,3140,3136.5,3137,484,0
20240708,220000,3137,3139,3136,3137.5,562,0
20240708,230000,3137,3139.5,3135.5,3139,1025,0
20240709,100000,3126.5,3130,3112,3115.5,7510,0
20240709,110000,3115,3116,3104,3105,3085,0
20240709,120000,3104,3110.5,3100,3102,2756,0
20240709,130000,3102,3106.5,3098,3104,3836,0
20240709,140000,3105,3109,3094,3094,2663,0
20240709,150000,3094.5,3094.5,3082,3086,4810,0
20240709,160000,3087,3087.5,3071.5,3080,5420,0
20240709,170000,3080.5,3080.5,3061,3063,3684,0
20240709,180000,3062,3063.5,3050,3052.5,5166,0
20240709,190000,3054.5,3070,3047,3060.5,3252,0
20240709,200000,3060.5,3065,3059.5,3061.5,1364,0
20240709,210000,3060.5,3061.5,3054,3055,955,0
20240709,220000,3055.5,3055.5,3051,3053,615,0
20240709,230000,3051.5,3052,3046,3046,798,0
20240710,100000,3044,3062.5,3028.5,3038.5,11152,0
20240710,110000,3040,3040,3026.5,3030,3445,0
20240710,120000,3030,3053.5,3030,3044,2883,0
20240710,130000,3044,3051.5,3034,3040,2089,0
20240710,140000,3039,3042,3021,3027.5,2569,0
20240710,150000,3027.5,3028,3004,3004.5,4608,0
20240710,160000,3005.5,3012.5,2990.5,2997.5,6519,0
20240710,170000,2995.5,3006,2977,2977.5,6545,0
20240710,180000,2977,2984.5,2968.5,2980,3704,0
20240710,190000,2976.5,2989,2967,2968.5,5824,0
20240710,200000,2968.5,2970.5,2954.5,2956,3834,0
20240710,210000,2956.5,2961,2951,2952.5,2265,0
20240710,220000,2952.5,2953.5,2946.5,2947,1847,0
20240710,230000,2947,2947,2933,2933,3034,0
20240711,100000,2915,3012.5,2910,2968.5,49973,0
20240711,110000,2968,2985,2950,2955,14998,0
20240711,120000,2954.5,2980.5,2948,2980.5,6755,0
20240711,130000,2980.5,2984,2966.5,2978,4135,0
20240711,140000,2978.5,3003.5,2974,2996.5,6701,0
20240711,150000,2996.5,3003.5,2981,2985.5,4787,0
20240711,160000,2986.5,2998,2985.5,2985.5,2527,0
20240711,170000,2986,2999,2985.5,2988.5,1461,0
20240711,180000,2990,3001.5,2989.5,3001,2017,0
20240711,190000,3001,3019.5,2999,3019.5,4767,0
20240711,200000,3019.5,3020,3007.5,3015.5,3183,0
20240711,210000,3016,3018,3015.5,3016,1007,0
20240711,220000,3016,3020.5,3016,3017,1218,0
20240711,230000,3017,3017,3011.5,3011.5,694,0
20240712,100000,3012,3026.5,2982.5,2987,12099,0
20240712,110000,2986.5,2990,2962.5,2983,6702,0
20240712,120000,2982.5,2996.5,2974,2983,3350,0
20240712,130000,2984,2993.5,2976.5,2983,1922,0
20240712,140000,2985,2985,2969,2971,2489,0
20240712,150000,2970.5,2973,2959,2970,5761,0
20240712,160000,2969.5,3004.5,2965.5,3004.5,5459,0
20240712,170000,3004,3004.5,2985,2986.5,3244,0
20240712,180000,2985,2991,2975,2985.5,2504,0
20240712,190000,2976.5,2986,2972,2973,1289,0
20240712,200000,2976,2983.5,2974,2981,542,0
20240712,210000,2981,2984.5,2979.5,2984,540,0
20240712,220000,2983.5,2985,2982.5,2983,162,0
20240712,230000,2985,2992.5,2984,2991,521,0
20240715,100000,2987,3000,2951,2956.5,9719,0
20240715,110000,2956,2975.5,2954,2967.5,5377,0
20240715,120000,2968,2969,2954.5,2963.5,4406,0
20240715,130000,2958.5,2967.5,2955,2962.5,2017,0
20240715,140000,2960.5,2966,2947,2948.5,1923,0
20240715,150000,2948.5,2955.5,2936.5,2948,7668,0
20240715,160000,2949,2955,2933.5,2933.5,3840,0
20240715,170000,2933,2936,2920,2922,5286,0
20240715,180000,2922.5,2929.5,2912.5,2917,2772,0
20240715,190000,2915.5,2927.5,2914,2926.5,1339,0
20240715,200000,2926.5,2932.5,2921.5,2928,1647,0
20240715,210000,2928,2936,2923,2933.5,1506,0
20240715,220000,2933,2933,2918.5,2922.5,1233,0
20240715,230000,2922.5,2925.5,2918.5,2923,609,0
20240716,100000,2925,2944.5,2905,2913.5,10300,0
20240716,110000,2911.5,2919,2880.5,2889,11231,0
20240716,120000,2890,2929,2888,2914,12565,0
20240716,130000,2914.5,2921.5,2898,2901.5,6934,0
20240716,140000,2900,2909,2892,2909,2276,0
20240716,150000,2910,2916,2898.5,2899.5,1874,0
20240716,160000,2902,2904,2887,2897.5,1913,0
20240716,170000,2899,2940,2890,2940,6414,0
20240716,180000,2940,2973.5,2922,2950.5,23815,0
20240716,190000,2951,2954.5,2935.5,2940.5,3421,0
20240716,200000,2940.5,2957.5,2940.5,2957,1646,0
20240716,210000,2957,2957.5,2950,2955,2254,0
20240716,220000,2955,2966.5,2955,2963,2120,0
20240716,230000,2962.5,2966.5,2962.5,2965,435,0
20240717,100000,2965,2979,2941.5,2946,12809,0
20240717,110000,2947.5,2983.5,2942,2972,8258,0
20240717,120000,2973.5,2990,2970,2975,10211,0
20240717,130000,2975,2982,2962,2964.5,2661,0
20240717,140000,2963,2974.5,2957.5,2963,2289,0
20240717,150000,2963,2974.5,2961,2970.5,3106,0
20240717,160000,2970,2976,2964,2974,1400,0
20240717,170000,2974.5,2979,2965,2967,2563,0
20240717,180000,2965,2965,2949.5,2950,7758,0
20240717,190000,2954,2963.5,2954,2956,2860,0
20240717,200000,2957.5,2957.5,2943,2947,2438,0
20240717,210000,2947,2951,2946,2948.5,975,0
20240717,220000,2948.5,2951.5,2948,2949.5,609,0
20240717,230000,2949.5,2952.5,2947.5,2950.5,965,0
20240718,100000,2940,2948,2915,2927,11870,0
20240718,110000,2926.5,2937.5,2919,2935,4393,0
20240718,120000,2935.5,2944.5,2929.5,2942,3326,0
20240718,130000,2942,2945,2935.5,2941,1713,0
20240718,140000,2942,2942.5,2934.5,2941,984,0
20240718,150000,2941.5,2949,2929,2942.5,5898,0
20240718,160000,2944,2963.5,2942,2958,4720,0
20240718,170000,2958,2974,2950.5,2971.5,4919,0
20240718,180000,2972.5,2989,2972.5,2984.5,6129,0
20240718,190000,2984.5,2990,2981.5,2987,2805,0
20240718,200000,2987,2995,2980.5,2995,2127,0
20240718,210000,2995,2999,2989.5,2991,1733,0
20240718,220000,2991,2995,2990,2993.5,670,0
20240718,230000,2994,2998.5,2994,2997,584,0
20240719,100000,2997,3008.5,2977.5,2981.5,8549,0
20240719,110000,2983,2992,2976.5,2981,3230,0
20240719,120000,2981.5,3001.5,2981,2999.5,2955,0
20240719,130000,2999.5,3024,2996,3019,6331,0
20240719,140000,3019.5,3021,3010,3018,4240,0
20240719,150000,3016,3021.5,3010.5,3018,1967,0
20240719,160000,3016.5,3029,3012.5,3012.5,2882,0
20240719,170000,3012,3017.5,3009,3013.5,1888,0
20240719,180000,3014,3019,3004,3013,2797,0
20240719,190000,3015,3015,3005.5,3007.5,1122,0
20240719,200000,3007,3007.5,3000.5,3003.5,1147,0
20240719,210000,3004,3009.5,3002.5,3009,1113,0
20240719,220000,3009.5,3012.5,3009,3012.5,332,0
20240719,230000,3013,3013.5,3009,3009,280,0
20240722,100000,3020,3041,3016,3035.5,8621,0
20240722,110000,3035.5,3046.5,3033,3040.5,2785,0
20240722,120000,3040.5,3040.5,3025.5,3028.5,3205,0
20240722,130000,3028,3033,3022.5,3030,3199,0
20240722,140000,3030.5,3038,3028.5,3035.5,4314,0
20240722,150000,3035,3036.5,3030,3030.5,1687,0
20240722,160000,3030,3030,3014,3023.5,7384,0
20240722,170000,3022.5,3033,3014.5,3030.5,4636,0
20240722,180000,3029,3035.5,3018,3021.5,2027,0
20240722,190000,3031,3060,3023.5,3033.5,2378,0
20240722,200000,3034,3039,3033.5,3036,905,0
20240722,210000,3035.5,3039,3035.5,3037.5,431,0
20240722,220000,3039.5,3040,3036,3037,346,0
20240722,230000,3037,3039,3036,3036,162,0
20240723,100000,3038,3038.5,3020,3027,4221,0
20240723,110000,3027,3031.5,3015,3023.5,3739,0
20240723,120000,3023,3023,3008,3011.5,4254,0
20240723,130000,3011.5,3022.5,3010,3021,1556,0
20240723,140000,3021.5,3023.5,3013,3015,1934,0
20240723,150000,3015.5,3020,3011,3019,1402,0
20240723,160000,3019.5,3021.5,3014,3017.5,996,0
20240723,170000,3018,3039,3015.5,3033,4168,0
20240723,180000,3033.5,3034.5,3022.5,3028,1858,0
20240723,190000,3033,3039,3025,3036,2449,0
20240723,200000,3036.5,3039.5,3034,3035.5,554,0
20240723,210000,3035.5,3039.5,3035,3035.5,952,0
20240723,220000,3035.5,3037,3035,3036,186,0
20240723,230000,3036,3036.5,3032,3034.5,474,0
20240724,100000,3038,3042,3020,3039,5780,0
20240724,110000,3039,3048.5,3032,3044.5,3916,0
20240724,120000,3044.5,3047,3040,3044,1181,0
20240724,130000,3044.5,3045,3038.5,3042.5,470,0
20240724,140000,3043,3050,3042.5,3047.5,1597,0
20240724,150000,3047.5,3050,3045,3046,610,0
20240724,160000,3046,3056,3046,3055,1628,0
20240724,170000,3056,3057,3051.5,3056,1753,0
20240724,180000,3056,3058.5,3049.5,3054,1176,0
20240724,190000,3055,3090,3045,3048,3565,0
20240724,200000,3047.5,3050,3046.5,3048.5,243,0
20240724,210000,3049,3049,3046.5,3046.5,327,0
20240724,220000,3046,3047,3042.5,3042.5,599,0
20240724,230000,3042.5,3046,3042.5,3043.5,458,0
20240725,100000,3043,3047.5,3029.5,3038,5980,0
20240725,110000,3037.5,3041,3023.5,3024.5,3904,0
20240725,120000,3024,3036,3023.5,3029.5,2053,0
20240725,130000,3029,3044.5,3027,3043.5,3155,0
20240725,140000,3043.5,3043.5,3033,3033.5,7375,0
20240725,150000,3033,3037,3031,3032,1900,0
20240725,160000,3032,3041,3031.5,3040.5,6434,0
20240725,170000,3040.5,3048.5,3037,3048,3372,0
20240725,180000,3048,3050.5,3042,3043,2380,0
20240725,190000,3045.5,3046.5,3041.5,3043,883,0
20240725,200000,3044,3044,3038,3040.5,320,0
20240725,210000,3040.5,3041.5,3038.5,3039,454,0
20240725,220000,3040,3040,3035.5,3036.5,511,0
20240725,230000,3036.5,3037,3034,3035,220,0
20240726,100000,3051.5,3064.5,3031.5,3052.5,9998,0
20240726,110000,3052.5,3064.5,3050,3051.5,12089,0
20240726,120000,3051.5,3062.5,3048.5,3061.5,3460,0
20240726,130000,3062.5,3067,3013.5,3027,24632,0
20240726,140000,3026,3028.5,2995.5,2996,13589,0
20240726,150000,2996,3000,2975,3000,11882,0
20240726,160000,2999.5,3014,2991,3011,5740,0
20240726,170000,3011,3018,3001.5,3007.5,4212,0
20240726,180000,3007.5,3009,2982,2982,7539,0
20240726,190000,2982,2998,2982,2990,1867,0
20240726,200000,2990.5,2994,2988,2988,1330,0
20240726,210000,2988,2990,2982.5,2984.5,1239,0
20240726,220000,2983,2985,2978,2982.5,3012,0
20240726,230000,2983,2989,2983,2987.5,1626,0
20240729,100000,2977,2980,2947.5,2958,15288,0
20240729,110000,2957.5,2962,2937.5,2937.5,6403,0
20240729,120000,2937,2939,2921,2934.5,6369,0
20240729,130000,2934.5,2942.5,2925,2929.5,3764,0
20240729,140000,2930,2945,2927,2941.5,3236,0
20240729,150000,2942,2947.5,2931.5,2947.5,2938,0
20240729,160000,2947,2954.5,2938.5,2949,3494,0
20240729,170000,2948.5,2950,2921.5,2924,4829,0
20240729,180000,2924.5,2927,2912.5,2920,7729,0
20240729,190000,2916,2917.5,2909,2913.5,2053,0
20240729,200000,2912.5,2920,2910,2917.5,1901,0
20240729,210000,2918,2919,2912,2912.5,719,0
20240729,220000,2912,2915.5,2910,2915,2199,0
20240729,230000,2915.5,2918,2913.5,2915,642,0
20240730,100000,2915,2934,2899.5,2928,17307,0
20240730,110000,2928.5,2938.5,2920.5,2923,5337,0
20240730,120000,2922,2937,2921.5,2936,2582,0
20240730,130000,2937,2943,2935.5,2943,3898,0
20240730,140000,2943.5,2949,2937.5,2947.5,4489,0
20240730,150000,2948,2953,2944,2951,3087,0
20240730,160000,2951,2953.5,2946.5,2948.5,2163,0
20240730,170000,2948.5,2954.5,2940,2951.5,3191,0
20240730,180000,2950.5,2956.5,2942.5,2953,3045,0
20240730,190000,2953,2959.5,2950,2951,2644,0
20240730,200000,2950,2955,2950,2954.5,613,0
20240730,210000,2954.5,2956,2944.5,2950,1436,0
20240730,220000,2949.5,2951,2946,2948,436,0
20240730,230000,2947,2955.5,2946.5,2955,872,0
20240731,100000,2957,2964,2943.5,2951,5547,0
20240731,110000,2950.5,2962.5,2950,2958,3272,0
20240731,120000,2958.5,2959,2932.5,2934,3871,0
20240731,130000,2934,2946,2933,2937,2039,0
20240731,140000,2937,2955.5,2929,2953,5448,0
20240731,150000,2953,2968.5,2946.5,2955.5,8577,0
20240731,160000,2955.5,2961,2947.5,2961,4099,0
20240731,170000,2961,2962.5,2948,2952.5,2095,0
20240731,180000,2952,2952,2946,2946.5,2245,0
20240731,190000,2951.5,2954,2944,2944.5,1426,0
20240731,200000,2944,2945,2942,2943.5,647,0
20240731,210000,2944.5,2953.5,2943,2953.5,730,0
20240731,220000,2953.5,2956,2949.5,2955.5,920,0
20240731,230000,2955.5,2960,2954.5,2960,907,0
20240801,100000,2960.5,2972,2950,2969,6832,0
20240801,110000,2968,2969.5,2956,2957,3939,0
20240801,120000,2957,2961.5,2953.5,2957,2532,0
20240801,130000,2957,2964,2955.5,2957,1125,0
20240801,140000,2959,2959,2948,2952,3700,0
20240801,150000,2952,2954.5,2947.5,2950,1891,0
20240801,160000,2948.5,2959,2948.5,2955.5,1135,0
20240801,170000,2957,2958,2946,2948,1517,0
20240801,180000,2946,2946.5,2939,2939.5,4136,0
20240801,190000,2940,2942.5,2936.5,2941,1449,0
20240801,200000,2941,2941,2931.5,2933,2050,0
20240801,210000,2933.5,2934,2922.5,2925.5,2497,0
20240801,220000,2925.5,2929,2924,2927.5,667,0
20240801,230000,2927,2928.5,2925,2925,438,0
20240802,100000,2924,2936.5,2912.5,2929.5,7932,0
20240802,110000,2928,2930,2916,2917,2915,0
20240802,120000,2917,2919.5,2907.5,2913.5,4488,0
20240802,130000,2914,2915.5,2908,2912,2444,0
20240802,140000,2911,2912,2893,2901,8368,0
20240802,150000,2902,2906,2890,2896.5,5487,0
20240802,160000,2896.5,2908.5,2893,2906,4645,0
20240802,170000,2906.5,2922.5,2902,2910.5,6317,0
20240802,180000,2911.5,2915,2899,2904.5,3785,0
20240802,190000,2907,2907,2898.5,2898.5,1255,0
20240802,200000,2898.5,2904.5,2897.5,2900.5,1599,0
20240802,210000,2900.5,2903,2899,2901.5,329,0
20240802,220000,2903,2905.5,2901.5,2903.5,362,0
20240802,230000,2903.5,2904.5,2900.5,2902,297,0
20240805,100000,2885,2885.5,2830,2852,16868,0
20240805,110000,2850.5,2861,2837,2841,6131,0
20240805,120000,2842,2845.5,2831,2840,6751,0
20240805,130000,2840,2843.5,2824.5,2840,7584,0
20240805,140000,2839,2842.5,2829,2829,4768,0
20240805,150000,2829,2834,2812,2816,8119,0
20240805,160000,2815.5,2830.5,2815,2818.5,4867,0
20240805,170000,2820,2833.5,2820,2832.5,2639,0
20240805,180000,2833,2842,2830,2830,4186,0
20240805,190000,2831.5,2845,2830,2838,3429,0
20240805,200000,2839,2845.5,2836.5,2840.5,3339,0
20240805,210000,2840,2840,2819.5,2822.5,4066,0
20240805,220000,2823,2827.5,2822,2823.5,1435,0
20240805,230000,2824.5,2826,2822,2822,745,0
20240806,100000,2840.5,2868.5,2840.5,2866.5,15015,0
20240806,110000,2866.5,2868,2843.5,2844.5,7999,0
20240806,120000,2844.5,2853,2840,2847,3044,0
20240806,130000,2845.5,2854,2841.5,2852,2406,0
20240806,140000,2853,2856,2840.5,2842.5,2869,0
20240806,150000,2843,2843,2826,2826,6020,0
20240806,160000,2827,2831.5,2817.5,2829.5,5054,0
20240806,170000,2829.5,2842.5,2828,2833,5639,0
20240806,180000,2833,2844.5,2833,2837.5,3028,0
20240806,190000,2837.5,2839.5,2834,2838.5,1635,0
20240806,200000,2840,2842,2838,2842,956,0
20240806,210000,2842,2847,2842,2847,1337,0
20240806,220000,2845,2845,2840,2841,596,0
20240806,230000,2841,2841.5,2837.5,2841.5,560,0
20240807,100000,2841.5,2859,2830,2835.5,11246,0
20240807,110000,2834.5,2835.5,2807.5,2818.5,10055,0
20240807,120000,2818,2832,2805.5,2830.5,8783,0
20240807,130000,2832,2840.5,2818,2822.5,6932,0
20240807,140000,2825,2834.5,2821,2833.5,4511,0
20240807,150000,2834,2850,2834,2848.5,9816,0
20240807,160000,2848.5,2854,2840,2849.5,5981,0
20240807,170000,2850.5,2870.5,2849,2868,6890,0
20240807,180000,2867.5,2881,2867,2879,6617,0
20240807,190000,2879,2889.5,2872,2874,5331,0
20240807,200000,2875,2877,2865.5,2869,2703,0
20240807,210000,2869,2870,2860,2862,1749,0
20240807,220000,2863,2870,2862,2869.5,2610,0
20240807,230000,2868.5,2874,2867.5,2873,1750,0
20240808,100000,2874.5,2887.5,2868,2881,11823,0
20240808,110000,2881.5,2889,2878,2886,3293,0
20240808,120000,2886,2892.5,2873.5,2876,3995,0
20240808,130000,2876,2882,2864,2867,4440,0
20240808,140000,2867,2875,2859.5,2870,3874,0
20240808,150000,2870,2875.5,2863.5,2865,2053,0
20240808,160000,2864,2867.5,2854.5,2859.5,3591,0
20240808,170000,2858,2868,2854.5,2865,2373,0
20240808,180000,2865,2865,2850,2850.5,4778,0
20240808,190000,2856,2859.5,2842.5,2843,4806,0
20240808,200000,2843,2846,2835,2842,3063,0
20240808,210000,2842,2847,2841,2844,798,0
20240808,220000,2844,2847.5,2839,2842,1559,0
20240808,230000,2842,2844,2841,2842.5,364,0
20240809,100000,2840,2869,2832.5,2868,12100,0
20240809,110000,2868.5,2872.5,2854.5,2862,5162,0
20240809,120000,2862,2864.5,2849,2854,5139,0
20240809,130000,2854,2860.5,2850.5,2854,3534,0
20240809,140000,2852,2858.5,2850,2856.5,1733,0
20240809,150000,2856,2863.5,2851,2858,2422,0
20240809,160000,2858.5,2858.5,2845.5,2849,3511,0
20240809,170000,2846.5,2852.5,2845.5,2852.5,1704,0
20240809,180000,2851.5,2854.5,2847,2852.5,1179,0
20240809,190000,2847,2851,2846.5,2847.5,948,0
20240809,200000,2847.5,2850.5,2847.5,2849.5,955,0
20240809,210000,2849.5,2849.5,2847,2847,502,0
20240809,220000,2848,2850,2847,2849.5,429,0
20240809,230000,2848.5,2852,2847.5,2852,1810,0
20240812,100000,2842.5,2851.5,2827.5,2837,8354,0
20240812,110000,2837,2839.5,2821.5,2822,4118,0
20240812,120000,2822,2831.5,2818,2828,3833,0
20240812,130000,2827.5,2840,2825,2835,3727,0
20240812,140000,2835.5,2847,2835.5,2845,3963,0
20240812,150000,2845,2861.5,2845,2856,6556,0
20240812,160000,2856.5,2858,2846.5,2848,2480,0
20240812,170000,2848,2854.5,2843.5,2852,2116,0
20240812,180000,2853,2858,2848,2848,2500,0
20240812,190000,2848.5,2855,2848.5,2851,1033,0
20240812,200000,2851,2857.5,2850.5,2856.5,773,0
20240812,210000,2857.5,2860,2855.5,2860,879,0
20240812,220000,2860,2864,2859,2863.5,1440,0
20240812,230000,2863.5,2865,2861,2863,630,0
20240813,100000,2865,2878,2863,2872.5,7048,0
20240813,110000,2872,2877.5,2864.5,2877.5,3955,0
20240813,120000,2877.5,2886,2875.5,2885.5,5241,0
20240813,130000,2885.5,2887.5,2878,2883,4895,0
20240813,140000,2882.5,2885.5,2875.5,2885.5,3474,0
20240813,150000,2885.5,2891.5,2884.5,2886,3164,0
20240813,160000,2887,2896,2883.5,2896,4912,0
20240813,170000,2896,2898,2890,2891.5,2516,0
20240813,180000,2890.5,2891.5,2881.5,2885.5,1726,0
20240813,190000,2886.5,2889.5,2886,2888,1304,0
20240813,200000,2887,2891.5,2887,2891.5,484,0
20240813,210000,2891.5,2891.5,2886.5,2886.5,447,0
20240813,220000,2887.5,2895.5,2887.5,2894.5,1414,0
20240813,230000,2895.5,2898.5,2893.5,2895,1186,0
20240814,100000,2896.5,2913,2892.5,2904,9339,0
20240814,110000,2902.5,2910.5,2895,2910.5,6383,0
20240814,120000,2910,2914,2902.5,2908.5,4053,0
20240814,130000,2909,2909,2891,2896,6336,0
20240814,140000,2894.5,2898.5,2885,2893,6740,0
20240814,150000,2893,2897,2889.5,2893,2769,0
20240814,160000,2894,2894,2878,2884.5,5794,0
20240814,170000,2882.5,2888,2879,2887,4717,0
20240814,180000,2886,2886,2869,2870.5,6202,0
20240814,190000,2869,2874,2860,2867.5,5237,0
20240814,200000,2868,2872,2863,2867,1588,0
20240814,210000,2867,2870.5,2865,2866.5,1093,0
20240814,220000,2866.5,2867.5,2862,2862.5,628,0
20240814,230000,2862.5,2866.5,2862,2863,1094,0
20240815,100000,2863.5,2874.5,2854,2855.5,10711,0
20240815,110000,2856,2863,2848.5,2850.5,3666,0
20240815,120000,2850.5,2869.5,2847,2868,5601,0
20240815,130000,2867.5,2871,2855,2859.5,1680,0
20240815,140000,2859.5,2861.5,2847,2854,4353,0
20240815,150000,2854.5,2857,2845,2847,3734,0
20240815,160000,2847,2855,2843.5,2850,3190,0
20240815,170000,2850.5,2853,2843,2843.5,2303,0
20240815,180000,2843,2846,2838,2838,5341,0
20240815,190000,2843.5,2846,2837.5,2845,2413,0
20240815,200000,2845.5,2847.5,2844,2846,1293,0
20240815,210000,2845,2846.5,2842,2842.5,718,0
20240815,220000,2842,2844,2842,2843.5,591,0
20240815,230000,2843,2843.5,2840,2840,906,0
20240816,100000,2841.5,2852,2836.5,2841,7961,0
20240816,110000,2841,2844,2833.5,2837,3334,0
20240816,120000,2836,2842,2835,2838.5,1889,0
20240816,130000,2838.5,2838.5,2830.5,2834.5,1816,0
20240816,140000,2834,2840,2831.5,2835,860,0
20240816,150000,2834,2842,2832,2841,1405,0
20240816,160000,2841,2849.5,2839,2846,5574,0
20240816,170000,2846,2847,2840,2840,1872,0
20240816,180000,2840,2840.5,2826.5,2828,7406,0
20240816,190000,2836.5,2836.5,2826.5,2826.5,3491,0
20240816,200000,2826.5,2829,2820,2820,3012,0
20240816,210000,2820,2821,2816,2817,2469,0
20240816,220000,2816,2817,2810,2810.5,3122,0
20240816,230000,2810.5,2820.5,2810,2811.5,1241,0
20240819,100000,2820,2827,2810,2814,9382,0
20240819,110000,2814.5,2831,2813,2815.5,7170,0
20240819,120000,2815,2817,2801,2805,7073,0
20240819,130000,2804,2804,2791.5,2798.5,12737,0
20240819,140000,2799,2802,2786,2791,5244,0
20240819,150000,2790,2794,2780.5,2782.5,6713,0
20240819,160000,2783.5,2797.5,2781,2794.5,7365,0
20240819,170000,2795,2798,2788,2795,3373,0
20240819,180000,2794.5,2794.5,2777.5,2779,3633,0
20240819,190000,2781.5,2782,2768.5,2777.5,5756,0
20240819,200000,2777.5,2778.5,2771.5,2776,956,0
20240819,210000,2776,2779,2773.5,2775.5,1479,0
20240819,220000,2774.5,2778.5,2772.5,2778,837,0
20240819,230000,2779,2782,2778.5,2781.5,601,0
20240820,100000,2780,2791.5,2765,2769.5,13734,0
20240820,110000,2769,2775.5,2755.5,2775.5,7026,0
20240820,120000,2776,2787,2766.5,2786,8854,0
20240820,130000,2787,2798,2786.5,2793.5,9541,0
20240820,140000,2795,2804,2788.5,2793,6454,0
20240820,150000,2793,2799.5,2783,2784,6001,0
20240820,160000,2783.5,2798,2782,2794,5778,0
20240820,170000,2793.5,2797,2782,2782,3331,0
20240820,180000,2782,2782.5,2772,2776.5,4386,0
20240820,190000,2777.5,2781,2766,2766,4382,0
20240820,200000,2766.5,2776,2765,2771,2466,0
20240820,210000,2770,2774.5,2768,2770,1294,0
20240820,220000,2770,2771.5,2767.5,2771.5,763,0
20240820,230000,2771,2774,2771,2774,551,0
20240821,100000,2772.5,2787,2771,2775,6546,0
20240821,110000,2776,2776.5,2760.5,2764,6336,0
20240821,120000,2764,2766.5,2756,2758.5,8356,0
20240821,130000,2758.5,2762.5,2749.5,2759,6832,0
20240821,140000,2757,2766,2752,2764,4257,0
20240821,150000,2764,2776,2761.5,2762.5,4588,0
20240821,160000,2762,2781,2756.5,2776.5,8825,0
20240821,170000,2778.5,2786.5,2774,2775.5,8319,0
20240821,180000,2775,2779.5,2765,2776,6057,0
20240821,190000,2779.5,2787.5,2764,2768.5,4198,0
20240821,200000,2768.5,2771.5,2765.5,2769.5,1998,0
20240821,210000,2770,2775.5,2769,2772,2228,0
20240821,220000,2772.5,2778,2771.5,2776,578,0
20240821,230000,2776.5,2779.5,2775.5,2779,636,0
20240822,100000,2779,2785,2767.5,2776.5,7687,0
20240822,110000,2776.5,2790.5,2773.5,2786,7136,0
20240822,120000,2786,2786.5,2774,2782,5061,0
20240822,130000,2782,2784,2772,2776.5,3724,0
20240822,140000,2775,2777.5,2762,2764.5,4820,0
20240822,150000,2764,2770.5,2755.5,2755.5,8214,0
20240822,160000,2755.5,2761,2737,2748,16434,0
20240822,170000,2748,2755.5,2739.5,2747.5,8142,0
20240822,180000,2747.5,2747.5,2730,2733,12093,0
20240822,190000,2733.5,2733.5,2716.5,2726.5,8412,0
20240822,200000,2727.5,2729,2720.5,2723,3220,0
20240822,210000,2723,2724,2715,2715,2170,0
20240822,220000,2716,2728.5,2712,2726,3985,0
20240822,230000,2726,2728.5,2724,2726,2054,0
20240823,100000,2726,2732.5,2689.5,2702,27694,0
20240823,110000,2702,2713.5,2698,2707,8874,0
20240823,120000,2707,2725.5,2706,2716.5,7940,0
20240823,130000,2715,2716.5,2697.5,2704,4975,0
20240823,140000,2705,2706,2690,2692,8050,0
20240823,150000,2692,2702,2680,2698,13579,0
20240823,160000,2696.5,2702.5,2685.5,2693,4055,0
20240823,170000,2692.5,2693.5,2666.5,2668.5,8270,0
20240823,180000,2667.5,2677,2656.5,2668,10430,0
20240823,190000,2668,2670,2658.5,2669.5,5797,0
20240823,200000,2668.5,2676.5,2667.5,2672.5,6084,0
20240823,210000,2672.5,2678.5,2672.5,2676,2448,0
20240823,220000,2676,2691,2676,2687,7174,0
20240823,230000,2687,2696,2685.5,2693,3767,0
20240826,100000,2726,2769.5,2726,2747,34484,0
20240826,110000,2747,2754.5,2736.5,2751,10361,0
20240826,120000,2751.5,2759,2748.5,2754.5,9532,0
20240826,130000,2755,2771.5,2755,2769.5,13144,0
20240826,140000,2769,2786.5,2767,2778,14353,0
20240826,150000,2778.5,2787,2769.5,2780.5,11365,0
20240826,160000,2783,2798.5,2778.5,2781.5,16431,0
20240826,170000,2783,2788,2766,2771.5,12133,0
20240826,180000,2773,2773,2763.5,2771.5,4701,0
20240826,190000,2770,2785,2769.5,2784.5,6397,0
20240826,200000,2783.5,2785.5,2778.5,2780.5,1965,0
20240826,210000,2780,2782.5,2777.5,2777.5,1147,0
20240826,220000,2777.5,2786,2777.5,2785,1655,0
20240826,230000,2785,2790,2785,2789.5,1360,0
20240827,100000,2789,2805.5,2777.5,2782.5,22179,0
20240827,110000,2783,2787,2763,2765,11973,0
20240827,120000,2766,2771.5,2759.5,2769.5,9205,0
20240827,130000,2769.5,2775.5,2760,2761.5,5927,0
20240827,140000,2761.5,2765.5,2751,2763,12806,0
20240827,150000,2763,2764,2746,2749.5,12778,0
20240827,160000,2749,2751.5,2732.5,2735.5,10419,0
20240827,170000,2734.5,2746.5,2732.5,2739,8450,0
20240827,180000,2738.5,2740.5,2730.5,2733.5,7192,0
20240827,190000,2735,2736.5,2725.5,2729,5688,0
20240827,200000,2728.5,2733.5,2727.5,2731.5,1937,0
20240827,210000,2732.5,2732.5,2726,2729.5,1167,0
20240827,220000,2730,2733,2728,2733,1111,0
20240827,230000,2732.5,2738,2731.5,2738,889,0
20240828,100000,2735,2737.5,2712,2721.5,18687,0
20240828,110000,2720.5,2731,2704,2709.5,10396,0
20240828,120000,2708.5,2708.5,2700.5,2700.5,7806,0
20240828,130000,2701,2701.5,2679.5,2687,13948,0
20240828,140000,2686.5,2687,2670,2670.5,9027,0
20240828,150000,2670.5,2700.5,2670,2690.5,19385,0
20240828,160000,2690.5,2714.5,2690.5,2711,17122,0
20240828,170000,2712,2723,2708,2711,11958,0
20240828,180000,2710.5,2711.5,2698.5,2706,9048,0
20240828,190000,2703,2717,2703,2707,4733,0
20240828,200000,2708,2723,2707.5,2722,5113,0
20240828,210000,2722,2722.5,2717.5,2720,2545,0
20240828,220000,2720,2720.5,2716,2719.5,1301,0
20240828,230000,2719.5,2720.5,2717,2717,1751,0
20240829,100000,2715.5,2728,2700,2711,16168,0
20240829,110000,2711,2726,2710,2720,9094,0
20240829,120000,2720.5,2722,2687,2689,16176,0
20240829,130000,2690,2705,2689.5,2700.5,9117,0
20240829,140000,2698,2708.5,2686,2699,7749,0
20240829,150000,2700,2721.5,2695,2698,12016,0
20240829,160000,2698,2703.5,2691.5,2699.5,7147,0
20240829,170000,2697.5,2717.5,2682,2712.5,15429,0
20240829,180000,2712.5,2722,2705.5,2719.5,8823,0
20240829,190000,2720.5,2735,2714.5,2726,10096,0
20240829,200000,2726,2728,2720,2727,2363,0
20240829,210000,2726.5,2731,2724.5,2725.5,2149,0
20240829,220000,2725,2726.5,2722,2722,953,0
20240829,230000,2722,2725.5,2721,2725.5,1237,0
20240830,100000,2728,2730,2696.5,2700,16745,0
20240830,110000,2701.5,2710,2693.5,2705,12226,0
20240830,120000,2705,2706.5,2670.5,2679.5,15739,0
20240830,130000,2680.5,2685,2660,2673,22958,0
20240830,140000,2674,2677,2654,2656.5,17293,0
20240830,150000,2656,2669.5,2644,2664.5,18714,0
20240830,160000,2663,2665.5,2648.5,2663,10174,0
20240830,170000,2662,2673,2652,2652,15218,0
20240830,180000,2651.5,2658.5,2648,2652,6703,0
20240830,190000,2652,2655,2633,2634.5,8080,0
20240830,200000,2634.5,2639.5,2624,2639.5,11090,0
20240830,210000,2638.5,2642.5,2636.5,2642,3995,0
20240830,220000,2642,2643,2631.5,2635.5,2268,0
20240830,230000,2635,2639.5,2633.5,2638,3191,0
20240902,100000,2619,2631.5,2593.5,2595,34837,0
20240902,110000,2595,2605.5,2575.5,2579.5,29139,0
20240902,120000,2579,2590,2570,2578.5,19400,0
20240902,130000,2578.5,2597.5,2577.5,2588,13016,0
20240902,140000,2588,2589.5,2570,2575,13209,0
20240902,150000,2575,2578,2551.5,2551.5,31079,0
20240902,160000,2552,2561,2542.5,2557.5,18259,0
20240902,170000,2557.5,2577,2552.5,2562,16682,0
20240902,180000,2562.5,2569.5,2540,2542,13107,0
20240902,190000,2546.5,2549.5,2528,2531.5,11646,0
20240902,200000,2533,2533,2523,2524,6100,0
20240902,210000,2524,2533.5,2521.5,2531,7522,0
20240902,220000,2529.5,2543,2529,2538,5494,0
20240902,230000,2537.5,2548,2535,2547,3495,0
20240903,100000,2548,2576,2522.5,2530,43879,0
20240903,110000,2530,2595,2528.5,2593.5,40723,0
20240903,120000,2593,2596,2578,2589,26002,0
20240903,130000,2587.5,2607,2585.5,2588.5,18152,0
20240903,140000,2589,2589,2555,2560.5,20737,0
20240903,150000,2561,2570,2542.5,2556,19086,0
20240903,160000,2555.5,2566,2552,2555,7296,0
20240903,170000,2556,2557,2526.5,2529,17611,0
20240903,180000,2528.5,2533.5,2516.5,2528.5,14107,0
20240903,190000,2525.5,2540,2523,2531,8741,0
20240903,200000,2530.5,2541,2529.5,2534,9545,0
20240903,210000,2533.5,2550,2531.5,2549.5,5147,0
20240903,220000,2549.5,2550,2543,2546,2426,0
20240903,230000,2547,2548.5,2545,2547,996,0
20240904,100000,2548.5,2567.5,2538.5,2558,30299,0
20240904,110000,2558,2578.5,2555,2559,14639,0
20240904,120000,2560,2570.5,2549,2564,13112,0
20240904,130000,2564,2582.5,2557,2580.5,13205,0
20240904,140000,2580.5,2587.5,2568.5,2585.5,20975,0
20240904,150000,2586,2596.5,2575.5,2581,15254,0
20240904,160000,2581.5,2588,2572,2580,10704,0
20240904,170000,2579.5,2597.5,2579,2595,10493,0
20240904,180000,2595,2618,2587,2615,17029,0
20240904,190000,2618,2625,2611.5,2621.5,13734,0
20240904,200000,2622,2627.5,2616,2627,4387,0
20240904,210000,2627,2627,2613,2619,3151,0
20240904,220000,2618.5,2622,2616.5,2621,1294,0
20240904,230000,2622,2627,2622,2626,2225,0
20240905,100000,2631.5,2638.5,2611.5,2625,21754,0
20240905,110000,2625,2636,2616,2626.5,14098,0
20240905,120000,2625.5,2647.5,2623.5,2645.5,19651,0
20240905,130000,2645.5,2647.5,2637.5,2646.5,8706,0
20240905,140000,2647,2661,2646,2657,16230,0
20240905,150000,2657,2663,2640.5,2650.5,16565,0
20240905,160000,2652,2658,2648,2649.5,6307,0
20240905,170000,2649,2654,2640,2640,7108,0
20240905,180000,2640,2640.5,2624.5,2626.5,13774,0
20240905,190000,2626.5,2626.5,2616,2620.5,5266,0
20240905,200000,2620,2628.5,2619,2623,3011,0
20240905,210000,2623,2625.5,2610,2618.5,7847,0
20240905,220000,2618.5,2619.5,2615,2616,2978,0
20240905,230000,2615.5,2620,2615,2620,1274,0
20240906,100000,2618,2635,2608.5,2624,22117,0
20240906,110000,2623.5,2640,2612,2617,14178,0
20240906,120000,2617,2623,2606.5,2621,17383,0
20240906,130000,2621,2628,2612,2616.5,7321,0
20240906,140000,2619.5,2631,2613,2622.5,10651,0
20240906,150000,2622.5,2648,2620.5,2644,14894,0
20240906,160000,2646,2649,2637,2647,12208,0
20240906,170000,2647,2651,2625.5,2625.5,13762,0
20240906,180000,2625.5,2631,2620.5,2626,7647,0
20240906,190000,2628,2636,2625.5,2632.5,5712,0
20240906,200000,2632.5,2637.5,2629.5,2634.5,3200,0
20240906,210000,2635,2635,2632.5,2633,1944,0
20240906,220000,2633,2641.5,2633,2640.5,1537,0
20240906,230000,2640.5,2644,2639,2643.5,1736,0
20240909,100000,2646.5,2675,2646.5,2673,26724,0
20240909,110000,2673,2682,2671.5,2676,12774,0
20240909,120000,2676,2692,2673,2686,13814,0
20240909,130000,2687.5,2694,2685.5,2692,10612,0
20240909,140000,2692,2693.5,2681.5,2687.5,9648,0
20240909,150000,2687,2695,2684,2685,10044,0
20240909,160000,2685.5,2689,2677.5,2685,14557,0
20240909,170000,2685,2699,2684,2694,14376,0
20240909,180000,2694.5,2711,2692,2708,30130,0
20240909,190000,2711,2720,2707,2718.5,24320,0
20240909,200000,2718,2719.5,2710,2713,8990,0
20240909,210000,2712.5,2718,2711.5,2718,5537,0
20240909,220000,2717.5,2722,2714.5,2722,3364,0
20240909,230000,2721.5,2725.5,2721.5,2723.5,2734,0
20240910,100000,2726,2734,2706,2709.5,40902,0
20240910,110000,2708.5,2716,2698,2699,24832,0
20240910,120000,2699,2706,2691,2701,16338,0
20240910,130000,2701.5,2710,2693,2699,10292,0
20240910,140000,2699,2706.5,2692.5,2693.5,6684,0
20240910,150000,2694,2697,2683,2690,10448,0
20240910,160000,2690,2698.5,2688.5,2696,4598,0
20240910,170000,2696,2696.5,2671.5,2676,15484,0
20240910,180000,2676,2681,2669.5,2671,12363,0
20240910,190000,2671.5,2676.5,2662,2670,8501,0
20240910,200000,2670,2676.5,2668,2672,5483,0
20240910,210000,2672,2677.5,2670.5,2677.5,2248,0
20240910,220000,2677,2684.5,2674.5,2683.5,3100,0
20240910,230000,2684,2684.5,2681.5,2684.5,721,0
20240911,100000,2682,2693.5,2673.5,2673.5,19186,0
20240911,110000,2673.5,2677.5,2663.5,2667,8970,0
20240911,120000,2667,2676,2660,2672,9688,0
20240911,130000,2672,2676.5,2663.5,2670.5,5885,0
20240911,140000,2670,2682.5,2663,2680,7080,0
20240911,150000,2680.5,2687,2673.5,2683,6881,0
20240911,160000,2682.5,2684,2674,2678,5828,0
20240911,170000,2677,2681.5,2666.5,2666.5,8139,0
20240911,180000,2667,2674,2664.5,2666.5,4974,0
20240911,190000,2668.5,2681,2653.5,2655,19413,0
20240911,200000,2654.5,2660.5,2652.5,2653,3285,0
20240911,210000,2653,2655,2645,2645,3855,0
20240911,220000,2645,2645.5,2634,2641.5,10479,0
20240911,230000,2641.5,2647.5,2640,2644,2058,0
20240912,100000,2640,2650.5,2627.5,2630.5,16760,0
20240912,110000,2631,2635,2619.5,2627.5,20544,0
20240912,120000,2628,2635.5,2622,2627,9114,0
20240912,130000,2626.5,2626.5,2615.5,2625,11096,0
20240912,140000,2625.5,2632.5,2622,2627.5,6423,0
20240912,150000,2627.5,2634,2608,2611,14177,0
20240912,160000,2610.5,2620,2610.5,2620,9888,0
20240912,170000,2619,2629,2614,2622,11154,0
20240912,180000,2622.5,2625,2613.5,2618,12367,0
20240912,190000,2617,2621.5,2613.5,2613.5,4033,0
20240912,200000,2613.5,2625,2612.5,2623,3098,0
20240912,210000,2624.5,2636,2623,2628.5,6615,0
20240912,220000,2629,2636,2628.5,2632.5,2835,0
20240912,230000,2634,2637.5,2633.5,2634.5,1568,0
20240913,100000,2634,2641,2624,2636,23126,0
20240913,110000,2637,2637.5,2632,2636,4781,0
20240913,120000,2635,2639.5,2632,2635,5892,0
20240913,130000,2635,2652.5,2601,2603.5,73251,0
20240913,140000,2607,2608,2584.5,2603.5,29794,0
20240913,150000,2603.5,2632,2596,2632,24080,0
20240913,160000,2632,2656.5,2626,2649,42385,0
20240913,170000,2649.5,2671.5,2643,2667.5,24360,0
20240913,180000,2668.5,2690.5,2666,2686.5,22793,0
20240913,190000,2687.5,2744.5,2672,2683,16325,0
20240913,200000,2682.5,2683,2673,2677,4288,0
20240913,210000,2677.5,2682.5,2677,2677.5,2473,0
20240913,220000,2679,2687,2679,2687,6744,0
20240913,230000,2687,2691,2686.5,2689,5304,0
20240916,100000,2695.5,2717.5,2686,2692.5,50456,0
20240916,110000,2692,2716.5,2691.5,2713,21123,0
20240916,120000,2713,2736.5,2711.5,2732.5,18318,0
20240916,130000,2733,2737.5,2723.5,2732.5,20063,0
20240916,140000,2733,2748.5,2730,2739,14974,0
20240916,150000,2739,2747,2729.5,2743,16833,0
20240916,160000,2743,2751,2738.5,2741.5,15578,0
20240916,170000,2742,2749,2737,2747,5943,0
20240916,180000,2747,2753,2743.5,2753,5726,0
20240916,190000,2751,2752,2745.5,2748,4010,0
20240916,200000,2748,2754.5,2745,2751.5,3828,0
20240916,210000,2752.5,2758,2750,2755,7370,0
20240916,220000,2754.5,2757,2751,2751.5,2884,0
20240916,230000,2751.5,2757,2751,2753,3257,0
20240917,100000,2757.5,2767.5,2734,2743,39660,0
20240917,110000,2743,2756,2730,2749.5,21615,0
20240917,120000,2750,2760.5,2744,2746,8563,0
20240917,130000,2746,2747,2738.5,2742.5,6223,0
20240917,140000,2742.5,2744,2730.5,2738,12196,0
20240917,150000,2739,2751.5,2731.5,2748.5,10339,0
20240917,160000,2748,2763,2744.5,2754,12055,0
20240917,170000,2754,2779,2750,2779,15073,0
20240917,180000,2779,2785,2772.5,2782,13428,0
20240917,190000,2782,2783,2776.5,2780,5577,0
20240917,200000,2780.5,2782,2779.5,2780,2791,0
20240917,210000,2780,2786,2780,2784,2317,0
20240917,220000,2783.5,2787,2783,2785.5,1568,0
20240917,230000,2784.5,2786,2780,2782,1866,0
20240918,100000,2783,2786.5,2762.5,2778,25316,0
20240918,110000,2777.5,2779.5,2763,2767.5,13016,0
20240918,120000,2767,2772,2759,2765.5,10425,0
20240918,130000,2766,2770,2751,2760,14686,0
20240918,140000,2760,2765.5,2747,2748,16150,0
20240918,150000,2748,2762.5,2747,2751.5,11758,0
20240918,160000,2752,2767.5,2748,2764,12120,0
20240918,170000,2764,2774,2756.5,2762,11403,0
20240918,180000,2761.5,2761.5,2753,2754,5882,0
20240918,190000,2753,2756,2745,2753,7290,0
20240918,200000,2753,2757,2750,2754,2565,0
20240918,210000,2755.5,2761,2755.5,2758.5,2587,0
20240918,220000,2757.5,2758,2751.5,2752,1500,0
20240918,230000,2752,2752,2746,2749,1958,0
20240919,100000,2749,2755,2739.5,2750.5,25212,0
20240919,110000,2750.5,2765,2747.5,2761,12920,0
20240919,120000,2760.5,2782,2760,2781,19804,0
20240919,130000,2781,2782,2767,2767.5,10034,0
20240919,140000,2768,2773.5,2756.5,2773.5,9692,0
20240919,150000,2773,2773.5,2754,2760,12588,0
20240919,160000,2759,2768.5,2758,2764,5385,0
20240919,170000,2765,2772.5,2763,2768,5200,0
20240919,180000,2769.5,2779.5,2766,2771,3036,0
20240919,190000,2773,2778,2768.5,2773.5,2925,0
20240919,200000,2773.5,2776,2770,2774.5,2222,0
20240919,210000,2775,2777,2770,2770.5,1520,0
20240919,220000,2770.5,2770.5,2767,2768,689,0
20240919,230000,2768,2772,2765.5,2767,712,0
20240920,100000,2766.5,2781.5,2763,2780,16529,0
20240920,110000,2781,2789,2775,2787,12847,0
20240920,120000,2787,2795.5,2783.5,2789,12746,0
20240920,130000,2789.5,2792,2783,2788,7170,0
20240920,140000,2787.5,2794,2787,2793,4205,0
20240920,150000,2793.5,2797.5,2783,2788.5,9679,0
20240920,160000,2788.5,2788.5,2781,2782.5,4239,0
20240920,170000,2782.5,2787,2777,2781.5,8404,0
20240920,180000,2781,2789.5,2780.5,2788,3368,0
20240920,190000,2788,2790,2783,2785.5,2471,0
20240920,200000,2786.5,2788,2784,2787.5,1428,0
20240920,210000,2787.5,2789.5,2787,2788,1385,0
20240920,220000,2788,2793.5,2787.5,2792,2322,0
20240920,230000,2793.5,2797,2791.5,2797,2938,0
20240923,100000,2798.5,2816.5,2798.5,2813.5,26431,0
20240923,110000,2813.5,2822,2811.5,2818,14033,0
20240923,120000,2817.5,2821,2808.5,2814,8918,0
20240923,130000,2814,2825.5,2813,2825.5,13490,0
20240923,140000,2825,2831.5,2818,2827.5,15051,0
20240923,150000,2828,2829,2822.5,2825,8370,0
20240923,160000,2825,2834,2825,2833,10319,0
20240923,170000,2833,2838,2830,2837,7210,0
20240923,180000,2837,2838,2821.5,2823,9640,0
20240923,190000,2823,2842,2823,2840.5,12459,0
20240923,200000,2841,2843,2837,2840,5079,0
20240923,210000,2839.5,2842.5,2838,2841,2664,0
20240923,220000,2841,2848,2840.5,2846,2810,0
20240923,230000,2846.5,2846.5,2842,2846,1700,0
20240924,100000,2849,2858,2833,2840.5,34847,0
20240924,110000,2840.5,2849.5,2825,2848.5,15190,0
20240924,120000,2849,2870,2847,2858,27567,0
20240924,130000,2859,2870,2854,2858.5,10388,0
20240924,140000,2859.5,2863.5,2848.5,2858,8742,0
20240924,150000,2857.5,2860,2845.5,2852.5,7842,0
20240924,160000,2852.5,2861,2852,2858.5,4725,0
20240924,170000,2859,2872.5,2856,2872.5,11987,0
20240924,180000,2872.5,2874,2865.5,2870,9099,0
20240924,190000,2871,2875,2867.5,2873,4981,0
20240924,200000,2873,2886.5,2872,2881.5,7844,0
20240924,210000,2880.5,2881.5,2874,2878,2063,0
20240924,220000,2878,2881.5,2876,2880.5,1138,0
20240924,230000,2880.5,2881.5,2874,2877.5,990,0
20240925,100000,2877.5,2880,2855.5,2858.5,22637,0
20240925,110000,2858,2869.5,2854.5,2867,7429,0
20240925,120000,2867,2892,2865.5,2883.5,15406,0
20240925,130000,2883.5,2890,2879,2879.5,5584,0
20240925,140000,2880.5,2882,2868,2870,6889,0
20240925,150000,2868,2875,2861,2869,9389,0
20240925,160000,2869,2869.5,2843.5,2847,14556,0
20240925,170000,2846.5,2848.5,2830,2840,20971,0
20240925,180000,2840,2853,2832.5,2838.5,11227,0
20240925,190000,2836.5,2843,2825.5,2825.5,11510,0
20240925,200000,2825.5,2832,2823,2828.5,6254,0
20240925,210000,2828.5,2837.5,2827,2834,3486,0
20240925,220000,2835,2840,2833,2838,4622,0
20240925,230000,2838,2839.5,2830,2832,1274,0
20240925,100000,2877.5,2880,2855.5,2858.5,22637,0
20240925,110000,2858,2869.5,2854.5,2867,7429,0
20240925,120000,2867,2892,2865.5,2883.5,15406,0
20240925,130000,2883.5,2890,2879,2879.5,5584,0
20240925,140000,2880.5,2882,2868,2870,6889,0
20240925,150000,2868,2875,2861,2869,9389,0
20240925,160000,2869,2869.5,2843.5,2847,14556,0
20240925,170000,2846.5,2848.5,2830,2840,20971,0
20240925,180000,2840,2853,2832.5,2838.5,11227,0
20240925,190000,2836.5,2843,2825.5,2825.5,11510,0
20240925,200000,2825.5,2832,2823,2828.5,6254,0
20240925,210000,2828.5,2837.5,2827,2834,3486,0
20240925,220000,2835,2840,2833,2838,4622,0
20240925,230000,2838,2839.5,2830,2832,1274,0
20240926,100000,2824.5,2829,2811,2817.5,25839,0
20240926,110000,2816,2838.5,2816,2833.5,17741,0
20240926,120000,2834.5,2850,2833,2843,16870,0
20240926,130000,2842.5,2845,2830.5,2830.5,10393,0
20240926,140000,2830.5,2842.5,2823,2842.5,12985,0
20240926,150000,2841,2844,2825,2828,9486,0
20240926,160000,2828.5,2834.5,2811.5,2820,14447,0
20240926,170000,2820,2827.5,2818,2824,13539,0
20240926,180000,2824,2838.5,2820,2833.5,9022,0
20240926,190000,2836,2838.5,2830,2833.5,5007,0
20240926,200000,2833.5,2837,2832.5,2835.5,2111,0
20240926,210000,2836.5,2836.5,2833,2834.5,757,0
20240926,220000,2835,2837.5,2834,2837.5,1038,0
20240926,230000,2838,2842,2837.5,2842,1604,0
20240927,100000,2843,2849.5,2832,2836.5,14422,0
20240927,110000,2837.5,2845,2831,2842.5,5768,0
20240927,120000,2842.5,2848,2839.5,2847,5212,0
20240927,130000,2847.5,2855,2847,2851.5,10077,0
20240927,140000,2850,2853.5,2843.5,2844.5,6772,0
20240927,150000,2844.5,2847.5,2843,2845,2485,0
20240927,160000,2844.5,2851,2843.5,2850,3599,0
20240927,170000,2850,2859,2847.5,2859,6512,0
20240927,180000,2859,2867.5,2858,2861,8489,0
20240927,190000,2863,2865,2856,2857,6042,0
20240927,200000,2858,2861,2856.5,2858.5,1398,0
20240927,210000,2858.5,2859.5,2857.5,2857.5,850,0
20240927,220000,2858,2860.5,2857.5,2860.5,488,0
20240927,230000,2860,2865.5,2854,2856,2515,0
20240930,100000,2864,2886,2863,2880,20521,0
20240930,110000,2880,2893.5,2877.5,2880.5,9413,0
20240930,120000,2881,2882,2860.5,2862,14571,0
20240930,130000,2862.5,2866,2852,2863.5,12028,0
20240930,140000,2862.5,2864.5,2842,2845,11975,0
20240930,150000,2845,2881.5,2844,2860,16626,0
20240930,160000,2858,2871,2857,2862.5,7516,0
20240930,170000,2863,2864,2850,2850,7434,0
20240930,180000,2850,2860,2849,2854,4713,0
20240930,190000,2854,2861,2849.5,2849.5,3799,0
20240930,200000,2849.5,2855,2848.5,2852.5,1445,0
20240930,210000,2853.5,2853.5,2843.5,2845,3625,0
20240930,220000,2845,2845,2832,2834,9157,0
20240930,230000,2834.5,2835,2830.5,2832,2608,0
20241001,100000,2836.5,2841,2817.5,2817.5,25751,0
20241001,110000,2817.5,2825,2805,2809,16522,0
20241001,120000,2809,2823.5,2803,2821,12587,0
20241001,130000,2821,2829.5,2814.5,2819,10777,0
20241001,140000,2818,2819.5,2807,2817.5,8913,0
20241001,150000,2816.5,2819,2809,2809.5,4405,0
20241001,160000,2809,2823,2794,2816.5,24671,0
20241001,170000,2815,2824.5,2808.5,2823.5,12036,0
20241001,180000,2823.5,2825,2810,2813.5,5625,0
20241001,190000,2813.5,2821,2810,2820,3978,0
20241001,200000,2820,2830,2816,2817,7742,0
20241001,210000,2817,2821,2810,2819,3656,0
20241001,220000,2819,2825,2819,2822,2159,0
20241001,230000,2822,2826.5,2820.5,2822.5,663,0
20241002,100000,2821,2840,2820.5,2838,15208,0
20241002,110000,2838.5,2839,2830,2835,6392,0
20241002,120000,2836,2836.5,2823.5,2828,6348,0
20241002,130000,2828.5,2836,2825,2830,5996,0
20241002,140000,2830.5,2837,2828.5,2828.5,5413,0
20241002,150000,2829,2832.5,2814.5,2815,7816,0
20241002,160000,2815,2819.5,2804.5,2812,11149,0
20241002,170000,2812,2815,2787,2791,21730,0
20241002,180000,2790.5,2790.5,2772,2774,16831,0
20241002,190000,2774,2774.5,2756.5,2766.5,17106,0
20241002,200000,2765.5,2776,2765,2772,5170,0
20241002,210000,2772.5,2773.5,2765,2773,3973,0
20241002,220000,2772.5,2773.5,2767.5,2771,1835,0
20241002,230000,2771,2775,2771,2771.5,2091,0
20241003,100000,2763.5,2785,2755,2769.5,37522,0
20241003,110000,2769,2777,2761,2763,8818,0
20241003,120000,2762.5,2771,2756.5,2761,9324,0
20241003,130000,2761,2765.5,2745.5,2750,16279,0
20241003,140000,2749,2753.5,2744,2749,10787,0
20241003,150000,2749.5,2780.5,2749.5,2777,23480,0
20241003,160000,2776.5,2794,2766,2785.5,18250,0
20241003,170000,2786.5,2793.5,2779,2787,13852,0
20241003,180000,2786,2789,2778.5,2784.5,8115,0
20241003,190000,2784.5,2804,2784.5,2798.5,9892,0
20241003,200000,2798,2800.5,2795,2796.5,3247,0
20241003,210000,2796.5,2807.5,2796,2806.5,5664,0
20241003,220000,2806,2807,2800,2804.5,2101,0
20241003,230000,2804,2806.5,2800.5,2801.5,2248,0
20241004,100000,2802.5,2818,2794.5,2814,19427,0
20241004,110000,2814,2819.5,2806,2819.5,10710,0
20241004,120000,2819,2820,2809,2812.5,5298,0
20241004,130000,2811.5,2816.5,2805.5,2816,5662,0
20241004,140000,2814.5,2820,2810.5,2810.5,5834,0
20241004,150000,2811,2813.5,2798.5,2800,12493,0
20241004,160000,2800.5,2809.5,2792,2800.5,11033,0
20241004,170000,2800,2807.5,2799.5,2803,6232,0
20241004,180000,2803,2814.5,2801.5,2802.5,6031,0
20241004,190000,2804,2816,2802.5,2809,2526,0
20241004,200000,2809,2813,2809,2813,1517,0
20241004,210000,2813,2813,2804.5,2806.5,2322,0
20241004,220000,2805,2808,2803.5,2804.5,1456,0
20241004,230000,2804,2807.5,2803.5,2806,1012,0
20241007,100000,2807.5,2818,2800.5,2801,15677,0
20241007,110000,2801,2808,2796,2802.5,8106,0
20241007,120000,2803,2807.5,2785,2789.5,15791,0
20241007,130000,2789.5,2793.5,2781,2785,8037,0
20241007,140000,2785,2796.5,2784.5,2790,8076,0
20241007,150000,2789.5,2795.5,2783.5,2784,6564,0
20241007,160000,2783.5,2803,2780.5,2798,9948,0
20241007,170000,2797.5,2802,2789.5,2791.5,5526,0
20241007,180000,2790.5,2803,2785.5,2803,6160,0
20241007,190000,2799,2804,2797,2800.5,5003,0
20241007,200000,2800.5,2801.5,2797.5,2801,2195,0
20241007,210000,2801.5,2810,2800,2810,4748,0
20241007,220000,2809.5,2810.5,2806.5,2810.5,2595,0
20241007,230000,2809,2811,2809,2810,3023,0
20241008,100000,2809,2809,2782,2782.5,32857,0
20241008,110000,2784,2788,2778,2783,10017,0
20241008,120000,2782.5,2801,2781,2797.5,13692,0
20241008,130000,2798.5,2803,2793.5,2801,6027,0
20241008,140000,2799.5,2800.5,2787,2790,6382,0
20241008,150000,2789.5,2798.5,2784.5,2786.5,7458,0
20241008,160000,2786,2792.5,2784,2790,4765,0
20241008,170000,2790,2793.5,2782.5,2789.5,6721,0
20241008,180000,2790.5,2792,2787.5,2789.5,2450,0
20241008,190000,2788.5,2799,2785,2791,4624,0
20241008,200000,2790.5,2796,2789.5,2794,4175,0
20241008,210000,2794,2795,2789.5,2792,863,0
20241008,220000,2791.5,2792,2789,2791.5,1511,0
20241008,230000,2790.5,2791,2788.5,2788.5,1049,0
20241009,100000,2785.5,2792,2775.5,2779,15166,0
20241009,110000,2778,2783,2774.5,2779.5,7478,0
20241009,120000,2779.5,2780,2770,2774.5,7494,0
20241009,130000,2773.5,2774.5,2760,2764,14426,0
20241009,140000,2763,2773,2762,2768,7792,0
20241009,150000,2768,2772,2760.5,2767,5806,0
20241009,160000,2767,2769.5,2755,2756,9148,0
20241009,170000,2756.5,2762,2751,2758,11781,0
20241009,180000,2758,2759.5,2753,2753.5,4456,0
20241009,190000,2756,2763.5,2754,2760,5236,0
20241009,200000,2759,2761.5,2758,2760.5,1505,0
20241009,210000,2761,2763,2760.5,2761,2949,0
20241009,220000,2762,2764,2761,2763,3267,0
20241009,230000,2763.5,2766.5,2762.5,2766.5,2829,0
20241010,100000,2766,2772,2760,2766.5,19286,0
20241010,110000,2767.5,2780,2767,2775,9830,0
20241010,120000,2776,2777,2767.5,2771,5173,0
20241010,130000,2771,2772,2761,2761.5,9183,0
20241010,140000,2762,2769,2755,2755,7132,0
20241010,150000,2755,2768,2754,2763.5,10036,0
20241010,160000,2765,2768.5,2758,2767,6419,0
20241010,170000,2768,2771.5,2760.5,2767,7311,0
20241010,180000,2767,2768,2761,2765,2793,0
20241010,190000,2765.5,2770,2763,2768.5,3093,0
20241010,200000,2769,2774,2767,2772,3806,0
20241010,210000,2771.5,2773.5,2771,2772,1716,0
20241010,220000,2772,2772.5,2769,2769.5,1067,0
20241010,230000,2770,2771,2766,2766.5,2814,0
20241011,100000,2767,2769.5,2752.5,2757.5,20363,0
20241011,110000,2757.5,2760.5,2751.5,2758,7782,0
20241011,120000,2758.5,2759.5,2745.5,2747,11209,0
20241011,130000,2747,2749.5,2742.5,2746,8594,0
20241011,140000,2744.5,2748.5,2742,2747,5141,0
20241011,150000,2746.5,2752,2742.5,2744.5,7015,0
20241011,160000,2745.5,2747,2740.5,2743.5,5778,0
20241011,170000,2744,2751,2742.5,2747.5,7910,0
20241011,180000,2747,2758.5,2745,2754,8470,0
20241011,190000,2755,2762,2754,2760,7178,0
20241011,200000,2760,2760.5,2755,2755,1592,0
20241011,210000,2755,2757,2750,2755.5,4234,0
20241011,220000,2754.5,2755,2750,2752.5,2148,0
20241011,230000,2752.5,2753.5,2750,2750.5,1882,0
20241014,100000,2750,2750,2728.5,2733,27755,0
20241014,110000,2733,2736.5,2725.5,2728,11442,0
20241014,120000,2728,2743,2724,2738,18847,0
20241014,130000,2738,2766,2737.5,2761.5,33383,0
20241014,140000,2760.5,2769.5,2759.5,2766,13443,0
20241014,150000,2767,2769,2762,2766,6960,0
20241014,160000,2766.5,2785,2765.5,2783.5,21444,0
20241014,170000,2784,2789.5,2780.5,2782.5,11658,0
20241014,180000,2782,2784.5,2776,2778.5,7809,0
20241014,190000,2777.5,2782.5,2777.5,2779,2401,0
20241014,200000,2780,2785.5,2779.5,2785,3050,0
20241014,210000,2785,2785,2781.5,2782.5,1605,0
20241014,220000,2782.5,2784,2780,2782,1870,0
20241014,230000,2781,2784,2781,2781,1106,0
20241015,100000,2779.5,2787,2767,2782,25606,0
20241015,110000,2781,2801.5,2777,2796.5,17169,0
20241015,120000,2796.5,2809,2790.5,2803.5,11702,0
20241015,130000,2803.5,2806,2792,2798.5,8928,0
20241015,140000,2800,2812.5,2799.5,2810.5,8053,0
20241015,150000,2810.5,2812,2799,2801,6479,0
20241015,160000,2801.5,2803,2794.5,2797,8159,0
20241015,170000,2796.5,2806,2796.5,2804,5135,0
20241015,180000,2805,2809,2801.5,2809,3783,0
20241015,190000,2807.5,2810.5,2806,2806,3794,0
20241015,200000,2806.5,2808.5,2806,2807,1268,0
20241015,210000,2807,2808,2803.5,2803.5,1628,0
20241015,220000,2803.5,2807,2802.5,2807,1226,0
20241015,230000,2806.5,2808,2806,2807.5,954,0
20241016,100000,2810,2823.5,2806,2819,19805,0
20241016,110000,2819,2830,2816,2826.5,16036,0
20241016,120000,2827,2829.5,2803,2803,18312,0
20241016,130000,2803,2810,2800,2804,10077,0
20241016,140000,2802.5,2806,2792.5,2795,12183,0
20241016,150000,2795,2805,2793,2793,7870,0
20241016,160000,2793.5,2797.5,2787.5,2792,6384,0
20241016,170000,2792.5,2796.5,2783,2784,10556,0
20241016,180000,2783.5,2792,2783,2783,8896,0
20241016,190000,2784.5,2794,2784.5,2793,4449,0
20241016,200000,2792,2793.5,2790.5,2792,2007,0
20241016,210000,2791.5,2797,2790.5,2796,1386,0
20241016,220000,2796.5,2800,2793.5,2798,2741,0
20241016,230000,2798,2799,2796.5,2797,1049,0
20241017,100000,2792,2799.5,2783,2789,16632,0
20241017,110000,2789.5,2796,2785,2788.5,7139,0
20241017,120000,2787,2788,2772,2779,18974,0
20241017,130000,2778,2781.5,2770,2771.5,6635,0
20241017,140000,2772.5,2778.5,2768,2776.5,6270,0
20241017,150000,2777,2787.5,2775,2775,11133,0
20241017,160000,2775,2783,2772,2779.5,5692,0
20241017,170000,2779,2786,2775,2779.5,4928,0
20241017,180000,2778,2782,2768.5,2771.5,8920,0
20241017,190000,2771.5,2773.5,2761,2763.5,9702,0
20241017,200000,2763.5,2767,2763,2765,2115,0
20241017,210000,2764,2765,2759,2761.5,3994,0
20241017,220000,2762,2763.5,2760,2763.5,1080,0
20241017,230000,2763.5,2765,2761,2763.5,997,0
20241018,100000,2762.5,2765,2752,2762,16626,0
20241018,110000,2762,2773,2762,2763,12984,0
20241018,120000,2763,2771,2758,2762.5,8417,0
20241018,130000,2764,2766.5,2750,2752,16976,0
20241018,140000,2752,2759.5,2749,2755.5,6297,0
20241018,150000,2755,2761,2753,2755.5,4579,0
20241018,160000,2756,2759.5,2748,2750.5,6441,0
20241018,170000,2749,2758,2746,2756,6793,0
20241018,180000,2757,2759.5,2754.5,2756.5,2195,0
20241018,190000,2756.5,2761.5,2756,2761,2387,0
20241018,200000,2761,2762,2758.5,2760,1534,0
20241018,210000,2759,2759,2756,2757,1464,0
20241018,220000,2758,2761,2757.5,2760,1769,0
20241018,230000,2760.5,2761,2759,2759,1778,0
20241021,100000,2761.5,2772,2761,2772,16755,0
20241021,110000,2772,2775,2766.5,2771,9081,0
20241021,120000,2771.5,2778,2767.5,2777,12403,0
20241021,130000,2777,2781.5,2776.5,2779.5,7285,0
20241021,140000,2778.5,2779.5,2772.5,2774.5,5099,0
20241021,150000,2776,2781.5,2775,2777,2984,0
20241021,160000,2778,2781.5,2777.5,2780,2262,0
20241021,170000,2780,2781.5,2772.5,2777.5,5651,0
20241021,180000,2777.5,2777.5,2765,2765.5,4157,0
20241021,190000,2768,2772.5,2768,2771,1895,0
20241021,200000,2771,2772,2768.5,2770.5,1031,0
20241021,210000,2770,2770.5,2767.5,2768.5,756,0
20241021,220000,2768.5,2771,2767.5,2771,567,0
20241021,230000,2771,2772,2769.5,2772,605,0
20241022,100000,2772.5,2775.5,2761,2765.5,10366,0
20241022,110000,2765,2769.5,2760.5,2764.5,6882,0
20241022,120000,2764,2785.5,2761,2778,13090,0
20241022,130000,2779,2781.5,2772.5,2775,5156,0
20241022,140000,2774.5,2776,2769,2774,3811,0
20241022,150000,2774,2777.5,2765,2766,5863,0
20241022,160000,2766,2770,2764,2767,3699,0
20241022,170000,2766,2770,2762.5,2763,3931,0
20241022,180000,2763,2763,2754,2758,7074,0
20241022,190000,2756.5,2762,2753,2754,5794,0
20241022,200000,2753,2757,2752.5,2757,2231,0
20241022,210000,2757,2758.5,2754.5,2756.5,1532,0
20241022,220000,2757,2758,2755.5,2756.5,1517,0
20241022,230000,2756.5,2756.5,2753.5,2755,1886,0
20241023,100000,2751.5,2754,2735,2736,26535,0
20241023,110000,2735.5,2742,2733,2742,14167,0
20241023,120000,2740.5,2749.5,2739.5,2742,10751,0
20241023,130000,2741.5,2753,2738.5,2749,8465,0
20241023,140000,2750,2752.5,2741,2741.5,5837,0
20241023,150000,2741.5,2750,2739.5,2749.5,5883,0
20241023,160000,2749,2758,2746.5,2751,8686,0
20241023,170000,2750,2751,2742.5,2744,3731,0
20241023,180000,2744.5,2744.5,2734.5,2735,4126,0
20241023,190000,2734,2736.5,2727,2727,8521,0
20241023,200000,2727.5,2730,2714.5,2716,10299,0
20241023,210000,2717,2719.5,2711.5,2719,5316,0
20241023,220000,2717.5,2719.5,2712.5,2717.5,1691,0
20241023,230000,2719,2724.5,2716.5,2724.5,1254,0
20241024,100000,2724,2724,2708.5,2710.5,13741,0
20241024,110000,2710.5,2717.5,2709.5,2713,11695,0
20241024,120000,2714.5,2715.5,2690,2698.5,63459,0
20241024,130000,2697.5,2707,2691,2701.5,10599,0
20241024,140000,2702.5,2711.5,2699,2709.5,8965,0
20241024,150000,2709,2709.5,2701.5,2702.5,5048,0
20241024,160000,2702.5,2720,2701,2720,7279,0
20241024,170000,2720,2730.5,2718.5,2730,15406,0
20241024,180000,2730,2733,2717,2724,8271,0
20241024,190000,2724,2727,2720.5,2723,3442,0
20241024,200000,2723,2724.5,2720.5,2722,988,0
20241024,210000,2722,2723.5,2720.5,2720.5,6779,0
20241024,220000,2720.5,2721.5,2718,2720.5,7849,0
20241024,230000,2720.5,2723.5,2720,2722.5,1182,0
20241025,100000,2723,2731.5,2718,2724.5,14840,0
20241025,110000,2725,2736.5,2725,2725,11176,0
20241025,120000,2725,2735.5,2725,2729.5,7422,0
20241025,130000,2730,2855,2700,2747,141211,0
20241025,140000,2743.5,2747,2712,2719.5,51758,0
20241025,150000,2720,2728,2703.5,2705.5,31363,0
20241025,160000,2705.5,2708,2673.5,2677.5,40236,0
20241025,170000,2677.5,2683.5,2661,2662.5,26394,0
20241025,180000,2662,2672,2659,2670,11045,0
20241025,190000,2670,2673,2656,2658,11460,0
20241025,200000,2658,2670,2657,2667,6980,0
20241025,210000,2666.5,2668.5,2663,2667,1347,0
20241025,220000,2667,2668,2665,2666,796,0
20241025,230000,2666,2666,2660,2660,2746,0
20241028,100000,2658.5,2658.5,2619,2635.5,50253,0
20241028,110000,2636.5,2646.5,2625.5,2644.5,25554,0
20241028,120000,2645,2656.5,2633.5,2633.5,17937,0
20241028,130000,2633,2637.5,2626.5,2631,11227,0
20241028,140000,2631,2632.5,2609,2610,20056,0
20241028,150000,2610.5,2626.5,2608,2614.5,16934,0
20241028,160000,2614,2616,2597.5,2600,18936,0
20241028,170000,2599.5,2604.5,2586,2603,22181,0
20241028,180000,2602.5,2608,2573,2578,16557,0
20241028,190000,2578,2583.5,2563.5,2570.5,12474,0
20241028,200000,2571,2585,2568,2584.5,6208,0
20241028,210000,2584,2587,2576.5,2579.5,5271,0
20241028,220000,2579.5,2583.5,2578,2581.5,1285,0
20241028,230000,2581.5,2585,2580.5,2583.5,1602,0
20241029,100000,2584,2609.5,2577.5,2602,40530,0
20241029,110000,2602,2603.5,2564,2570,27557,0
20241029,120000,2570,2585,2560,2577,27593,0
20241029,130000,2578,2588,2566,2578,13048,0
20241029,140000,2580.5,2598.5,2574.5,2590.5,13938,0
20241029,150000,2590.5,2605,2588,2596,18176,0
20241029,160000,2596,2610,2592,2596.5,17418,0
20241029,170000,2596.5,2604,2589.5,2598.5,13788,0
20241029,180000,2598,2617,2598,2604,13861,0
20241029,190000,2604,2614,2600.5,2612.5,4497,0
20241029,200000,2613.5,2621.5,2609.5,2620,9705,0
20241029,210000,2619,2620,2613.5,2619.5,1570,0
20241029,220000,2619,2624,2612.5,2612.5,4617,0
20241029,230000,2612.5,2613,2607,2611.5,2053,0
20241030,100000,2620,2624,2603,2622,28515,0
20241030,110000,2622,2634,2619,2622,24602,0
20241030,120000,2621.5,2634,2619.5,2625,17479,0
20241030,130000,2625,2627,2613.5,2618,10402,0
20241030,140000,2618.5,2619.5,2597.5,2599.5,14179,0
20241030,150000,2599,2613.5,2593,2606,21359,0
20241030,160000,2606.5,2610.5,2596,2605,8943,0
20241030,170000,2605,2624,2601,2619,11498,0
20241030,180000,2620.5,2623,2616,2616,7359,0
20241030,190000,2616,2616,2599,2601,11920,0
20241030,200000,2601,2605,2590,2591.5,6199,0
20241030,210000,2591.5,2593,2583,2588.5,7875,0
20241030,220000,2588.5,2589,2580.5,2583,4216,0
20241030,230000,2583,2588,2580,2580,4247,0
20241031,100000,2580.5,2589,2572,2585.5,28710,0
20241031,110000,2586,2592,2577,2577,17314,0
20241031,120000,2577.5,2582,2556,2570,32421,0
20241031,130000,2570,2585,2564.5,2581.5,22830,0
20241031,140000,2581.5,2596,2574,2594.5,17524,0
20241031,150000,2595,2595,2578.5,2580,13637,0
20241031,160000,2580,2585,2567,2570,11629,0
20241031,170000,2570,2574.5,2558,2559.5,12844,0
20241031,180000,2559.5,2568.5,2558,2558.5,11796,0
20241031,190000,2560,2562.5,2550,2555.5,9657,0
20241031,200000,2556,2559,2547.5,2547.5,3554,0
20241031,210000,2547.5,2557.5,2546,2557.5,4041,0
20241031,220000,2558,2562,2556,2562,2610,0
20241031,230000,2562,2568.5,2559.5,2565,1806,0
20241101,100000,2566.5,2578,2554,2561.5,21341,0
20241101,110000,2562,2566,2548,2557,22554,0
20241101,120000,2556.5,2558,2546.5,2551.5,12493,0
20241101,130000,2551.5,2561.5,2551.5,2554,5421,0
20241101,140000,2555,2567,2555,2562.5,14579,0
20241101,150000,2562.5,2564.5,2551,2556,5163,0
20241101,160000,2555.5,2574,2554.5,2568.5,9979,0
20241101,170000,2568.5,2586,2565.5,2576,24046,0
20241101,180000,2577,2586,2571.5,2584,9979,0
20241101,190000,2584,2592.5,2581,2584.5,8185,0
20241101,200000,2586,2590,2579.5,2579.5,5438,0
20241101,210000,2579.5,2583,2576.5,2579.5,1508,0
20241101,220000,2580,2585,2579.5,2581.5,1082,0
20241101,230000,2581,2589,2581,2588.5,1970,0
20241102,100000,2590,2593.5,2582.5,2591,13700,0
20241102,110000,2591,2591.5,2585,2589.5,8220,0
20241102,120000,2589.5,2590,2587.5,2587.5,2592,0
20241102,130000,2587,2592.5,2586,2591.5,4362,0
20241102,140000,2592.5,2599,2591.5,2597.5,5445,0
20241102,150000,2598,2602.5,2595.5,2598.5,8558,0
20241102,160000,2599,2603.5,2596,2602,6552,0
20241102,170000,2604,2604.5,2596.5,2601,5370,0
20241102,180000,2601,2601,2594.5,2596,4478,0
20241102,190000,2596,2599,2594,2599,1720,0
20241102,200000,2598.5,2600,2598.5,2599,1408,0
20241102,210000,2599.5,2605,2599.5,2602.5,2946,0
20241102,220000,2602,2604.5,2602,2603.5,2018,0
20241102,230000,2604,2605,2603.5,2605,1694,0
20241105,100000,2608.5,2622.5,2608.5,2616.5,23862,0
20241105,110000,2615.5,2617,2605.5,2612.5,8767,0
20241105,120000,2613,2627,2611.5,2624.5,7441,0
20241105,130000,2624.5,2627,2618,2619,5916,0
20241105,140000,2619.5,2622.5,2612,2615,4778,0
20241105,150000,2614.5,2619.5,2611.5,2614.5,3671,0
20241105,160000,2613.5,2620,2607.5,2609.5,6060,0
20241105,170000,2609.5,2615.5,2603,2611,9525,0
20241105,180000,2612,2624,2610,2620,7607,0
20241105,190000,2620,2629.5,2620,2626,7659,0
20241105,200000,2626.5,2629,2617,2621,5069,0
20241105,210000,2621,2624,2618.5,2620.5,2216,0
20241105,220000,2621,2625,2621,2623.5,2636,0
20241105,230000,2624,2624.5,2619,2621.5,2028,0
20241106,100000,2670,2714,2669,2697,109209,0
20241106,110000,2697,2718,2695,2700.5,52281,0
20241106,120000,2701,2708,2695,2697,17357,0
20241106,130000,2696.5,2699.5,2680,2686,24649,0
20241106,140000,2686,2694,2676,2680.5,18787,0
20241106,150000,2680.5,2681,2661,2668,29590,0
20241106,160000,2668,2668.5,2651.5,2664.5,22209,0
20241106,170000,2664.5,2674,2656,2662.5,19278,0
20241106,180000,2663,2674.5,2658,2660.5,12795,0
20241106,190000,2660,2668,2657,2661.5,6151,0
20241106,200000,2662.5,2673,2662.5,2672,4611,0
20241106,210000,2672,2672.5,2665,2665.5,2371,0
20241106,220000,2665.5,2669,2664.5,2665.5,1770,0
20241106,230000,2665.5,2667.5,2664.5,2664.5,1644,0
20241107,100000,2662,2666.5,2652,2655,11382,0
20241107,110000,2655,2661,2652,2658,5548,0
20241107,120000,2658,2659.5,2643.5,2653,21840,0
20241107,130000,2652.5,2653,2635.5,2637,21133,0
20241107,140000,2639,2660,2637.5,2655,29730,0
20241107,150000,2655.5,2665,2653,2661.5,18885,0
20241107,160000,2661.5,2666,2658.5,2665,10219,0
20241107,170000,2665,2699,2664,2699,47076,0
20241107,180000,2698,2699.5,2690,2697,12091,0
20241107,190000,2695.5,2712.5,2695.5,2701,17816,0
20241107,200000,2702,2706.5,2698,2701.5,3914,0
20241107,210000,2701.5,2712.5,2699.5,2710.5,7747,0
20241107,220000,2711,2725,2710,2721,13934,0
20241107,230000,2720.5,2738.5,2720,2738.5,9533,0
20241108,100000,2744,2745.5,2723.5,2742,48622,0
20241108,110000,2741.5,2755,2726,2733,42709,0
20241108,120000,2733,2737.5,2727,2732.5,11670,0
20241108,130000,2732.5,2736.5,2715,2721,28357,0
20241108,140000,2721.5,2733,2718,2722.5,16400,0
20241108,150000,2721.5,2737,2719,2731,22074,0
20241108,160000,2729.5,2735,2725.5,2729,7423,0
20241108,170000,2729,2732,2719,2731,11198,0
20241108,180000,2731,2749,2730,2737,23552,0
20241108,190000,2741.5,2760.5,2739.5,2758,30241,0
20241108,200000,2758,2769.5,2756.5,2766.5,13233,0
20241108,210000,2768,2769,2763,2766.5,5134,0
20241108,220000,2766.5,2779,2765.5,2777,8916,0
20241108,230000,2777,2780,2776,2780,4318,0
20241111,100000,2792.5,2803,2780.5,2783,50350,0
20241111,110000,2783,2800,2780.5,2796.5,23120,0
20241111,120000,2796.5,2796.5,2781,2785,24962,0
20241111,130000,2785,2793,2782.5,2789,11976,0
20241111,140000,2788.5,2789.5,2771.5,2773.5,19245,0
20241111,150000,2774,2783.5,2767.5,2779,15907,0
20241111,160000,2780,2795,2776.5,2789.5,16888,0
20241111,170000,2789.5,2794,2779,2785,15236,0
20241111,180000,2784.5,2797,2784,2797,11639,0
20241111,190000,2797,2802.5,2786.5,2791,10257,0
20241111,200000,2792,2793.5,2782.5,2786,4148,0
20241111,210000,2786,2787.5,2782,2784,3221,0
20241111,220000,2783.5,2789,2782.5,2787.5,1972,0
20241111,230000,2787.5,2791.5,2787,2790.5,2482,0
20241112,100000,2788,2788,2755,2762.5,37793,0
20241112,110000,2761.5,2782,2759.5,2766,23288,0
20241112,120000,2764.5,2776.5,2762,2775,9129,0
20241112,130000,2774,2779.5,2766,2769,7110,0
20241112,140000,2769,2769.5,2760,2764.5,8429,0
20241112,150000,2764,2765.5,2755.5,2759,7785,0
20241112,160000,2758.5,2762.5,2750,2750,15052,0
20241112,170000,2750.5,2766,2750,2765.5,9903,0
20241112,180000,2765.5,2770,2755.5,2756,10966,0
20241112,190000,2759,2759.5,2751.5,2754.5,4657,0
20241112,200000,2754.5,2758,2753,2754.5,1746,0
20241112,210000,2754,2754,2749.5,2749.5,4343,0
20241112,220000,2749,2750,2743.5,2745.5,3444,0
20241112,230000,2745.5,2751.5,2745,2751,3250,0
20241113,100000,2743,2758.5,2741.5,2752,21158,0
20241113,110000,2752,2762,2751.5,2759.5,12739,0
20241113,120000,2760,2775.5,2757,2767,28322,0
20241113,130000,2766.5,2771.5,2763.5,2765.5,7359,0
20241113,140000,2766.5,2766.5,2755.5,2758.5,11104,0
20241113,150000,2757.5,2772,2752.5,2766,15866,0
20241113,160000,2765.5,2775,2764.5,2765.5,12442,0
20241113,170000,2766,2769,2760.5,2767,9802,0
20241113,180000,2766.5,2772,2762,2769.5,9775,0
20241113,190000,2765.5,2772,2732.5,2735,37218,0
20241113,200000,2734.5,2740,2724.5,2733.5,25857,0
20241113,210000,2733.5,2737,2730.5,2734.5,3344,0
20241113,220000,2734,2735,2727,2728,7342,0
20241113,230000,2728,2728.5,2717.5,2720,10713,0
20241114,100000,2720,2738,2717.5,2736.5,28520,0
20241114,110000,2735.5,2739,2724.5,2729.5,14753,0
20241114,120000,2730,2735,2727.5,2732.5,6071,0
20241114,130000,2732.5,2741,2731,2731.5,7594,0
20241114,140000,2732,2737,2719.5,2725,18321,0
20241114,150000,2725,2726.5,2717.5,2722,11583,0
20241114,160000,2721,2731.5,2719.5,2719.5,9340,0
20241114,170000,2720,2723.5,2701,2703,28082,0
20241114,180000,2703,2708,2695,2696.5,14311,0
20241114,190000,2698.5,2709.5,2695,2698.5,13260,0
20241114,200000,2699,2702.5,2695,2700,5372,0
20241114,210000,2699,2706.5,2699,2705,3079,0
20241114,220000,2704.5,2710,2704,2705,4293,0
20241114,230000,2705,2709,2700.5,2708.5,2823,0
20241115,100000,2708,2714,2698,2708.5,25500,0
20241115,110000,2708.5,2719,2702,2717.5,20281,0
20241115,120000,2717.5,2721.5,2712,2714,12926,0
20241115,130000,2713,2717,2706.5,2709,9734,0
20241115,140000,2710,2715,2707,2711,5852,0
20241115,150000,2710.5,2735.5,2704,2729.5,21765,0
20241115,160000,2729.5,2737.5,2723.5,2728,23478,0
20241115,170000,2728,2740.5,2726.5,2730,16950,0
20241115,180000,2730,2748,2727,2747,13099,0
20241115,190000,2746,2755,2744,2748.5,15878,0
20241115,200000,2748.5,2753.5,2741.5,2742.5,7146,0
20241115,210000,2742,2751,2741.5,2750.5,4760,0
20241115,220000,2751,2752,2748,2750.5,2296,0
20241115,230000,2750.5,2754.5,2748,2754.5,3224,0
20241118,100000,2716.5,2724.5,2681,2716,74137,0
20241118,110000,2715,2725,2713,2719.5,12891,0
20241118,120000,2719.5,2724,2700,2702,17849,0
20241118,130000,2701,2710.5,2700,2708,9728,0
20241118,140000,2707.5,2717,2700,2714,13015,0
20241118,150000,2715,2719,2707,2708,9467,0
20241118,160000,2708,2725.5,2707.5,2724.5,14919,0
20241118,170000,2723.5,2734.5,2716.5,2728.5,23426,0
20241118,180000,2728,2731,2717,2721,12604,0
20241118,190000,2720.5,2723.5,2713,2722.5,7076,0
20241118,200000,2722.5,2728.5,2722.5,2727,3481,0
20241118,210000,2727,2728,2713,2713,4883,0
20241118,220000,2712.5,2717,2711.5,2712.5,2583,0
20241118,230000,2712.5,2713,2708,2708.5,2663,0
20241119,100000,2711,2719,2704,2705.5,18994,0
20241119,110000,2705.5,2706,2682,2687,34141,0
20241119,120000,2686,2693,2673.5,2691,36596,0
20241119,130000,2691.5,2696.5,2683.5,2690,25668,0
20241119,140000,2688.5,2694,2676,2682.5,17825,0
20241119,150000,2683,2689,2673.5,2674,19556,0
20241119,160000,2674,2674,2646,2650,34987,0
20241119,170000,2650,2657,2626,2639,49207,0
20241119,180000,2640,2648.5,2630,2637.5,15495,0
20241119,190000,2638.5,2644,2626,2638.5,12716,0
20241119,200000,2639.5,2647.5,2633.5,2647,5817,0
20241119,210000,2646,2647,2637,2639,6165,0
20241119,220000,2639.5,2642.5,2638.5,2642,3208,0
20241119,230000,2641.5,2642.5,2638.5,2641.5,2497,0
20241120,100000,2643,2659,2633.5,2634,41076,0
20241120,110000,2634,2647,2630,2641.5,19651,0
20241120,120000,2640,2653,2638.5,2643.5,14053,0
20241120,130000,2643,2669.5,2635.5,2646,48653,0
20241120,140000,2646.5,2658,2643,2649,11390,0
20241120,150000,2649,2655,2635.5,2640,11640,0
20241120,160000,2640,2643,2616.5,2623,31782,0
20241120,170000,2622,2626,2608.5,2609,28003,0
20241120,180000,2609,2611,2595.5,2601,32174,0
20241120,190000,2597.5,2598.5,2572.5,2586,39543,0
20241120,200000,2585,2596,2584,2592.5,8017,0
20241120,210000,2592,2600,2590,2597,8624,0
20241120,220000,2597,2598,2588.5,2594,4804,0
20241120,230000,2593.5,2599,2591,2598.5,1895,0
20241121,100000,2598,2611,2581.5,2586.5,46383,0
20241121,110000,2586.5,2596,2573,2578,26144,0
20241121,120000,2578,2592,2567,2581.5,29392,0
20241121,130000,2582.5,2598.5,2581.5,2594,15507,0
20241121,140000,2595,2603.5,2587.5,2588,15623,0
20241121,150000,2587.5,2591.5,2572,2578.5,17276,0
20241121,160000,2578.5,2592.5,2573.5,2588.5,20474,0
20241121,170000,2589.5,2594,2562,2562.5,27965,0
20241121,180000,2563.5,2607.5,2559.5,2578,52665,0
20241121,190000,2577,2584,2568,2584,9558,0
20241121,200000,2583,2593.5,2555,2593.5,34024,0
20241121,210000,2593.5,2606.5,2584,2603.5,14079,0
20241121,220000,2603.5,2621,2602,2621,20466,0
20241121,230000,2621,2630,2620,2630,14058,0
20241122,100000,2632.5,2633,2606,2618.5,48108,0
20241122,110000,2617,2619.5,2596.5,2601,23977,0
20241122,120000,2600,2615.5,2593,2614.5,17635,0
20241122,130000,2614.5,2621,2604,2608,16885,0
20241122,140000,2608,2614.5,2596.5,2601,13590,0
20241122,150000,2601,2603,2586,2594.5,21468,0
20241122,160000,2594.5,2595.5,2581,2587,16257,0
20241122,170000,2588,2598.5,2581,2582.5,14140,0
20241122,180000,2582.5,2591.5,2580.5,2584.5,11011,0
20241122,190000,2583.5,2610.5,2583.5,2607,20115,0
20241122,200000,2607.5,2615,2597,2603.5,12439,0
20241122,210000,2603.5,2604.5,2592.5,2599.5,6098,0
20241122,220000,2599.5,2604.5,2595.5,2597,3756,0
20241122,230000,2598,2598,2590.5,2594.5,3974,0
20241125,100000,2587.5,2598,2561.5,2563.5,52791,0
20241125,110000,2562.5,2570,2556,2566.5,28475,0
20241125,120000,2565.5,2572,2559,2569,13434,0
20241125,130000,2569.5,2574.5,2564.5,2567,10275,0
20241125,140000,2566,2568.5,2551,2563.5,21554,0
20241125,150000,2564,2567,2546,2547.5,16765,0
20241125,160000,2547,2551,2540,2546.5,19544,0
20241125,170000,2546,2549.5,2520,2527.5,34273,0
20241125,180000,2526.5,2539.5,2520.5,2530,20968,0
20241125,190000,2532,2534.5,2520,2522.5,11349,0
20241125,200000,2523.5,2530.5,2513,2515.5,11186,0
20241125,210000,2515.5,2519.5,2513.5,2513.5,5721,0
20241125,220000,2514,2528.5,2510,2522,10816,0
20241125,230000,2521.5,2525.5,2513,2518.5,3439,0
20241126,100000,2519.5,2535.5,2508,2525,40992,0
20241126,110000,2524,2549,2519.5,2528.5,35081,0
20241126,120000,2529.5,2539.5,2522.5,2523.5,18514,0
20241126,130000,2523,2535.5,2519,2520.5,10188,0
20241126,140000,2520,2522.5,2491,2497,42425,0
20241126,150000,2497.5,2501.5,2467.5,2480,56576,0
20241126,160000,2480.5,2491.5,2466,2475,37278,0
20241126,170000,2476,2486.5,2458,2458,25540,0
20241126,180000,2458,2473.5,2456.5,2470,19558,0
20241126,190000,2470,2482,2461.5,2474,13628,0
20241126,200000,2473,2476.5,2467,2469.5,7690,0
20241126,210000,2469.5,2471,2460,2469.5,9406,0
20241126,220000,2470,2475.5,2468.5,2472,5099,0
20241126,230000,2472,2477.5,2471.5,2476.5,2115,0
20241127,100000,2479,2484.5,2430,2434.5,68955,0
20241127,110000,2435.5,2452.5,2434,2450.5,26616,0
20241127,120000,2452,2498.5,2450.5,2488,70558,0
20241127,130000,2489,2502,2472.5,2487,45695,0
20241127,140000,2485.5,2515,2475.5,2508,44356,0
20241127,150000,2508,2514,2463,2468,50861,0
20241127,160000,2468,2498.5,2461.5,2495,56828,0
20241127,170000,2496,2497.5,2475.5,2489.5,20782,0
20241127,180000,2490.5,2512,2484,2485.5,35164,0
20241127,190000,2486.5,2535.5,2480.5,2527.5,51979,0
20241127,200000,2528,2532,2518,2530,14749,0
20241127,210000,2529.5,2531,2519,2530.5,8319,0
20241127,220000,2530.5,2533,2523,2532,5097,0
20241127,230000,2533,2545,2531,2536.5,7011,0
20241128,100000,2544,2549,2523,2547.5,50734,0
20241128,110000,2546.5,2563,2543,2546,45185,0
20241128,120000,2546,2547,2531,2541,33499,0
20241128,130000,2539,2541,2515.5,2530,43311,0
20241128,140000,2528,2537.5,2506,2512.5,32936,0
20241128,150000,2512,2522.5,2503.5,2508.5,26318,0
20241128,160000,2508.5,2528.5,2506,2519.5,22701,0
20241128,170000,2519.5,2541,2512.5,2538,20911,0
20241128,180000,2538,2562,2533.5,2559.5,33142,0
20241128,190000,2559.5,2566,2548,2559,24182,0
20241128,200000,2557.5,2560,2547,2553,8279,0
20241128,210000,2553,2561.5,2551.5,2553,6190,0
20241128,220000,2553,2559.5,2552.5,2558,5316,0
20241128,230000,2557.5,2558.5,2552,2554.5,2887,0
20241129,100000,2554,2560,2537.5,2557,45902,0
20241129,110000,2556.5,2578,2554,2575,41325,0
20241129,120000,2575,2585,2570,2578,28954,0
20241129,130000,2579,2580,2567.5,2573,19202,0
20241129,140000,2573,2585,2572,2579.5,20032,0
20241129,150000,2580,2584,2574.5,2577,12569,0
20241129,160000,2576.5,2577,2563.5,2568,16903,0
20241129,170000,2568.5,2576.5,2565,2574.5,10837,0
20241129,180000,2574,2583.5,2571.5,2573,15362,0
20241129,190000,2577,2582,2572,2578.5,9444,0
20241129,200000,2578.5,2579.5,2575,2576,3407,0
20241129,210000,2576,2580,2576,2577.5,3041,0
20241129,220000,2577,2578,2576,2576.5,1267,0
20241129,230000,2577,2578,2574.5,2577.5,3810,0
20241202,100000,2585.5,2603,2585,2595.5,38725,0
20241202,110000,2595.5,2601.5,2589,2593,15431,0
20241202,120000,2593.5,2597,2585,2590.5,16870,0
20241202,130000,2591,2594.5,2581.5,2588.5,20723,0
20241202,140000,2588,2596.5,2587,2591,9970,0
20241202,150000,2591,2599,2586.5,2587,12894,0
20241202,160000,2587,2592,2582,2589,14951,0
20241202,170000,2589,2593.5,2583.5,2589,8864,0
20241202,180000,2589,2594.5,2586.5,2591,7756,0
20241202,190000,2590,2595,2589.5,2591,4237,0
20241202,200000,2591,2592,2587,2587.5,2893,0
20241202,210000,2588,2590,2587,2589.5,2027,0
20241202,220000,2589.5,2592,2588.5,2591.5,863,0
20241202,230000,2591,2591.5,2589,2590,1361,0
20241203,100000,2590.5,2592.5,2564.5,2569.5,47485,0
20241203,110000,2569,2569.5,2551.5,2554.5,40451,0
20241203,120000,2554.5,2564,2552.5,2555.5,12792,0
20241203,130000,2555.5,2564,2555.5,2561,6455,0
20241203,140000,2562,2568.5,2559.5,2560,14745,0
20241203,150000,2560,2561,2538.5,2541,31371,0
20241203,160000,2541,2546.5,2535,2540,20014,0
20241203,170000,2540,2543.5,2525,2542,30570,0
20241203,180000,2542.5,2547.5,2537.5,2538,18332,0
20241203,190000,2540.5,2543,2529,2539,9196,0
20241203,200000,2539.5,2540,2532,2533,2422,0
20241203,210000,2533.5,2536,2528,2531.5,3925,0
20241203,220000,2532,2534.5,2530.5,2532,3480,0
20241203,230000,2531.5,2538,2531.5,2538,3147,0
20241204,100000,2531.5,2548.5,2520.5,2532.5,46616,0
20241204,110000,2532.5,2558,2531,2557.5,36376,0
20241204,120000,2557.5,2559,2546.5,2553,22473,0
20241204,130000,2553.5,2555,2548.5,2551,8987,0
20241204,140000,2552,2559.5,2551,2556.5,13846,0
20241204,150000,2557,2561,2537,2540,25290,0
20241204,160000,2540,2543.5,2522,2523.5,34890,0
20241204,170000,2523,2524,2505,2508,38723,0
20241204,180000,2507,2510,2484,2490,45880,0
20241204,190000,2490,2490,2460.5,2474.5,54995,0
20241204,200000,2473.5,2477.5,2462.5,2471.5,14582,0
20241204,210000,2471,2476.5,2467,2467.5,6316,0
20241204,220000,2468.5,2470.5,2467.5,2470,3428,0
20241204,230000,2470,2471,2467,2467,4016,0
20241205,100000,2468,2491.5,2462,2483,67266,0
20241205,110000,2482.5,2500,2469,2472,34722,0
20241205,120000,2472,2479.5,2459,2475.5,36237,0
20241205,130000,2476,2483.5,2463,2465,19563,0
20241205,140000,2467,2476,2453,2454,24729,0
20241205,150000,2453.5,2464,2440.5,2448.5,49809,0
20241205,160000,2448.5,2493,2445,2477,64290,0
20241205,170000,2479,2530.5,2478.5,2519.5,77730,0
20241205,180000,2520.5,2527,2507.5,2519,33040,0
20241205,190000,2524,2544,2518.5,2529,36943,0
20241205,200000,2529,2536,2522,2526,13484,0
20241205,210000,2525.5,2538,2525.5,2534.5,7505,0
20241205,220000,2534.5,2541,2533,2536.5,7279,0
20241205,230000,2537,2539,2532,2538,5337,0
20241206,100000,2543,2554,2518.5,2550,62452,0
20241206,110000,2550,2551.5,2528.5,2533.5,19425,0
20241206,120000,2532,2536,2513.5,2515.5,33272,0
20241206,130000,2516.5,2524.5,2508.5,2517.5,23533,0
20241206,140000,2518,2545,2512.5,2544,24846,0
20241206,150000,2544.5,2551,2535.5,2547.5,27595,0
20241206,160000,2547,2557.5,2527,2541,36526,0
20241206,170000,2542,2548,2532.5,2541.5,15152,0
20241206,180000,2541.5,2544,2534.5,2540,11857,0
20241206,190000,2539.5,2546,2538.5,2541.5,7995,0
20241206,200000,2542,2545.5,2539.5,2543.5,5242,0
20241206,210000,2544,2545.5,2539.5,2541,2970,0
20241206,220000,2541,2544.5,2541,2544,2665,0
20241206,230000,2544,2545.5,2542,2542.5,3922,0
20241209,100000,2551.5,2570,2551,2565,42877,0
20241209,110000,2565.5,2565.5,2553,2557.5,21149,0
20241209,120000,2556,2557.5,2548,2551.5,15904,0
20241209,130000,2553,2560,2550.5,2551,13520,0
20241209,140000,2551,2558.5,2549,2558.5,5907,0
20241209,150000,2558.5,2573.5,2556,2573.5,22327,0
20241209,160000,2573.5,2590,2568.5,2589,30124,0
20241209,170000,2589,2591,2576.5,2579,20046,0
20241209,180000,2579,2583,2574,2575.5,9686,0
20241209,190000,2578,2579,2573,2577,11054,0
20241209,200000,2577.5,2580,2575.5,2576,4056,0
20241209,210000,2576.5,2578.5,2576,2577.5,1801,0
20241209,220000,2577,2579,2577,2577.5,4060,0
20241209,230000,2577.5,2578,2571.5,2572,4863,0
20241210,100000,2571.5,2573,2545,2545,51137,0
20241210,110000,2545,2554,2538,2545.5,27994,0
20241210,120000,2545.5,2547,2525.5,2534,37719,0
20241210,130000,2534,2547,2530,2537,26128,0
20241210,140000,2536.5,2541.5,2518,2525,34774,0
20241210,150000,2525,2537,2521.5,2524,14649,0
20241210,160000,2524.5,2550,2523,2531.5,37973,0
20241210,170000,2530.5,2538,2525,2525,17269,0
20241210,180000,2525,2528,2518,2525.5,16892,0
20241210,190000,2527,2533,2522,2526.5,8573,0
20241210,200000,2526,2529,2522,2529,4360,0
20241210,210000,2529,2530,2526,2527,1423,0
20241210,220000,2526.5,2527.5,2522.5,2524,3533,0
20241210,230000,2523.5,2524.5,2520,2520,7225,0
20241211,100000,2517.5,2522,2500.5,2511,41550,0
20241211,110000,2510.5,2519.5,2501,2512,39145,0
20241211,120000,2513,2531,2509.5,2523,29105,0
20241211,130000,2522,2522,2507,2509.5,17785,0
20241211,140000,2509,2516,2505,2515.5,10952,0
20241211,150000,2515.5,2523.5,2511.5,2515.5,17463,0
20241211,160000,2515.5,2528.5,2513.5,2525.5,14999,0
20241211,170000,2525.5,2537.5,2522,2525,32438,0
20241211,180000,2525,2528,2510,2511.5,17619,0
20241211,190000,2517,2547,2500,2524.5,46062,0
20241211,200000,2525,2534.5,2525,2527,14051,0
20241211,210000,2526,2533.5,2526,2530,7452,0
20241211,220000,2529.5,2535,2527,2533.5,4503,0
20241211,230000,2534.5,2540,2533.5,2538.5,7586,0
20241212,100000,2537,2552,2526.5,2551,43773,0
20241212,110000,2551,2552.5,2535.5,2535.5,31567,0
20241212,120000,2537,2544,2531.5,2538,20333,0
20241212,130000,2537,2541.5,2520.5,2526.5,24991,0
20241212,140000,2526,2531,2517,2519.5,23016,0
20241212,150000,2519.5,2531,2513,2527.5,26308,0
20241212,160000,2528.5,2531.5,2513.5,2513.5,16682,0
20241212,170000,2513.5,2516.5,2500,2501,36973,0
20241212,180000,2501,2505,2491,2494.5,28750,0
20241212,190000,2495,2504.5,2492.5,2500.5,22884,0
20241212,200000,2500,2503.5,2495,2499.5,7285,0
20241212,210000,2499.5,2500,2496.5,2497,3600,0
20241212,220000,2497,2498.5,2490.5,2494,7114,0
20241212,230000,2494,2502.5,2491.5,2497,6676,0
20241213,100000,2492,2493.5,2476,2483.5,57335,0
20241213,110000,2484,2491.5,2474,2478,37817,0
20241213,120000,2477,2483,2471,2475.5,21264,0
20241213,130000,2475.5,2490,2475.5,2485,22104,0
20241213,140000,2485,2486,2477,2480,10867,0
20241213,150000,2480,2491.5,2476,2489,14626,0
20241213,160000,2489.5,2490,2476,2478.5,15442,0
20241213,170000,2479,2488.5,2477.5,2484,11771,0
20241213,180000,2484,2491,2481,2485.5,15507,0
20241213,190000,2489.5,2490.5,2484,2489,7925,0
20241213,200000,2488,2493.5,2487,2488,6344,0
20241213,210000,2488,2488,2485.5,2486,2386,0
20241213,220000,2486.5,2487,2479,2483,6231,0
20241213,230000,2482.5,2483,2479,2480,4888,0
20241216,100000,2477.5,2479,2461,2468,53910,0
20241216,110000,2467,2468,2452.5,2456,45957,0
20241216,120000,2456,2458,2446.5,2448.5,29119,0
20241216,130000,2449,2456,2443,2443.5,24328,0
20241216,140000,2444,2449,2435,2438,30664,0
20241216,150000,2438.5,2443,2431.5,2436,26929,0
20241216,160000,2436,2455.5,2436,2447,43971,0
20241216,170000,2446.5,2448.5,2426.5,2430.5,28464,0
20241216,180000,2431.5,2433,2416.5,2423.5,32273,0
20241216,190000,2422,2428.5,2417,2419,23932,0
20241216,200000,2419.5,2447.5,2419,2435,38208,0
20241216,210000,2435.5,2441,2428.5,2429.5,12705,0
20241216,220000,2429.5,2430.5,2422.5,2428.5,8654,0
20241216,230000,2429,2430,2422.5,2423.5,7028,0
20241217,100000,2413.5,2429,2401,2410.5,145683,0
20241217,110000,2410.5,2411,2400,2401.5,34371,0
20241217,120000,2401.5,2420.5,2401.5,2414,36217,0
20241217,130000,2414,2417,2404.5,2407,18149,0
20241217,140000,2407.5,2409,2387,2392,38421,0
20241217,150000,2392.5,2401,2389.5,2391,32711,0
20241217,160000,2391,2392.5,2377,2382,46253,0
20241217,170000,2382,2394.5,2375.5,2388.5,36178,0
20241217,180000,2388.5,2393,2384.5,2386,9385,0
20241217,190000,2387,2395,2379.5,2393,15103,0
20241217,200000,2393,2397.5,2390,2395.5,6802,0
20241217,210000,2396,2397.5,2391.5,2394.5,4105,0
20241217,220000,2394.5,2398.5,2393,2397.5,3908,0
20241217,230000,2397.5,2402.5,2396.5,2398.5,6421,0
20241218,100000,2402,2416,2395,2396.5,59880,0
20241218,110000,2397,2397,2387,2389,29785,0
20241218,120000,2389,2395.5,2387,2394,13685,0
20241218,130000,2393.5,2394.5,2384.5,2392.5,14729,0
20241218,140000,2392.5,2394.5,2386.5,2394,10341,0
20241218,150000,2394,2404,2391.5,2392.5,20578,0
20241218,160000,2391.5,2394.5,2389.5,2392,6693,0
20241218,170000,2391,2407.5,2390.5,2407.5,18324,0
20241218,180000,2407,2415.5,2405,2408.5,24342,0
20241218,190000,2409,2442,2409,2440,71571,0
20241218,200000,2440.5,2441.5,2431,2431.5,15744,0
20241218,210000,2431,2442,2430.5,2441,17165,0
20241218,220000,2441,2447,2436,2437,16346,0
20241218,230000,2437.5,2440,2434.5,2439.5,5197,0
20241219,100000,2440.5,2452.5,2431.5,2437.5,63961,0
20241219,110000,2438.5,2458.5,2432,2455,51356,0
20241219,120000,2456,2467.5,2449,2459,55872,0
20241219,130000,2459.5,2462.5,2451.5,2452.5,24345,0
20241219,140000,2452.5,2452.5,2440.5,2445,32509,0
20241219,150000,2445.5,2475,2442,2453,81291,0
20241219,160000,2453,2455.5,2434.5,2437,39402,0
20241219,170000,2437.5,2447.5,2422,2427,42099,0
20241219,180000,2426.5,2445,2416,2430.5,62556,0
20241219,190000,2437.5,2443.5,2426.5,2443,19452,0
20241219,200000,2443,2444,2435,2442.5,7694,0
20241219,210000,2442.5,2443,2434.5,2441.5,4376,0
20241219,220000,2441,2444.5,2440,2441.5,2973,0
20241219,230000,2441.5,2444,2435.5,2440,3880,0
20241220,100000,2448.5,2472,2427,2430,53195,0
20241220,110000,2429.5,2444,2428,2437.5,25408,0
20241220,120000,2437.5,2459,2433.5,2450,42444,0
20241220,130000,2450.5,2598,2446,2556.5,266151,0
20241220,140000,2557.5,2597.5,2557.5,2582.5,124355,0
20241220,150000,2582.5,2624,2564,2610,139406,0
20241220,160000,2611,2639.5,2606,2619.5,109304,0
20241220,170000,2620,2640,2618.5,2637.5,58737,0
20241220,180000,2638,2664,2637.5,2654.5,67853,0
20241220,190000,2653.5,2658,2637,2642,43464,0
20241220,200000,2641.5,2650,2639.5,2649.5,10142,0
20241220,210000,2648,2660,2647,2654,18286,0
20241220,220000,2654,2658.5,2653,2656.5,9512,0
20241220,230000,2656.5,2659.5,2652.5,2658.5,14427,0
