20251217,080000,2785,2785,2785,2785,271,0
20251217,090000,2784.5,2788.5,2782,2782.5,36912,0
20251217,100000,2782.5,2784,2767.5,2773,96957,0
20251217,110000,2772.5,2786.5,2771.5,2775.5,81175,0
20251217,120000,2775.5,2776,2762,2763.5,130956,0
20251217,130000,2763.5,2769,2759,2766,75858,0
20251217,140000,2765.5,2767,2753.5,2760,89758,0
20251217,150000,2759.5,2764,2755.5,2759,45884,0
20251217,160000,2759,2761.5,2753,2754,22797,0
20251217,170000,2754.5,2754.5,2742.5,2753,132849,0
20251217,180000,2753,2765.5,2748.5,2764,104983,0
20251217,190000,2765.5,2772,2762,2762.5,55842,0
20251217,200000,2763,2767.5,2762,2765,18733,0
20251217,210000,2765.5,2767.5,2762.5,2763.5,13818,0
20251217,220000,2763.5,2769.5,2756,2766,52576,0
20251217,230000,2765.5,2769.5,2765,2765.5,15910,0
20251218,080000,2766.5,2766.5,2766.5,2766.5,45,0
20251218,090000,2766.5,2769.5,2760.5,2769,34864,0
20251218,100000,2769,2779,2762.5,2776,79921,0
20251218,110000,2776,2777.5,2767,2770,82598,0
20251218,120000,2770,2772,2764.5,2771.5,76753,0
20251218,130000,2771.5,2773,2769,2770,31675,0
20251218,140000,2769.5,2770,2756,2761.5,85362,0
20251218,150000,2761.5,2772.5,2759.5,2768,100886,0
20251218,160000,2768,2771,2765,2766.5,60332,0
20251218,170000,2766.5,2769,2759,2761,66916,0
20251218,180000,2761.5,2763,2754,2758,69589,0
20251218,190000,2759.5,2771,2757.5,2766.5,41906,0
20251218,200000,2766.5,2768,2763,2767.5,9732,0
20251218,210000,2767.5,2769.5,2766,2768.5,10866,0
20251218,220000,2768,2774.5,2768,2771,20448,0
20251218,230000,2771,2773.5,2770.5,2773,8552,0
20251219,080000,2774,2774,2774,2774,375,0
20251219,090000,2774.5,2785,2774,2778.5,68644,0
20251219,100000,2779,2796,2779,2788,127464,0
20251219,110000,2788,2790,2779,2786,79193,0
20251219,120000,2786,2789,2782,2783.5,65712,0
20251219,130000,2783.5,2786,2721,2757,714495,0
20251219,140000,2756.5,2765.5,2750.5,2764,123231,0
20251219,150000,2764,2765.5,2749,2749.5,91958,0
20251219,160000,2749.5,2763,2745.5,2755,130444,0
20251219,170000,2754.5,2755,2741.5,2743.5,122692,0
20251219,180000,2743.5,2753,2742,2747.5,48800,0
20251219,190000,2747.5,2755.5,2746.5,2753,38186,0
20251219,200000,2753,2763,2752,2760,30946,0
20251219,210000,2760,2760,2755.5,2756,11839,0
20251219,220000,2756.5,2759,2756,2757.5,6364,0
20251219,230000,2758,2760.5,2757.5,2760,11624,0
20251220,090000,2758,2758,2758,2758,29,0
20251220,100000,2758.5,2764,2756,2759,13099,0
20251220,110000,2757,2759.5,2756.5,2756.5,2091,0
20251220,120000,2756.5,2760.5,2756.5,2758,3219,0
20251220,130000,2759,2760.5,2757,2758.5,4728,0
20251220,140000,2758.5,2759,2756.5,2758,1613,0
20251220,150000,2758,2759,2757,2758.5,3154,0
20251220,160000,2759,2761,2757,2758,5292,0
20251220,170000,2758,2759,2757,2758.5,3085,0
20251220,180000,2758.5,2760,2758,2759.5,4991,0
20251221,090000,2760,2760,2760,2760,90,0
20251221,100000,2760,2760,2757,2757,3786,0
20251221,110000,2757,2758,2753.5,2754.5,3199,0
20251221,120000,2754.5,2755,2751,2751.5,4997,0
20251221,130000,2751.5,2753.5,2750.5,2750.5,3767,0
20251221,140000,2751,2753,2748.5,2749.5,7857,0
20251221,150000,2749.5,2751,2747,2750.5,5292,0
20251221,160000,2750.5,2752.5,2749,2750,6325,0
20251221,170000,2750,2751.5,2748,2749,4123,0
20251221,180000,2748.5,2750,2747,2748,5898,0
20251222,080000,2750,2750,2750,2750,331,0
20251222,090000,2749,2749.5,2736,2740.5,61519,0
20251222,100000,2740.5,2741,2727.5,2727.5,107355,0
20251222,110000,2727.5,2736,2725.5,2734,70056,0
20251222,120000,2733.5,2744,2728.5,2736.5,142161,0
20251222,130000,2736.5,2743,2733,2739.5,49514,0
20251222,140000,2740,2741.5,2734,2736,40604,0
20251222,150000,2735.5,2736,2728,2732.5,33738,0
20251222,160000,2732.5,2734,2727,2727.5,21651,0
20251222,170000,2728,2729,2715,2717,101290,0
20251222,180000,2717.5,2719,2713.5,2716.5,33965,0
20251222,190000,2718.5,2724,2718.5,2723,35803,0
20251222,200000,2722.5,2723,2718.5,2721,9952,0
20251222,210000,2721,2721.5,2718,2720,7880,0
20251222,220000,2720,2720,2717,2717,7940,0
20251222,230000,2717,2720,2716.5,2719,6292,0
20251223,080000,2722.5,2722.5,2722.5,2722.5,587,0
20251223,090000,2722,2722,2713,2718.5,46379,0
20251223,100000,2718.5,2727.5,2715.5,2721,69430,0
20251223,110000,2721,2722.5,2708,2712.5,66891,0
20251223,120000,2713,2714.5,2705,2709.5,80788,0
20251223,130000,2709.5,2718.5,2707,2713.5,40908,0
20251223,140000,2713.5,2733,2712,2730.5,77074,0
20251223,150000,2731,2732,2725,2725,64312,0
20251223,160000,2725,2733,2723,2732,47604,0
20251223,170000,2733,2737,2722,2728,58311,0
20251223,180000,2727.5,2732.5,2727,2731,24957,0
20251223,190000,2731,2735.5,2729,2730,20051,0
20251223,200000,2730,2731,2727,2728.5,8360,0
20251223,210000,2728.5,2734.5,2728.5,2733,13769,0
20251223,220000,2734,2736,2732.5,2733,11010,0
20251223,230000,2732.5,2733.5,2730,2731.5,7419,0
20251224,080000,2731,2731,2731,2731,100,0
20251224,090000,2730.5,2732,2720.5,2722.5,40112,0
20251224,100000,2722.5,2729,2717.5,2726,62468,0
20251224,110000,2726,2730.5,2710.5,2719.5,111441,0
20251224,120000,2719,2727,2716,2722.5,46073,0
20251224,130000,2722,2732,2722,2729.5,50718,0
20251224,140000,2730,2734.5,2728.5,2729,34573,0
20251224,150000,2729.5,2734.5,2726,2729.5,38869,0
20251224,160000,2729.5,2732,2725.5,2730,22251,0
20251224,170000,2730,2732,2724,2724.5,23386,0
20251224,180000,2725,2727.5,2717,2720.5,53902,0
20251224,190000,2721,2727.5,2720,2724.5,22727,0
20251224,200000,2724,2726.5,2723,2725.5,4406,0
20251224,210000,2726,2726.5,2723,2725.5,4225,0
20251224,220000,2725.5,2728,2725,2727.5,3864,0
20251224,230000,2727,2728,2722.5,2724.5,7501,0
20251225,080000,2724,2724,2724,2724,64,0
20251225,090000,2723,2724,2719,2721,12851,0
20251225,100000,2721,2721,2711.5,2715.5,61262,0
20251225,110000,2715.5,2725.5,2715,2723.5,46760,0
20251225,120000,2723,2723.5,2719.5,2720,16864,0
20251225,130000,2720,2723.5,2715,2716,32214,0
20251225,140000,2716,2718.5,2715.5,2717.5,27763,0
20251225,150000,2717,2717.5,2712,2714.5,28981,0
20251225,160000,2714,2720,2712.5,2716,36938,0
20251225,170000,2716,2718.5,2714.5,2716.5,11442,0
20251225,180000,2716.5,2718.5,2715.5,2717,17653,0
20251225,190000,2717.5,2722.5,2717,2721,13212,0
20251225,200000,2721.5,2722.5,2719,2719.5,10157,0
20251225,210000,2719.5,2724.5,2719,2724.5,7189,0
20251225,220000,2724.5,2730,2721,2724,31509,0
20251225,230000,2724.5,2724.5,2718.5,2720,8339,0
20251226,080000,2722,2722,2722,2722,13,0
20251226,090000,2722,2745,2721,2740.5,99493,0
20251226,100000,2740.5,2746.5,2736.5,2744,95031,0
20251226,110000,2743.5,2750,2740.5,2743,75147,0
20251226,120000,2743,2746,2740,2743.5,32362,0
20251226,130000,2744.5,2749,2743.5,2746.5,31574,0
20251226,140000,2746.5,2754,2743.5,2752,50552,0
20251226,150000,2752,2760,2748,2756.5,107982,0
20251226,160000,2757.5,2760.5,2755,2760,43574,0
20251226,170000,2760,2765.5,2760,2762,50488,0
20251226,180000,2762,2763.5,2758.5,2760.5,31086,0
20251226,190000,2761.5,2767,2758,2760.5,40349,0
20251226,200000,2761,2764.5,2760,2764,12725,0
20251226,210000,2763.5,2764.5,2761.5,2763.5,7395,0
20251226,220000,2763,2768.5,2763,2767.5,17266,0
20251226,230000,2767.5,2776,2767,2774,32128,0
20251227,090000,2773,2773,2773,2773,307,0
20251227,100000,2773.5,2785.5,2773,2782.5,26625,0
20251227,110000,2781,2783,2780,2782,5871,0
20251227,120000,2782,2785.5,2781.5,2782,7510,0
20251227,130000,2783,2784.5,2781.5,2783.5,3069,0
20251227,140000,2783,2784,2781,2781,2237,0
20251227,150000,2782,2783,2780.5,2783,2516,0
20251227,160000,2782.5,2784,2781.5,2783,2278,0
20251227,170000,2783,2784,2782.5,2783,766,0
20251227,180000,2783.5,2784,2781.5,2784,2561,0
20251228,090000,2784,2784,2784,2784,136,0
20251228,100000,2782,2783,2770,2770.5,22428,0
20251228,110000,2770.5,2776.5,2768,2771.5,16684,0
20251228,120000,2771.5,2775,2768.5,2771.5,7642,0
20251228,130000,2771,2773.5,2770.5,2772,3143,0
20251228,140000,2773,2776.5,2772,2776.5,3407,0
20251228,150000,2776,2783.5,2776,2781.5,16201,0
20251228,160000,2782,2784,2781.5,2784,3023,0
20251228,170000,2784,2787.5,2783,2785,11864,0
20251228,180000,2785.5,2795,2784.5,2787,28556,0
20251229,080000,2787,2787,2787,2787,832,0
20251229,090000,2787.5,2789,2774.5,2779,57629,0
20251229,100000,2779,2782.5,2772.5,2779,67166,0
20251229,110000,2779.5,2827,2778.5,2826,214046,0
20251229,120000,2826,2828,2803.5,2811.5,221128,0
20251229,130000,2811.5,2815,2807.5,2810.5,37494,0
20251229,140000,2811.5,2814,2807,2812.5,32606,0
20251229,150000,2812,2819.5,2805.5,2811,62066,0
20251229,160000,2811,2811.5,2783.5,2789.5,172207,0
20251229,170000,2789,2794.5,2786,2788.5,63852,0
20251229,180000,2788.5,2788.5,2743,2746,445351,0
20251229,190000,2747,2767,2744,2759.5,111203,0
20251229,200000,2760,2766.5,2757.5,2760,32825,0
20251229,210000,2760,2767,2753,2766,29764,0
20251229,220000,2766,2767,2761.5,2763.5,14685,0
20251229,230000,2763.5,2765.5,2757,2760.5,20878,0
20251230,080000,2763.5,2763.5,2763.5,2763.5,594,0
20251230,090000,2763.5,2767,2757.5,2762,29941,0
20251230,100000,2762,2762,2752,2757.5,43718,0
20251230,110000,2757,2762.5,2753,2759,34493,0
20251230,120000,2760,2765,2757,2762.5,62837,0
20251230,130000,2762.5,2765.5,2760,2764.5,46555,0
20251230,140000,2764.5,2766,2760,2763,33482,0
20251230,150000,2763.5,2771,2763,2770.5,37839,0
20251230,160000,2770.5,2775.5,2768.5,2774,77210,0
20251230,170000,2774.5,2780.5,2769.5,2770.5,51400,0
20251230,180000,2771,2773,2768,2772,30622,0
20251230,190000,2772.5,2777.5,2771.5,2776.5,21571,0
20251230,200000,2776.5,2777.5,2771,2776,16798,0
20251230,210000,2776.5,2777.5,2773,2774.5,9606,0
20251230,220000,2774.5,2775.5,2769.5,2771,17382,0
20251230,230000,2771.5,2777.5,2769,2775.5,15424,0
20260105,080000,2755.5,2755.5,2755.5,2755.5,807,0
20260105,090000,2755,2755.5,2731,2736.5,96775,0
20260105,100000,2736.5,2746.5,2732,2745.5,72532,0
20260105,110000,2745,2750,2741,2749.5,27978,0
20260105,120000,2749.5,2753.5,2745,2750.5,29378,0
20260105,130000,2751,2751.5,2746.5,2747.5,20816,0
20260105,140000,2748,2750.5,2744,2748.5,22132,0
20260105,150000,2748.5,2751.5,2744,2751,11848,0
20260105,160000,2751,2755.5,2751,2754,20438,0
20260105,170000,2753.5,2761,2753.5,2758,48569,0
20260105,180000,2758.5,2762.5,2757.5,2760.5,16084,0
20260105,190000,2760,2763,2758.5,2759.5,20623,0
20260105,200000,2759.5,2761,2757,2758.5,11776,0
20260105,210000,2758.5,2762,2758.5,2759.5,13121,0
20260105,220000,2759.5,2760,2757.5,2759,5972,0
20260105,230000,2759,2762,2758,2761.5,11218,0
20260106,080000,2753,2753,2753,2753,1600,0
20260106,090000,2754.5,2765,2749.5,2761,58681,0
20260106,100000,2761,2761.5,2751.5,2756,57760,0
20260106,110000,2756,2760.5,2755,2759.5,21089,0
20260106,120000,2759.5,2761.5,2754.5,2755,22605,0
20260106,130000,2755,2757.5,2753,2756,10701,0
20260106,140000,2756.5,2757.5,2751,2751,18194,0
20260106,150000,2751,2752.5,2747.5,2751,20234,0
20260106,160000,2751,2754.5,2744,2745.5,16952,0
20260106,170000,2745,2746.5,2741.5,2746,36967,0
20260106,180000,2745.5,2748,2745,2747,19655,0
20260106,190000,2748,2754,2747,2752,19844,0
20260106,200000,2752,2753,2751,2751,6560,0
20260106,210000,2751,2752,2747.5,2749,9058,0
20260106,220000,2748.5,2750.5,2745.5,2750,7922,0
20260106,230000,2750.5,2755,2750,2754,18146,0
20260108,080000,2732,2732,2732,2732,1953,0
20260108,090000,2731.5,2735,2722.5,2727.5,66814,0
20260108,100000,2727.5,2732.5,2725,2730.5,52029,0
20260108,110000,2730,2731,2727,2729.5,14575,0
20260108,120000,2729,2738.5,2729,2735,52278,0
20260108,130000,2735.5,2735.5,2728,2729.5,27408,0
20260108,140000,2730,2730,2725.5,2726.5,21400,0
20260108,150000,2726.5,2726.5,2717,2721.5,82959,0
20260108,160000,2721.5,2725,2720,2720,27721,0
20260108,170000,2720.5,2723.5,2719.5,2722.5,17345,0
20260108,180000,2722.5,2724,2721,2721,15827,0
20260108,190000,2722,2725,2721,2724.5,21005,0
20260108,200000,2724.5,2726.5,2723,2724,9242,0
20260108,210000,2724,2730,2724,2728.5,23041,0
20260108,220000,2728.5,2731.5,2723,2725.5,24073,0
20260108,230000,2725.5,2727.5,2724,2724.5,9833,0
20260109,080000,2730,2730,2730,2730,150,0
20260109,090000,2730,2744,2711,2727,140543,0
20260109,100000,2727,2729.5,2723,2726.5,34454,0
20260109,110000,2726.5,2732.5,2725.5,2731.5,22568,0
20260109,120000,2731.5,2731.5,2725,2729,20826,0
20260109,130000,2729,2730.5,2726,2728,26674,0
20260109,140000,2728.5,2734.5,2728.5,2731,27335,0
20260109,150000,2731.5,2732,2727,2727,11489,0
20260109,160000,2726.5,2728.5,2725.5,2727,11665,0
20260109,170000,2727.5,2729.5,2727,2729,8767,0
20260109,180000,2729,2730,2727.5,2727.5,12480,0
20260109,190000,2729,2735.5,2728,2730.5,27412,0
20260109,200000,2731,2735,2728,2731.5,26435,0
20260109,210000,2731.5,2732.5,2730,2730.5,12750,0
20260109,220000,2730.5,2732,2730,2732,9459,0
20260109,230000,2731.5,2734,2731,2734,23825,0
20260112,080000,2710.5,2710.5,2710.5,2710.5,5415,0
20260112,090000,2710.5,2719,2709,2711.5,127103,0
20260112,100000,2711,2726.5,2711,2726.5,93462,0
20260112,110000,2726.5,2729,2719.5,2721,40120,0
20260112,120000,2721,2724,2720,2723.5,19066,0
20260112,130000,2724,2724,2717.5,2719,20571,0
20260112,140000,2718.5,2719,2713,2715,36775,0
20260112,150000,2714.5,2715,2711.5,2712.5,22947,0
20260112,160000,2712.5,2715,2707,2708,36732,0
20260112,170000,2708,2708.5,2700,2701,57718,0
20260112,180000,2701,2705,2698.5,2701.5,29574,0
20260112,190000,2703.5,2707.5,2703,2706.5,20505,0
20260112,200000,2706.5,2708,2703.5,2706,9606,0
20260112,210000,2706,2706,2705,2706,3701,0
20260112,220000,2705.5,2706.5,2705,2705.5,5976,0
20260112,230000,2705.5,2707,2705,2706,8087,0
20260113,080000,2706,2706,2706,2706,213,0
20260113,090000,2705.5,2707.5,2695,2699.5,50835,0
20260113,100000,2699,2703,2693.5,2697.5,40427,0
20260113,110000,2697.5,2699.5,2689,2690.5,65097,0
20260113,120000,2690,2699,2690,2698,33103,0
20260113,130000,2698,2705.5,2695.5,2697,48690,0
20260113,140000,2697.5,2700,2694.5,2699,27415,0
20260113,150000,2699,2699,2695,2696.5,13707,0
20260113,160000,2696,2707,2696,2702,62090,0
20260113,170000,2701.5,2704,2698,2700.5,21053,0
20260113,180000,2700.5,2703.5,2690.5,2694,42812,0
20260113,190000,2694.5,2698.5,2693,2695.5,17184,0
20260113,200000,2695.5,2697,2690.5,2691.5,12001,0
20260113,210000,2691,2694,2691,2692.5,7579,0
20260113,220000,2692.5,2694.5,2692,2694,3038,0
20260113,230000,2694,2694,2691,2691,7365,0
20260114,080000,2691.5,2691.5,2691.5,2691.5,72,0
20260114,090000,2692,2695.5,2684,2687,49024,0
20260114,100000,2686.5,2687.5,2675.5,2682,118896,0
20260114,110000,2682,2715.5,2682,2703.5,225062,0
20260114,120000,2703.5,2714,2701,2708.5,85432,0
20260114,130000,2708.5,2712,2703,2706,45929,0
20260114,140000,2706,2711.5,2706,2709.5,30637,0
20260114,150000,2710.5,2714,2705.5,2709.5,49616,0
20260114,160000,2709.5,2711,2702,2708,37924,0
20260114,170000,2708.5,2718,2703.5,2704.5,85941,0
20260114,180000,2705,2708,2700,2702.5,48331,0
20260114,190000,2701.5,2703.5,2695.5,2700.5,36343,0
20260114,200000,2700.5,2703,2697,2701,12890,0
20260114,210000,2700.5,2704.5,2699,2704,9133,0
20260114,220000,2704.5,2707.5,2701.5,2707.5,15866,0
20260114,230000,2707.5,2708,2699,2700,15682,0
20260115,080000,2702.5,2702.5,2702.5,2702.5,187,0
20260115,090000,2702.5,2706.5,2698.5,2701.5,30735,0
20260115,100000,2701.5,2704,2695,2695,42628,0
20260115,110000,2695,2702,2694,2697.5,24262,0
20260115,120000,2697,2699,2694,2694.5,17400,0
20260115,130000,2695,2712,2694.5,2705.5,87256,0
20260115,140000,2705.5,2714.5,2705,2712.5,37834,0
20260115,150000,2713,2714.5,2708,2709.5,22666,0
20260115,160000,2710,2714,2704,2711,37111,0
20260115,170000,2711,2716,2702.5,2706.5,48268,0
20260115,180000,2706.5,2708.5,2700.5,2703.5,27705,0
20260115,190000,2704.5,2715,2703,2708.5,37275,0
20260115,200000,2708.5,2713.5,2708,2711,12866,0
20260115,210000,2710.5,2712.5,2710,2711,6316,0
20260115,220000,2711,2719,2711,2714,34982,0
20260115,230000,2714.5,2716.5,2711,2716,9476,0
20260116,080000,2714,2714,2714,2714,129,0
20260116,090000,2713.5,2717,2709.5,2713,30136,0
20260116,100000,2713,2725,2710.5,2725,74740,0
20260116,110000,2725,2731.5,2725,2728,71575,0
20260116,120000,2728,2730,2726,2729,19732,0
20260116,130000,2728.5,2731.5,2725,2727,33574,0
20260116,140000,2726.5,2729.5,2724.5,2729,20011,0
20260116,150000,2729,2729,2724.5,2725,8860,0
20260116,160000,2725,2741.5,2723.5,2737,123238,0
20260116,170000,2737.5,2744,2737,2737.5,56314,0
20260116,180000,2738,2740,2733.5,2738.5,36037,0
20260116,190000,2738.5,2742,2738,2738.5,12626,0
20260116,200000,2738.5,2741.5,2738.5,2739.5,10016,0
20260116,210000,2739.5,2743.5,2739.5,2743,16393,0
20260116,220000,2743,2745,2739.5,2740.5,18561,0
20260116,230000,2741,2742.5,2735,2742,16143,0
20260117,090000,2742,2742,2742,2742,11,0
20260117,100000,2740.5,2744,2740,2741,4693,0
20260117,110000,2741.5,2744.5,2740.5,2744,5425,0
20260117,120000,2744,2744,2743,2743,2673,0
20260117,130000,2743,2744.5,2742.5,2743,1472,0
20260117,140000,2742.5,2743.5,2741,2742.5,2019,0
20260117,150000,2742.5,2742.5,2741.5,2741.5,280,0
20260117,160000,2741.5,2742.5,2741,2741.5,955,0
20260117,170000,2742,2742,2740.5,2740.5,796,0
20260117,180000,2740.5,2742.5,2740,2742,1773,0
20260118,090000,2740.5,2740.5,2740.5,2740.5,40,0
20260118,100000,2742,2744,2740.5,2743.5,3662,0
20260118,110000,2743.5,2744,2741.5,2742.5,2960,0
20260118,120000,2742,2742.5,2740,2740,1361,0
20260118,130000,2740,2743,2740,2743,729,0
20260118,140000,2742.5,2743,2741.5,2742,566,0
20260118,150000,2742,2743,2741.5,2742.5,764,0
20260118,160000,2743,2744,2742.5,2744,1034,0
20260118,170000,2743.5,2749.5,2743.5,2748,9559,0
20260118,180000,2748,2748,2745.5,2747.5,6428,0
20260119,080000,2746,2746,2746,2746,389,0
20260119,090000,2746,2748.5,2737.5,2740.5,64877,0
20260119,100000,2740,2747,2732.5,2742.5,66843,0
20260119,110000,2742,2757.5,2742,2752.5,65480,0
20260119,120000,2753,2753,2748.5,2752.5,32864,0
20260119,130000,2752.5,2753,2747,2750,22679,0
20260119,140000,2750.5,2752.5,2748,2748.5,12545,0
20260119,150000,2749,2752,2745.5,2750.5,16473,0
20260119,160000,2750.5,2752,2742,2751,33840,0
20260119,170000,2750.5,2759,2750,2755.5,40696,0
20260119,180000,2755,2756.5,2750.5,2751,17376,0
20260119,190000,2751.5,2754,2749,2752.5,11978,0
20260119,200000,2752.5,2753,2750,2751,5868,0
20260119,210000,2751,2752.5,2750.5,2751,2995,0
20260119,220000,2751.5,2751.5,2748.5,2748.5,7286,0
20260119,230000,2749.5,2749.5,2739,2741.5,31501,0
20260120,080000,2746,2746,2746,2746,551,0
20260120,090000,2746.5,2752,2743.5,2747,37319,0
20260120,100000,2747,2747.5,2736,2737.5,59065,0
20260120,110000,2737,2740.5,2729.5,2734.5,85717,0
20260120,120000,2734.5,2740,2731,2738,41196,0
20260120,130000,2738.5,2741,2735,2736,38841,0
20260120,140000,2736,2736.5,2730,2734.5,32783,0
20260120,150000,2734.5,2738,2729,2736.5,29584,0
20260120,160000,2736,2743,2735.5,2738.5,35497,0
20260120,170000,2738.5,2746,2732,2742,52651,0
20260120,180000,2742.5,2744,2739.5,2740,16403,0
20260120,190000,2741.5,2743.5,2737,2738.5,17108,0
20260120,200000,2738.5,2742.5,2738.5,2741,5255,0
20260120,210000,2740.5,2746.5,2739.5,2744,25582,0
20260120,220000,2744,2749,2743.5,2747,19591,0
20260120,230000,2746.5,2747.5,2742.5,2746,8259,0
20260121,080000,2743.5,2743.5,2743.5,2743.5,156,0
20260121,090000,2743,2748.5,2739,2746.5,34108,0
20260121,100000,2746.5,2747,2737,2741.5,44266,0
20260121,110000,2741.5,2743.5,2737,2742.5,19317,0
20260121,120000,2742.5,2755,2740.5,2750,70205,0
20260121,130000,2749.5,2774,2749,2770,171582,0
20260121,140000,2770,2780,2770,2774,95424,0
20260121,150000,2775,2777,2772.5,2775,35231,0
20260121,160000,2775.5,2776,2769.5,2771,41084,0
20260121,170000,2771,2778.5,2770.5,2774,38443,0
20260121,180000,2774,2775,2770.5,2773.5,19866,0
20260121,190000,2773.5,2775.5,2770.5,2772.5,18382,0
20260121,200000,2772.5,2774.5,2770,2774.5,10919,0
20260121,210000,2774.5,2777.5,2774,2776,11501,0
20260121,220000,2776,2784,2775.5,2782.5,49272,0
20260121,230000,2782.5,2783,2778,2782,23123,0
20260122,080000,2782.5,2782.5,2782.5,2782.5,146,0
20260122,090000,2782.5,2782.5,2774.5,2779,38958,0
20260122,100000,2778.5,2789,2776,2782.5,85218,0
20260122,110000,2782.5,2788.5,2782,2783,33578,0
20260122,120000,2782.5,2784,2776,2781.5,45649,0
20260122,130000,2782,2785.5,2780.5,2781.5,22787,0
20260122,140000,2781.5,2794,2780.5,2785,66679,0
20260122,150000,2785,2787.5,2784.5,2786.5,13024,0
20260122,160000,2786.5,2791.5,2766.5,2776.5,152993,0
20260122,170000,2776,2781.5,2756.5,2777,248746,0
20260122,180000,2777.5,2779,2765,2767,44636,0
20260122,190000,2768.5,2778,2767.5,2773,34203,0
20260122,200000,2773,2775,2765.5,2773.5,27796,0
20260122,210000,2773.5,2784,2773,2780,25192,0
20260122,220000,2779,2780,2773,2776,14021,0
20260122,230000,2776,2778,2774,2774.5,12402,0
20260123,080000,2775.5,2775.5,2775.5,2775.5,87,0
20260123,090000,2775.5,2777,2762.5,2767.5,52213,0
20260123,100000,2768,2774.5,2764,2773,36251,0
20260123,110000,2773,2785.5,2772.5,2780.5,68826,0
20260123,120000,2780,2781,2773,2775.5,32488,0
20260123,130000,2775.5,2780,2774,2776,16245,0
20260123,140000,2776.5,2777,2771.5,2774,16935,0
20260123,150000,2774.5,2781.5,2772,2780,20003,0
20260123,160000,2779.5,2781,2774,2774.5,15553,0
20260123,170000,2774.5,2778.5,2774.5,2775,11446,0
20260123,180000,2776,2779,2775.5,2778,13305,0
20260123,190000,2779,2780.5,2777.5,2778,12979,0
20260123,200000,2778,2796,2775.5,2789,81430,0
20260123,210000,2789,2794,2786.5,2788.5,41314,0
20260123,220000,2788.5,2792.5,2785.5,2790.5,22830,0
20260123,230000,2791,2793,2790,2792.5,11372,0
20260124,090000,2792,2792,2792,2792,10,0
20260124,100000,2791.5,2795,2788.5,2790.5,8294,0
20260124,110000,2790.5,2792,2789,2789,4042,0
20260124,120000,2789,2790,2779,2783,20801,0
20260124,130000,2783,2783,2761,2772,58901,0
20260124,140000,2772,2778,2770.5,2773,8316,0
20260124,150000,2773,2788.5,2764.5,2782,29115,0
20260124,160000,2782.5,2786,2776.5,2779.5,11974,0
20260124,170000,2779.5,2785.5,2779,2781.5,10357,0
20260124,180000,2782,2785,2780.5,2782.5,4301,0
20260125,090000,2785,2785,2785,2785,400,0
20260125,100000,2784,2793,2783.5,2788.5,14805,0
20260125,110000,2789,2790,2787,2789,2015,0
20260125,120000,2789,2806,2788,2800.5,36116,0
20260125,130000,2800,2801,2793,2796,11545,0
20260125,140000,2797,2798,2795,2796.5,2963,0
20260125,150000,2796.5,2797,2794,2796,1775,0
20260125,160000,2795.5,2797,2794,2795.5,2002,0
20260125,170000,2796,2798.5,2794.5,2796.5,2782,0
20260125,180000,2797,2797,2794,2795,3366,0
20260126,080000,2788.5,2788.5,2788.5,2788.5,782,0
20260126,090000,2788.5,2789.5,2773.5,2775,103761,0
20260126,100000,2775,2780,2768.5,2771.5,71405,0
20260126,110000,2771.5,2775.5,2767.5,2768,49099,0
20260126,120000,2767.5,2773.5,2767,2769.5,37895,0
20260126,130000,2769.5,2775,2769,2774,27609,0
20260126,140000,2774.5,2775,2762,2764.5,36983,0
20260126,150000,2764,2768,2762,2767,28154,0
20260126,160000,2767,2774,2766,2770,30900,0
20260126,170000,2769,2773.5,2765,2772,16787,0
20260126,180000,2771.5,2772,2762,2766,39033,0
20260126,190000,2766,2771.5,2764.5,2770.5,10928,0
20260126,200000,2771,2780,2770.5,2775,34452,0
20260126,210000,2775,2775,2769.5,2770,12114,0
20260126,220000,2770,2770,2764,2765.5,9814,0
20260126,230000,2765.5,2767,2763,2765.5,12300,0
20260127,080000,2766.5,2766.5,2766.5,2766.5,62,0
20260127,090000,2767,2771.5,2766.5,2768.5,20803,0
20260127,100000,2768,2769.5,2757,2761,51878,0
20260127,110000,2761,2764.5,2753.5,2762,76442,0
20260127,120000,2762.5,2765.5,2759.5,2765,16337,0
20260127,130000,2765,2770,2761.5,2770,18547,0
20260127,140000,2770,2777.5,2768.5,2773.5,48958,0
20260127,150000,2774,2778,2771,2773,18258,0
20260127,160000,2773.5,2781,2771.5,2780,25432,0
20260127,170000,2780,2784.5,2778.5,2782.5,31385,0
20260127,180000,2782.5,2784.5,2778,2782,42137,0
20260127,190000,2783,2787,2782,2784,22478,0
20260127,200000,2783.5,2789,2781.5,2788,16235,0
20260127,210000,2788,2791.5,2784,2791,17539,0
20260127,220000,2790.5,2792,2789.5,2792,6775,0
20260127,230000,2792,2792.5,2785.5,2787,15501,0
20260128,080000,2788.5,2788.5,2788.5,2788.5,118,0
20260128,090000,2789,2799,2788,2798,26892,0
20260128,100000,2797.5,2798.5,2791,2797.5,56604,0
20260128,110000,2797.5,2801.5,2790.5,2792.5,49574,0
20260128,120000,2792.5,2793,2786,2789.5,27683,0
20260128,130000,2789,2791.5,2788,2789.5,11462,0
20260128,140000,2790,2791.5,2786,2788,19318,0
20260128,150000,2788,2791,2782,2787,41564,0
20260128,160000,2787,2790,2783.5,2786,37367,0
20260128,170000,2786,2794,2785.5,2793.5,25082,0
20260128,180000,2793.5,2794.5,2785,2787.5,29801,0
20260128,190000,2787.5,2792.5,2782,2786.5,18510,0
20260128,200000,2786,2790,2786,2789.5,5783,0
20260128,210000,2789.5,2790,2783,2784,8209,0
20260128,220000,2783.5,2786,2783,2785,2818,0
20260128,230000,2785,2786,2781.5,2783,7778,0
20260129,080000,2788,2788,2788,2788,637,0
20260129,090000,2788.5,2820.5,2788,2806,140335,0
20260129,100000,2806,2824.5,2806,2818,155133,0
20260129,110000,2818.5,2827,2815.5,2819.5,90063,0
20260129,120000,2819,2825,2813.5,2821,36909,0
20260129,130000,2820.5,2835,2818.5,2829.5,72963,0
20260129,140000,2829.5,2832.5,2825.5,2829,30596,0
20260129,150000,2829.5,2833,2821,2826,46280,0
20260129,160000,2825.5,2837.5,2823.5,2837,44668,0
20260129,170000,2837.5,2847,2836,2836.5,95049,0
20260129,180000,2836.5,2837,2788,2800.5,311510,0
20260129,190000,2802,2812.5,2799.5,2808,56411,0
20260129,200000,2807.5,2822,2803,2807.5,73423,0
20260129,210000,2807,2815.5,2805.5,2813.5,14794,0
20260129,220000,2812.5,2822,2809.5,2820.5,19874,0
20260129,230000,2820.5,2826,2818.5,2823,32629,0
20260130,080000,2817.5,2817.5,2817.5,2817.5,341,0
20260130,090000,2817,2817.5,2808,2814,42389,0
20260130,100000,2814.5,2816.5,2802,2814.5,73793,0
20260130,110000,2814,2814.5,2778.5,2779,204402,0
20260130,120000,2779,2783.5,2772.5,2779.5,129792,0
20260130,130000,2779,2796,2778,2790.5,91941,0
20260130,140000,2790.5,2794.5,2787.5,2790,26956,0
20260130,150000,2789.5,2794,2782.5,2784,19466,0
20260130,160000,2783.5,2791.5,2782,2790.5,17019,0
20260130,170000,2790,2796,2786.5,2791.5,35806,0
20260130,180000,2792,2792,2780,2784,25320,0
20260130,190000,2784.5,2787,2778,2782,14260,0
20260130,200000,2781,2785,2775,2776.5,19910,0
20260130,210000,2776.5,2788.5,2767.5,2776.5,64589,0
20260130,220000,2776.5,2783,2771,2782.5,28505,0
20260130,230000,2782.5,2783,2778,2779.5,6592,0
20260131,090000,2780,2780,2780,2780,7,0
20260131,100000,2780,2793,2777,2789,8105,0
20260131,110000,2789.5,2790.5,2787.5,2787.5,3823,0
20260131,120000,2787.5,2787.5,2781.5,2783,6692,0
20260131,130000,2783,2785.5,2782,2784.5,733,0
20260131,140000,2783.5,2787,2783,2786.5,1543,0
20260131,150000,2785.5,2786.5,2785.5,2786,395,0
20260131,160000,2785.5,2786.5,2784,2786,1131,0
20260131,170000,2786,2786,2784.5,2785,615,0
20260131,180000,2785,2788.5,2784,2784,4431,0
20260201,090000,2784,2784,2784,2784,28,0
20260201,100000,2785,2788,2784,2786,2335,0
20260201,110000,2786,2786.5,2784.5,2785.5,2054,0
20260201,120000,2786,2786.5,2783.5,2783.5,2196,0
20260201,130000,2783.5,2795,2782.5,2794.5,9045,0
20260201,140000,2794.5,2799,2792,2793,9859,0
20260201,150000,2793,2794,2787.5,2788,7841,0
20260201,160000,2788.5,2790.5,2787.5,2788.5,2593,0
20260201,170000,2788.5,2790.5,2786,2789.5,2275,0
20260201,180000,2789,2791,2788,2790.5,1972,0
20260202,080000,2778.5,2778.5,2778.5,2778.5,651,0
20260202,090000,2778,2778,2756,2763,99455,0
20260202,100000,2762.5,2772,2755.5,2769,87333,0
20260202,110000,2769,2769.5,2762.5,2765.5,24414,0
20260202,120000,2765,2782,2763.5,2780,69022,0
20260202,130000,2780.5,2782.5,2773.5,2777,30091,0
20260202,140000,2776.5,2778.5,2772,2777.5,30922,0
20260202,150000,2777.5,2781,2770.5,2775.5,31491,0
20260202,160000,2775,2776.5,2766.5,2771.5,24335,0
20260202,170000,2772,2773.5,2765.5,2771,17849,0
20260202,180000,2770.5,2772.5,2769,2769.5,8848,0
20260202,190000,2770.5,2782.5,2770.5,2780.5,30897,0
20260202,200000,2780.5,2783.5,2776.5,2777,9425,0
20260202,210000,2776.5,2780.5,2774.5,2777.5,5002,0
20260202,220000,2777.5,2788.5,2777,2787.5,25448,0
20260202,230000,2786.5,2788,2781.5,2784,9702,0
20260203,080000,2784,2784,2784,2784,276,0
20260203,090000,2784.5,2792,2780,2789.5,39662,0
20260203,100000,2789,2796,2784,2789,51223,0
20260203,110000,2789,2789.5,2781.5,2782,22116,0
20260203,120000,2782,2788.5,2778,2786.5,40818,0
20260203,130000,2786.5,2791,2785.5,2785.5,25497,0
20260203,140000,2786,2791,2783,2787.5,36383,0
20260203,150000,2787.5,2794.5,2784.5,2787.5,38920,0
20260203,160000,2787,2792,2782.5,2791.5,24300,0
20260203,170000,2792,2793,2789,2792,12864,0
20260203,180000,2791.5,2793,2786,2791,11780,0
20260203,190000,2790.5,2791,2785,2787.5,6700,0
20260203,200000,2787,2789,2781,2782,9893,0
20260203,210000,2782.5,2789.5,2779,2787,30275,0
20260203,220000,2788,2789.5,2784,2786,6530,0
20260203,230000,2786.5,2788,2782.5,2785,8030,0
20260204,080000,2789.5,2789.5,2789.5,2789.5,544,0
20260204,090000,2789.5,2802.5,2788,2802,31004,0
20260204,100000,2802.5,2805,2797,2804,49736,0
20260204,110000,2804.5,2805.5,2799,2800,25279,0
20260204,120000,2800,2801,2790.5,2797.5,42005,0
20260204,130000,2797,2799,2792,2796.5,20133,0
20260204,140000,2796.5,2796.5,2783.5,2787.5,35384,0
20260204,150000,2787,2793,2785.5,2785.5,27531,0
20260204,160000,2785.5,2785.5,2777,2783,44120,0
20260204,170000,2782.5,2785.5,2778,2781.5,32717,0
20260204,180000,2781,2782,2771.5,2774.5,42522,0
20260204,190000,2774.5,2775,2767,2772.5,41669,0
20260204,200000,2772,2776.5,2760.5,2765,47121,0
20260204,210000,2765,2770,2761,2769,20045,0
20260204,220000,2768.5,2772.5,2764.5,2772,13993,0
20260204,230000,2771,2772.5,2768.5,2772,7973,0
20260205,080000,2766.5,2766.5,2766.5,2766.5,1373,0
20260205,090000,2765,2766,2750,2753.5,63550,0
20260205,100000,2753.5,2758.5,2746.5,2757,83573,0
20260205,110000,2757.5,2761.5,2751,2758.5,52420,0
20260205,120000,2759,2759.5,2747.5,2749.5,35942,0
20260205,130000,2749,2752.5,2737,2739.5,89841,0
20260205,140000,2740,2742,2728.5,2734.5,69750,0
20260205,150000,2734,2735,2723.5,2729.5,110784,0
20260205,160000,2729.5,2741.5,2726,2739,106208,0
20260205,170000,2739,2744.5,2732.5,2743.5,58034,0
20260205,180000,2744,2744,2730.5,2732.5,38600,0
20260205,190000,2732,2739.5,2732,2738,35656,0
20260205,200000,2738,2742.5,2736.5,2741,16359,0
20260205,210000,2741,2743.5,2738.5,2740,21567,0
20260205,220000,2739.5,2743,2738,2738,6007,0
20260205,230000,2739,2741.5,2737.5,2740,7566,0
20260206,080000,2745.5,2745.5,2745.5,2745.5,814,0
20260206,090000,2746,2747.5,2741.5,2744,16883,0
20260206,100000,2744,2746,2730.5,2734,46965,0
20260206,110000,2733.5,2740.5,2732.5,2739.5,31355,0
20260206,120000,2739.5,2740.5,2734.5,2738,16689,0
20260206,130000,2738,2745.5,2738,2743.5,26750,0
20260206,140000,2744,2745.5,2736.5,2739.5,15730,0
20260206,150000,2740,2743,2738.5,2741.5,17982,0
20260206,160000,2741.5,2747.5,2739,2740,24482,0
20260206,170000,2740.5,2740.5,2733.5,2733.5,30757,0
20260206,180000,2733.5,2737.5,2732,2735.5,13132,0
20260206,190000,2736,2741,2735,2740,9216,0
20260206,200000,2740,2742,2735.5,2739,8157,0
20260206,210000,2739,2740,2737.5,2738.5,2757,0
20260206,220000,2739,2743,2738.5,2738.5,6753,0
20260206,230000,2739.5,2739.5,2734.5,2738,4976,0
20260207,090000,2739.5,2739.5,2739.5,2739.5,17,0
20260207,100000,2740,2744.5,2740,2741,4071,0
20260207,110000,2741,2744,2740,2742.5,2248,0
20260207,120000,2742.5,2746,2742,2745,4801,0
20260207,130000,2745.5,2745.5,2743,2744.5,1038,0
20260207,140000,2744.5,2744.5,2743,2744,297,0
20260207,150000,2743.5,2745,2743.5,2744.5,863,0
20260207,160000,2745,2745,2743,2744.5,1159,0
20260207,170000,2744.5,2745,2743,2743,1331,0
20260207,180000,2743,2744.5,2743,2744.5,902,0
20260208,090000,2742,2742,2742,2742,55,0
20260208,100000,2744,2749,2743,2747.5,5767,0
20260208,110000,2748,2748.5,2742.5,2744,3425,0
20260208,120000,2743.5,2744,2741,2741.5,2667,0
20260208,130000,2741.5,2741.5,2739.5,2739.5,3165,0
20260208,140000,2739.5,2741,2737,2737.5,5404,0
20260208,150000,2737.5,2740,2737.5,2739,2088,0
20260208,160000,2739,2740,2735,2735.5,3872,0
20260208,170000,2736,2737.5,2734,2735.5,1890,0
20260208,180000,2735.5,2736.5,2734,2734.5,2074,0
20260209,080000,2733,2733,2733,2733,102,0
20260209,090000,2733,2734,2725.5,2727,24693,0
20260209,100000,2727,2728.5,2715,2720,76932,0
20260209,110000,2719.5,2726.5,2718.5,2723,34224,0
20260209,120000,2723.5,2729.5,2720,2721,29308,0
20260209,130000,2720,2723.5,2717.5,2722,21880,0
20260209,140000,2721,2725,2716,2716,18080,0
20260209,150000,2716,2724.5,2713.5,2721.5,32058,0
20260209,160000,2722,2728,2721,2725,25253,0
20260209,170000,2725,2729,2723.5,2726.5,13047,0
20260209,180000,2726.5,2728,2721.5,2723,11500,0
20260209,190000,2723,2732,2722.5,2729.5,12290,0
20260209,200000,2729.5,2731,2724,2725.5,4318,0
20260209,210000,2725,2727.5,2724.5,2727.5,3222,0
20260209,220000,2727,2728,2724.5,2726.5,2807,0
20260209,230000,2726.5,2729.5,2726,2729,4533,0
20260210,080000,2730,2730,2730,2730,62,0
20260210,090000,2730,2732,2726.5,2731,11986,0
20260210,100000,2731,2741.5,2726.5,2740,62264,0
20260210,110000,2740,2742,2734,2735,24838,0
20260210,120000,2735,2740,2728,2731,32331,0
20260210,130000,2730.5,2732,2722.5,2725.5,37041,0
20260210,140000,2725,2729,2721.5,2726,26523,0
20260210,150000,2725.5,2727,2719,2721,22283,0
20260210,160000,2721,2727,2717,2725.5,24570,0
20260210,170000,2726,2728.5,2718,2718.5,26511,0
20260210,180000,2718.5,2722.5,2718,2719,18409,0
20260210,190000,2720,2722,2717,2722,11008,0
20260210,200000,2722,2722,2712.5,2715.5,18393,0
20260210,210000,2715.5,2717,2714,2716.5,5989,0
20260210,220000,2716.5,2718,2716,2716.5,2775,0
20260210,230000,2716,2718,2715.5,2715.5,4965,0
20260211,080000,2724,2724,2724,2724,821,0
20260211,090000,2724,2731.5,2722.5,2728,44360,0
20260211,100000,2728,2738,2721,2731,59670,0
20260211,110000,2731.5,2734,2727.5,2729.5,25406,0
20260211,120000,2730,2751.5,2728,2750,103099,0
20260211,130000,2750,2751.5,2742,2742.5,69492,0
20260211,140000,2743,2749.5,2741,2743,37741,0
20260211,150000,2743,2762,2743,2753,96279,0
20260211,160000,2754,2762,2752,2762,52876,0
20260211,170000,2762,2765.5,2755.5,2762,54593,0
20260211,180000,2762,2764,2756.5,2761.5,24767,0
20260211,190000,2761.5,2768.5,2761.5,2766,31275,0
20260211,200000,2766.5,2769.5,2761,2762,23892,0
20260211,210000,2761.5,2764,2755.5,2757.5,19919,0
20260211,220000,2757.5,2761,2756.5,2761,4165,0
20260211,230000,2761,2761,2752,2753.5,15076,0
20260212,080000,2757,2757,2757,2757,250,0
20260212,090000,2756.5,2758,2751.5,2756,14683,0
20260212,100000,2756,2756.5,2749,2749,32434,0
20260212,110000,2749,2757,2748,2755,24971,0
20260212,120000,2755,2772.5,2753.5,2771,55752,0
20260212,130000,2771,2774,2767,2770,59889,0
20260212,140000,2769,2771,2767,2768,10887,0
20260212,150000,2768.5,2773,2765,2770,31408,0
20260212,160000,2770,2772,2765.5,2769,22579,0
20260212,170000,2769,2772.5,2765.5,2772,16949,0
20260212,180000,2772,2773.5,2767,2768,18117,0
20260212,190000,2768.5,2771,2757,2760,39817,0
20260212,200000,2760,2763,2759,2759,9198,0
20260212,210000,2759,2761.5,2757,2760.5,8373,0
20260212,220000,2760,2766,2755.5,2757,26279,0
20260212,230000,2756,2759.5,2752.5,2758.5,12938,0
20260213,080000,2760,2760,2760,2760,79,0
20260213,090000,2759,2759,2752,2752.5,22535,0
20260213,100000,2752.5,2763,2751,2762,41783,0
20260213,110000,2761.5,2766.5,2755,2756,34928,0
20260213,120000,2756,2764.5,2750,2756.5,69565,0
20260213,130000,2756.5,2782.5,2745.5,2780.5,344195,0
20260213,140000,2780.5,2784.5,2773,2773.5,77615,0
20260213,150000,2774.5,2781.5,2771.5,2774,61384,0
20260213,160000,2774.5,2777,2769,2774.5,47270,0
20260213,170000,2775,2778,2773,2777.5,27137,0
20260213,180000,2777,2781,2776,2780,18575,0
20260213,190000,2779.5,2781.5,2777,2779,9650,0
20260213,200000,2778,2784,2778,2782,19601,0
20260213,210000,2782,2788,2781.5,2787,18852,0
20260213,220000,2787.5,2787.5,2784.5,2786,7198,0
20260213,230000,2786,2786.5,2784,2786.5,9191,0
20260216,080000,2793,2793,2793,2793,448,0
20260216,090000,2792.5,2794.5,2789.5,2793,25425,0
20260216,100000,2793,2798,2786.5,2790.5,42330,0
20260216,110000,2790.5,2793,2788,2789,21164,0
20260216,120000,2789,2796,2788.5,2795.5,36423,0
20260216,130000,2795,2796.5,2791.5,2793.5,18233,0
20260216,140000,2794,2794,2784.5,2787.5,22056,0
20260216,150000,2787.5,2792,2785.5,2791,10916,0
20260216,160000,2791.5,2794.5,2789,2791,10728,0
20260216,170000,2791,2792,2781.5,2783,24406,0
20260216,180000,2783,2786,2781.5,2782,14985,0
20260216,190000,2783,2787,2782.5,2785.5,6295,0
20260216,200000,2785.5,2786,2783.5,2786,2971,0
20260216,210000,2786,2786.5,2783.5,2784.5,2918,0
20260216,220000,2785,2785.5,2784,2785,1623,0
20260216,230000,2785,2786,2784.5,2784.5,2806,0
20260217,080000,2785.5,2785.5,2785.5,2785.5,50,0
20260217,090000,2785.5,2792.5,2784.5,2790.5,14105,0
20260217,100000,2791,2793.5,2785,2786,27353,0
20260217,110000,2786.5,2787,2778.5,2785.5,44589,0
20260217,120000,2785,2791.5,2782.5,2788.5,29049,0
20260217,130000,2788.5,2790,2784.5,2786.5,14046,0
20260217,140000,2787,2789,2782.5,2783,13330,0
20260217,150000,2782.5,2784.5,2773.5,2777,31137,0
20260217,160000,2777,2780.5,2769,2772,57583,0
20260217,170000,2771.5,2775.5,2768,2769,28818,0
20260217,180000,2769,2772.5,2767.5,2767.5,24695,0
20260217,190000,2768,2774,2768,2772,12031,0
20260217,200000,2772,2782,2771.5,2777.5,31727,0
20260217,210000,2777.5,2779,2772.5,2778,17744,0
20260217,220000,2778,2778,2775.5,2776.5,3106,0
20260217,230000,2777,2777.5,2772.5,2772.5,5065,0
20260218,080000,2771,2771,2771,2771,143,0
20260218,090000,2771.5,2773,2766,2769,17013,0
20260218,100000,2769.5,2780.5,2768.5,2779.5,37709,0
20260218,110000,2780,2780.5,2774.5,2775.5,32552,0
20260218,120000,2775,2778,2761.5,2763,67396,0
20260218,130000,2763,2770,2760.5,2766,68798,0
20260218,140000,2766,2767.5,2761,2763.5,27445,0
20260218,150000,2763.5,2772,2762.5,2769,38953,0
20260218,160000,2768.5,2775,2768,2775,33994,0
20260218,170000,2775,2776,2772,2773.5,15132,0
20260218,180000,2773.5,2782,2773.5,2780,28490,0
20260218,190000,2779,2782,2778.5,2780,8288,0
20260218,200000,2780.5,2786.5,2780.5,2782.5,14073,0
20260218,210000,2782,2784,2780.5,2783,7520,0
20260218,220000,2783.5,2784.5,2782,2783,4824,0
20260218,230000,2783,2783.5,2780.5,2782,5526,0
20260219,080000,2785.5,2785.5,2785.5,2785.5,176,0
20260219,090000,2785,2789.5,2783.5,2789,23922,0
20260219,100000,2788.5,2794.5,2787,2788.5,47369,0
20260219,110000,2788,2789.5,2784.5,2788.5,17167,0
20260219,120000,2788.5,2792.5,2781.5,2782,27582,0
20260219,130000,2782,2786,2779,2782.5,20488,0
20260219,140000,2783,2785,2777,2778,13040,0
20260219,150000,2777.5,2778.5,2773.5,2776.5,24842,0
20260219,160000,2776.5,2778,2773,2777,33799,0
20260219,170000,2777.5,2778.5,2774,2777.5,20337,0
20260219,180000,2777.5,2777.5,2771,2771,16145,0
20260219,190000,2773,2777,2772,2776,7991,0
20260219,200000,2776,2778.5,2774,2774.5,9514,0
20260219,210000,2774.5,2776.5,2774,2775.5,2621,0
20260219,220000,2775.5,2776.5,2775,2775,1253,0
20260219,230000,2775.5,2777,2774.5,2775,4394,0
20260220,080000,2775.5,2775.5,2775.5,2775.5,50,0
20260220,090000,2775,2781.5,2775,2780.5,19364,0
20260220,100000,2780.5,2785,2777.5,2781.5,28925,0
20260220,110000,2781,2784,2780,2781,9204,0
20260220,120000,2781.5,2783,2775.5,2777.5,18260,0
20260220,130000,2777.5,2781,2769,2777,45518,0
20260220,140000,2777,2782.5,2775,2781,12334,0
20260220,150000,2781.5,2787,2781,2786.5,19743,0
20260220,160000,2786,2787.5,2784,2785.5,14871,0
20260220,170000,2785.5,2786,2783,2783.5,11525,0
20260220,180000,2784,2785.5,2780.5,2783.5,23602,0
20260220,190000,2783,2785.5,2781.5,2784.5,11372,0
20260220,200000,2785.5,2785.5,2783,2783.5,3588,0
20260220,210000,2783.5,2785,2783,2785,1990,0
20260220,220000,2785,2785.5,2784.5,2784.5,2604,0
20260220,230000,2785,2786,2784,2785.5,4354,0
20260221,090000,2782.5,2782.5,2782.5,2782.5,8,0
20260221,100000,2782.5,2786.5,2782.5,2786,2427,0
20260221,110000,2786,2786.5,2783.5,2785.5,1087,0
20260221,120000,2786.5,2786.5,2785.5,2786,239,0
20260221,130000,2785.5,2786,2784.5,2785,702,0
20260221,140000,2785.5,2785.5,2784.5,2785,409,0
20260221,150000,2785,2786,2785,2785.5,336,0
20260221,160000,2785.5,2786,2785,2786,94,0
20260221,170000,2785.5,2786,2785,2786,541,0
20260221,180000,2785.5,2786,2784.5,2785,389,0
20260222,090000,2788,2788,2788,2788,282,0
20260222,100000,2787,2792,2786,2792,6387,0
20260222,110000,2791.5,2792,2788.5,2790.5,2936,0
20260222,120000,2791,2791,2789.5,2790,1067,0
20260222,130000,2790,2794.5,2789.5,2792,5604,0
20260222,140000,2791.5,2791.5,2789,2789.5,959,0
20260222,150000,2790,2791,2789.5,2790.5,1384,0
20260222,160000,2790.5,2792,2789.5,2790,948,0
20260222,170000,2789.5,2793,2789.5,2792,1064,0
20260222,180000,2792.5,2793.5,2790.5,2793.5,1778,0
20260223,090000,2790.5,2790.5,2790.5,2790.5,30,0
20260223,100000,2793.5,2796,2790.5,2794,6717,0
20260223,110000,2794,2794.5,2792.5,2794,2154,0
20260223,120000,2793.5,2793.5,2792,2793,1224,0
20260223,130000,2792.5,2795,2792.5,2794,1601,0
20260223,140000,2794,2794.5,2792,2792,1929,0
20260223,150000,2792,2793,2791.5,2792.5,1658,0
20260223,160000,2792.5,2793.5,2792.5,2793.5,882,0
20260223,170000,2793.5,2794.5,2793,2794,1142,0
20260223,180000,2794.5,2797,2794,2796,2792,0
20260224,080000,2798,2798,2798,2798,181,0
20260224,090000,2797,2798,2793.5,2795,15339,0
20260224,100000,2795,2811,2792.5,2809,71732,0
20260224,110000,2809,2810,2800.5,2802,30845,0
20260224,120000,2802,2803.5,2796,2797.5,25390,0
20260224,130000,2797.5,2798.5,2787.5,2790,33787,0
20260224,140000,2789.5,2792.5,2785,2790,40249,0
20260224,150000,2790,2792,2788.5,2789,8425,0
20260224,160000,2789,2791,2781,2781,29855,0
20260224,170000,2781,2782,2777,2781,35580,0
20260224,180000,2780.5,2781,2777,2778,11998,0
20260224,190000,2778.5,2782.5,2777.5,2782,12383,0
20260224,200000,2782,2782,2780,2780.5,3923,0
20260224,210000,2781,2783.5,2780.5,2783.5,2717,0
20260224,220000,2783.5,2785,2781.5,2783.5,4873,0
20260224,230000,2784,2785,2781.5,2784,4651,0
20260225,080000,2785.5,2785.5,2785.5,2785.5,31,0
20260225,090000,2785.5,2789,2783.5,2785.5,16934,0
20260225,100000,2785.5,2791.5,2783.5,2784.5,29808,0
20260225,110000,2784.5,2787.5,2784,2787.5,10192,0
20260225,120000,2787.5,2791,2786.5,2789.5,13083,0
20260225,130000,2789,2790,2784.5,2786.5,8812,0
20260225,140000,2786.5,2793,2785.5,2787.5,18387,0
20260225,150000,2787.5,2788.5,2781.5,2783.5,22380,0
20260225,160000,2783,2791,2781.5,2790.5,24329,0
20260225,170000,2790.5,2791.5,2787,2790,15096,0
20260225,180000,2790,2801.5,2789,2797.5,46314,0
20260225,190000,2797.5,2800,2796,2798,13101,0
20260225,200000,2798,2801.5,2797.5,2801,15066,0
20260225,210000,2801.5,2802,2798,2798.5,9214,0
20260225,220000,2798,2800,2793.5,2795.5,14572,0
20260225,230000,2795.5,2800,2795,2800,6652,0
20260226,080000,2800,2800,2800,2800,28,0
20260226,090000,2799,2806,2798,2804,20843,0
20260226,100000,2804,2804.5,2795,2799,37122,0
20260226,110000,2798.5,2804,2795.5,2798,28716,0
20260226,120000,2797,2799.5,2795,2797,11821,0
20260226,130000,2797,2800,2797,2799,8618,0
20260226,140000,2799.5,2799.5,2793.5,2795,13339,0
20260226,150000,2795,2795.5,2791,2794,23643,0
20260226,160000,2793.5,2796,2791,2795.5,17371,0
20260226,170000,2795.5,2795.5,2785.5,2788.5,36828,0
20260226,180000,2788.5,2790.5,2784,2786,21102,0
20260226,190000,2787.5,2791,2786,2788.5,11411,0
20260226,200000,2788.5,2792.5,2787,2792,8311,0
20260226,210000,2791.5,2792.5,2789.5,2791,6484,0
20260226,220000,2791,2792.5,2790,2790,5879,0
20260226,230000,2790.5,2790.5,2788,2788.5,4103,0
20260227,080000,2788.5,2788.5,2788.5,2788.5,7,0
20260227,090000,2788.5,2790.5,2782.5,2784.5,16853,0
20260227,100000,2784.5,2793,2784,2789,26853,0
20260227,110000,2788.5,2792,2786,2790.5,13483,0
20260227,120000,2790.5,2792.5,2789.5,2791.5,6399,0
20260227,130000,2791.5,2792,2787.5,2790.5,9358,0
20260227,140000,2790,2800,2789,2797.5,27555,0
20260227,150000,2797.5,2799.5,2794.5,2797.5,16580,0
20260227,160000,2797.5,2804,2796,2803.5,36509,0
20260227,170000,2804,2806,2801.5,2804,26153,0
20260227,180000,2804.5,2805,2799,2804,24767,0
20260227,190000,2802.5,2808,2802,2803.5,20636,0
20260227,200000,2802.5,2804.5,2800,2804,11667,0
20260227,210000,2804,2806.5,2803,2804,8739,0
20260227,220000,2803.5,2804,2802.5,2802.5,1697,0
20260227,230000,2802.5,2804.5,2802,2804,6999,0
20260228,090000,2804.5,2804.5,2804.5,2804.5,208,0
20260228,100000,2804,2813.5,2803,2806.5,12708,0
20260228,110000,2807,2814.5,2807,2812.5,10415,0
20260228,120000,2812.5,2819,2811,2818,13021,0
20260228,130000,2818,2818.5,2814,2817.5,6568,0
20260228,140000,2818,2819,2815.5,2815.5,4070,0
20260228,150000,2815.5,2817,2808.5,2811,18067,0
20260228,160000,2811,2815,2811,2814.5,2614,0
20260228,170000,2815,2818.5,2813,2815,9062,0
20260228,180000,2816,2824.5,2816,2823,15528,0
20260301,090000,2823,2823,2823,2823,186,0
20260301,100000,2823,2832.5,2816,2831.5,27822,0
20260301,110000,2831.5,2832,2822,2825,14840,0
20260301,120000,2824,2825,2815.5,2822,16867,0
20260301,130000,2822.5,2828.5,2821.5,2825,7150,0
20260301,140000,2825,2829,2823,2827,12173,0
20260301,150000,2827,2829,2826.5,2827,4321,0
20260301,160000,2827.5,2832,2823.5,2831,12139,0
20260301,170000,2832,2833,2828.5,2832,9564,0
20260301,180000,2832.5,2838,2830,2830,14019,0
20260302,080000,2830,2830,2830,2830,646,0
20260302,090000,2831,2831.5,2815,2821.5,84267,0
20260302,100000,2820.5,2841,2819,2840.5,92397,0
20260302,110000,2841,2851,2839.5,2841,100387,0
20260302,120000,2841.5,2842.5,2836,2842,37050,0
20260302,130000,2842,2842.5,2834.5,2840,24223,0
20260302,140000,2839.5,2842,2832.5,2838.5,24374,0
20260302,150000,2838.5,2853,2838.5,2850.5,46100,0
20260302,160000,2850.5,2851,2843.5,2847,29594,0
20260302,170000,2847,2849,2830,2836.5,66089,0
20260302,180000,2836,2837,2830,2832.5,30028,0
20260302,190000,2833,2833,2822,2831,59227,0
20260302,200000,2831,2835.5,2827,2830,32891,0
20260302,210000,2830,2831,2826,2828.5,16240,0
20260302,220000,2828.5,2834,2828,2831.5,8089,0
20260302,230000,2831.5,2847.5,2830.5,2847.5,30973,0
20260303,080000,2853.5,2853.5,2853.5,2853.5,675,0
20260303,090000,2853.5,2860,2845.5,2848.5,54261,0
20260303,100000,2848.5,2851,2835.5,2846.5,67261,0
20260303,110000,2846,2850.5,2842.5,2843.5,45831,0
20260303,120000,2844,2847,2836,2841.5,36637,0
20260303,130000,2841.5,2841.5,2833.5,2838.5,71004,0
20260303,140000,2837.5,2846.5,2836.5,2845,39083,0
20260303,150000,2845,2847,2835.5,2837,35443,0
20260303,160000,2836.5,2837,2826.5,2832.5,66968,0
20260303,170000,2832.5,2835,2827.5,2828,29202,0
20260303,180000,2827.5,2827.5,2821,2822,31588,0
20260303,190000,2824.5,2826.5,2818.5,2823.5,25546,0
20260303,200000,2823.5,2824,2818,2820.5,22776,0
20260303,210000,2820,2825,2819,2822.5,16278,0
20260303,220000,2822,2822.5,2812,2816,32535,0
20260303,230000,2815.5,2816,2808,2813,39247,0
20260304,080000,2819,2819,2819,2819,240,0
20260304,090000,2818,2826,2815,2824,47924,0
20260304,100000,2825,2830,2822,2827,26972,0
20260304,110000,2827,2830,2818.5,2828.5,32246,0
20260304,120000,2829,2839.5,2827.5,2829.5,46715,0
20260304,130000,2829.5,2831.5,2821,2824.5,29079,0
20260304,140000,2824,2825.5,2816,2816,35379,0
20260304,150000,2815.5,2822.5,2813,2817,23257,0
20260304,160000,2816,2817.5,2810,2811.5,32344,0
20260304,170000,2811.5,2812.5,2804,2806,39403,0
20260304,180000,2805.5,2811.5,2805,2809.5,21485,0
20260304,190000,2811,2815.5,2809.5,2814,14956,0
20260304,200000,2815,2816,2811,2812.5,8848,0
20260304,210000,2812.5,2812.5,2808,2808,10671,0
20260304,220000,2808,2809.5,2806.5,2808.5,6512,0
20260304,230000,2808.5,2812,2807.5,2811.5,6339,0
20260305,080000,2817.5,2817.5,2817.5,2817.5,767,0
20260305,090000,2817.5,2821,2814,2816,36081,0
20260305,100000,2815.5,2825.5,2812.5,2822.5,46365,0
20260305,110000,2822.5,2824.5,2816.5,2821,22252,0
20260305,120000,2821,2821.5,2814.5,2817.5,21512,0
20260305,130000,2817.5,2823.5,2816.5,2822.5,18451,0
20260305,140000,2821.5,2831,2820,2829.5,41514,0
20260305,150000,2830,2830.5,2824.5,2825.5,22483,0
20260305,160000,2825.5,2828.5,2820.5,2827.5,19540,0
20260305,170000,2828,2830.5,2824.5,2828,18555,0
20260305,180000,2827.5,2829.5,2823,2827.5,13725,0
20260305,190000,2827,2831,2827,2831,10991,0
20260305,200000,2831,2834.5,2829.5,2833,11235,0
20260305,210000,2833,2838.5,2833,2837.5,16509,0
20260305,220000,2837,2838,2833.5,2834.5,4758,0
20260305,230000,2834.5,2836,2828,2831.5,12304,0
20260306,080000,2831,2831,2831,2831,36,0
20260306,090000,2831.5,2839,2831.5,2838.5,14992,0
20260306,100000,2837.5,2838,2832.5,2837,16468,0
20260306,110000,2837.5,2841,2833.5,2833.5,19408,0
20260306,120000,2833.5,2840,2830.5,2838,23351,0
20260306,130000,2837.5,2841,2835,2839.5,25634,0
20260306,140000,2839,2845.5,2838.5,2843.5,23002,0
20260306,150000,2844,2849.5,2841.5,2848.5,22670,0
20260306,160000,2848.5,2852.5,2842.5,2852,28003,0
20260306,170000,2852.5,2863,2849.5,2862,63605,0
20260306,180000,2862,2863.5,2853.5,2855.5,24812,0
20260306,190000,2856,2861,2854,2860,26725,0
20260306,200000,2860.5,2863,2858.5,2863,17970,0
20260306,210000,2862.5,2862.5,2858.5,2861.5,20648,0
20260306,220000,2861,2864,2859,2862.5,10630,0
20260306,230000,2862.5,2863,2859.5,2862,8948,0
20260309,080000,2903.5,2903.5,2903.5,2903.5,2441,0
20260309,090000,2905,2915,2889,2904.5,147383,0
20260309,100000,2904.5,2905.5,2887,2895,60863,0
20260309,110000,2896,2898,2888.5,2889.5,21946,0
20260309,120000,2889,2892,2872,2879.5,63947,0
20260309,130000,2879.5,2885.5,2879,2883.5,27514,0
20260309,140000,2883.5,2886,2882,2886,13117,0
20260309,150000,2885.5,2894.5,2883,2891.5,16078,0
20260309,160000,2891,2894.5,2885,2892,11651,0
20260309,170000,2892,2900.5,2891,2895.5,45409,0
20260309,180000,2895.5,2897.5,2886.5,2888,32522,0
20260309,190000,2889,2897,2888.5,2895.5,8474,0
20260309,200000,2894.5,2895.5,2890.5,2892,8174,0
20260309,210000,2892,2892.5,2885,2891,7516,0
20260309,220000,2891.5,2892.5,2863,2876,66978,0
20260309,230000,2877,2880,2866.5,2866.5,17128,0
20260310,080000,2875,2875,2875,2875,127,0
20260310,090000,2875.5,2895,2872.5,2889,51969,0
20260310,100000,2889,2893,2882,2884,46242,0
20260310,110000,2883.5,2888,2879,2880.5,25133,0
20260310,120000,2881,2883.5,2871,2880.5,27428,0
20260310,130000,2881,2888,2879,2883,21280,0
20260310,140000,2883,2885.5,2876.5,2881.5,23864,0
20260310,150000,2881.5,2887,2880,2882,19238,0
20260310,160000,2882,2884,2875,2876.5,11196,0
20260310,170000,2876,2876.5,2856,2859.5,50583,0
20260310,180000,2859.5,2860.5,2853,2857,25110,0
20260310,190000,2857.5,2863.5,2851.5,2852.5,17098,0
20260310,200000,2852,2855.5,2844,2853,36465,0
20260310,210000,2853,2865.5,2851,2862.5,22710,0
20260310,220000,2862,2868,2861,2867,13185,0
20260310,230000,2867,2867,2862,2862,5945,0
20260311,080000,2864,2864,2864,2864,66,0
20260311,090000,2864,2866,2857,2864.5,17272,0
20260311,100000,2865,2871,2860.5,2868.5,35408,0
20260311,110000,2868.5,2871,2864,2866.5,18284,0
20260311,120000,2866,2876,2866,2872.5,34142,0
20260311,130000,2872.5,2873,2861,2863.5,24610,0
20260311,140000,2863.5,2869.5,2862,2867.5,14558,0
20260311,150000,2868,2871.5,2866.5,2866.5,15976,0
20260311,160000,2867,2867,2858,2858.5,17821,0
20260311,170000,2859,2862.5,2853.5,2857.5,42124,0
20260311,180000,2857.5,2859.5,2852,2855,13341,0
20260311,190000,2855,2860.5,2854,2859.5,9805,0
20260311,200000,2859.5,2863.5,2857,2863.5,7574,0
20260311,210000,2863,2863,2859.5,2862.5,4204,0
20260311,220000,2862.5,2864.5,2862,2863.5,4713,0
20260311,230000,2863.5,2867,2863.5,2866,4482,0
20260312,080000,2870.5,2870.5,2870.5,2870.5,257,0
20260312,090000,2871,2877.5,2867,2871,36639,0
20260312,100000,2870.5,2873,2868,2872,19501,0
20260312,110000,2871.5,2876,2870.5,2872,16471,0
20260312,120000,2872,2874,2868.5,2869.5,13197,0
20260312,130000,2869,2870.5,2866,2867,10520,0
20260312,140000,2867.5,2870.5,2863.5,2868.5,11811,0
20260312,150000,2868.5,2870.5,2866.5,2867.5,9265,0
20260312,160000,2867.5,2875,2867,2874.5,14270,0
20260312,170000,2874.5,2880,2873.5,2877.5,25868,0
20260312,180000,2877.5,2879,2875,2875.5,11688,0
20260312,190000,2876,2878.5,2872,2873.5,11965,0
20260312,200000,2874,2876,2873.5,2874.5,2032,0
20260312,210000,2874.5,2881.5,2874,2879.5,9497,0
20260312,220000,2880.5,2881,2878.5,2879,3752,0
20260312,230000,2878.5,2879.5,2876.5,2876.5,4581,0
20260313,080000,2877.5,2877.5,2877.5,2877.5,2,0
20260313,090000,2879.5,2881,2875.5,2881,13125,0
20260313,100000,2881,2890,2879,2889.5,27326,0
20260313,110000,2890,2893.5,2883.5,2885,28455,0
20260313,120000,2885,2888.5,2883.5,2885.5,9964,0
20260313,130000,2885.5,2888,2877,2880.5,20714,0
20260313,140000,2880.5,2884,2878.5,2879.5,10643,0
20260313,150000,2880,2883,2872.5,2874,16457,0
20260313,160000,2874,2874.5,2869,2873.5,26897,0
20260313,170000,2873.5,2875,2870,2873,14698,0
20260313,180000,2873,2874,2871,2872.5,10253,0
20260313,190000,2873,2875.5,2872,2875,5944,0
20260313,200000,2874,2878,2872.5,2878,13287,0
20260313,210000,2877,2880.5,2873,2873.5,8642,0
20260313,220000,2873.5,2874,2872.5,2873.5,1872,0
20260313,230000,2873,2878,2873,2878,4233,0
20260314,090000,2878,2878,2878,2878,2,0
20260314,100000,2878,2882,2876,2879.5,3940,0
20260314,110000,2879.5,2881,2879,2879.5,447,0
20260314,120000,2879.5,2884.5,2879.5,2882,3550,0
20260314,130000,2882.5,2882.5,2881.5,2882,1760,0
20260314,140000,2882,2883,2880.5,2882.5,1159,0
20260314,150000,2882.5,2885,2882.5,2884.5,2083,0
20260314,160000,2884.5,2884.5,2883,2883.5,615,0
20260314,170000,2884,2886,2882.5,2882.5,1297,0
20260314,180000,2882.5,2883.5,2882,2882,476,0
20260315,090000,2882,2882,2882,2882,10,0
20260315,100000,2882.5,2885,2882.5,2882.5,1304,0
20260315,110000,2882,2883,2881,2882,467,0
20260315,120000,2882,2882.5,2879,2881,1398,0
20260315,130000,2880.5,2882.5,2879,2881.5,1109,0
20260315,140000,2881.5,2882.5,2880,2882.5,1309,0
20260315,150000,2882.5,2884.5,2882,2883.5,1093,0
20260315,160000,2884,2886,2883.5,2884.5,2815,0
20260315,170000,2885,2885,2884,2885,1744,0
20260315,180000,2885,2886,2884.5,2885.5,4359,0
20260316,080000,2886,2886,2886,2886,72,0
20260316,090000,2885.5,2888,2882.5,2884.5,16526,0
20260316,100000,2884,2891.5,2884,2888,26442,0
20260316,110000,2888.5,2889,2878,2880,12511,0
20260316,120000,2879.5,2880,2870.5,2873,38971,0
20260316,130000,2873,2875.5,2870,2870,27268,0
20260316,140000,2870.5,2873,2866,2868,20583,0
20260316,150000,2867.5,2871.5,2861.5,2862.5,22304,0
20260316,160000,2862,2862.5,2852,2853.5,55641,0
20260316,170000,2853.5,2859,2851.5,2856.5,46701,0
20260316,180000,2856.5,2858.5,2851.5,2853,14684,0
20260316,190000,2854.5,2860,2853.5,2859.5,12298,0
20260316,200000,2860,2860,2856.5,2857,4935,0
20260316,210000,2857,2858.5,2853,2855,6717,0
20260316,220000,2855,2857,2854.5,2855,2532,0
20260316,230000,2855.5,2857,2853.5,2856,5842,0
20260317,080000,2862.5,2862.5,2862.5,2862.5,587,0
20260317,090000,2862.5,2866,2857,2861.5,17699,0
20260317,100000,2861.5,2864,2856.5,2858.5,28235,0
20260317,110000,2858,2864.5,2856,2862,40684,0
20260317,120000,2862,2863.5,2859,2859.5,11260,0
20260317,130000,2859,2864,2858.5,2862,9436,0
20260317,140000,2862.5,2867,2862,2867,11516,0
20260317,150000,2867,2867,2861,2864,21639,0
20260317,160000,2864.5,2865.5,2859,2860.5,13535,0
20260317,170000,2860.5,2863,2852,2853,25849,0
20260317,180000,2853.5,2856.5,2851.5,2855,25039,0
20260317,190000,2855.5,2858,2854,2857.5,7601,0
20260317,200000,2857.5,2861.5,2856.5,2860,9309,0
20260317,210000,2860,2860.5,2858.5,2860,3237,0
20260317,220000,2860,2860.5,2858,2859,2480,0
20260317,230000,2859.5,2861,2859,2861,3447,0
20260317,080000,2862.5,2862.5,2862.5,2862.5,587,0
20260317,090000,2862.5,2866,2857,2861.5,17699,0
20260317,100000,2861.5,2864,2856.5,2858.5,28235,0
20260317,110000,2858,2864.5,2856,2862,40684,0
20260317,120000,2862,2863.5,2859,2859.5,11260,0
20260317,130000,2859,2864,2858.5,2862,9436,0
20260317,140000,2862.5,2867,2862,2867,11516,0
20260317,150000,2867,2867,2861,2864,21639,0
20260317,160000,2864.5,2865.5,2859,2860.5,13535,0
20260317,170000,2860.5,2863,2852,2853,25849,0
20260317,180000,2853.5,2856.5,2851.5,2855,25039,0
20260317,190000,2855.5,2858,2854,2857.5,7601,0
20260317,200000,2857.5,2861.5,2856.5,2860,9309,0
20260317,210000,2860,2860.5,2858.5,2860,3237,0
20260317,220000,2860,2860.5,2858,2859,2480,0
20260317,230000,2859.5,2861,2859,2861,3447,0
20260318,080000,2856.5,2856.5,2856.5,2856.5,74,0
20260318,090000,2856.5,2857.5,2853,2856.5,18697,0
20260318,100000,2856,2870.5,2856,2865,65308,0
20260318,110000,2865.5,2870,2863.5,2864,33202,0
20260318,120000,2864.5,2867.5,2862.5,2866,16694,0
20260318,130000,2866,2871.5,2863.5,2864.5,22138,0
20260318,140000,2865,2868,2860,2861,25668,0
20260318,150000,2861,2873.5,2858,2869.5,53855,0
20260318,160000,2870,2877,2867.5,2875,44186,0
20260318,170000,2875.5,2878,2871,2874.5,30071,0
20260318,180000,2873.5,2875.5,2869,2874,15608,0
20260318,190000,2874,2879,2870.5,2877,12931,0
20260318,200000,2877,2878,2872.5,2873.5,9871,0
20260318,210000,2874,2876.5,2872.5,2876,4974,0
20260318,220000,2875.5,2881,2875,2880,8090,0
20260318,230000,2880,2882.5,2879,2880,10073,0
20260319,080000,2885,2885,2885,2885,251,0
20260319,090000,2885,2889,2884,2885.5,39134,0
20260319,100000,2885.5,2891,2883.5,2887.5,36871,0
20260319,110000,2888,2894.5,2884,2893.5,36704,0
20260319,120000,2893.5,2897,2882.5,2884.5,33020,0
20260319,130000,2884.5,2887,2880,2886,21564,0
20260319,140000,2885.5,2893.5,2884.5,2890.5,22863,0
20260319,150000,2890.5,2891.5,2873.5,2874,61414,0
20260319,160000,2873.5,2880.5,2871.5,2875,32169,0
20260319,170000,2874.5,2876,2870,2871.5,19288,0
20260319,180000,2871,2872.5,2865.5,2871,31192,0
20260319,190000,2869.5,2876.5,2868,2873,16734,0
20260319,200000,2873,2875,2871.5,2873.5,9177,0
20260319,210000,2874,2875,2870,2873,7857,0
20260319,220000,2873,2876,2867.5,2875,14088,0
20260319,230000,2875.5,2876.5,2871,2876,5230,0
20260320,080000,2879,2879,2879,2879,22,0
20260320,090000,2879,2883.5,2877,2882.5,19159,0
20260320,100000,2882,2889.5,2875,2886.5,50729,0
20260320,110000,2887,2888,2881.5,2886.5,33801,0
20260320,120000,2887,2887.5,2883,2886,19472,0
20260320,130000,2886.5,2890,2875,2880,78559,0
20260320,140000,2879.5,2880,2875,2876,20567,0
20260320,150000,2875.5,2875.5,2868,2873.5,29251,0
20260320,160000,2873,2875,2868.5,2870,10349,0
20260320,170000,2869,2872,2867,2871,17729,0
20260320,180000,2871.5,2871.5,2864,2868,17338,0
20260323,080000,2868,2868,2868,2868,6,0
20260323,090000,2866,2874,2865,2872,30740,0
20260323,100000,2872,2876.5,2867,2872,31623,0
20260323,110000,2872.5,2872.5,2868,2868.5,20159,0
20260323,120000,2868.5,2870.5,2857,2860,27630,0
20260323,130000,2860,2860.5,2841,2841.5,78188,0
20260323,140000,2841,2847,2807.5,2838.5,202964,0
20260323,150000,2838,2842,2826,2832.5,53563,0
20260323,160000,2832.5,2835.5,2827.5,2831,49857,0
20260323,170000,2831,2832,2820.5,2826.5,42790,0
20260323,180000,2826.5,2838.5,2820,2837,44007,0
20260323,190000,2837,2838.5,2830.5,2831.5,16946,0
20260323,200000,2831.5,2836,2829.5,2834.5,10362,0
20260323,210000,2834.5,2836,2826.5,2829.5,14876,0
20260323,220000,2829,2831,2826.5,2830.5,7837,0
20260323,230000,2830.5,2831,2823.5,2829,17016,0
20260324,080000,2831.5,2831.5,2831.5,2831.5,56,0
20260324,090000,2833,2840,2831,2838,21741,0
20260324,100000,2838,2839.5,2830.5,2830.5,38220,0
20260324,110000,2831,2835.5,2829.5,2834,13214,0
20260324,120000,2834.5,2836.5,2829,2832,18215,0
20260324,130000,2832,2834.5,2828,2834,18726,0
20260324,140000,2833.5,2836.5,2830,2836,16365,0
20260324,150000,2835.5,2840,2835.5,2837.5,24779,0
20260324,160000,2836.5,2837.5,2833.5,2835.5,16575,0
20260324,170000,2835,2845,2834,2842.5,36302,0
20260324,180000,2842,2844,2839,2841.5,11886,0
20260324,190000,2841,2844.5,2839.5,2841,7697,0
20260324,200000,2841,2843.5,2837,2839.5,6840,0
20260324,210000,2839.5,2840.5,2834.5,2840,11810,0
20260324,220000,2839.5,2843,2838.5,2841.5,8425,0
20260324,230000,2841,2842.5,2829.5,2832.5,19679,0
20260325,080000,2836,2836,2836,2836,68,0
20260325,090000,2837,2844,2836.5,2841.5,16275,0
20260325,100000,2841,2843,2836.5,2837.5,16678,0
20260325,110000,2837,2839,2832,2837,18565,0
20260325,120000,2837,2837,2832,2835,12917,0
20260325,130000,2835,2836.5,2833,2835.5,6635,0
20260325,140000,2835.5,2838.5,2833.5,2836,8780,0
20260325,150000,2836,2842,2833.5,2839.5,18153,0
20260325,160000,2840,2841.5,2836,2841.5,8655,0
20260325,170000,2841.5,2844.5,2839.5,2842,16885,0
20260325,180000,2842,2844,2840.5,2843,10150,0
20260325,190000,2843,2843,2841.5,2842.5,5074,0
20260325,200000,2842.5,2843.5,2839,2840,11056,0
20260325,210000,2840,2842,2839,2841,2870,0
20260325,220000,2840.5,2841.5,2840,2841.5,2772,0
20260325,230000,2841,2842,2837.5,2839,4197,0
20260326,080000,2841.5,2841.5,2841.5,2841.5,2,0
20260326,090000,2844,2852,2844,2849,30096,0
20260326,100000,2850,2850.5,2841.5,2842,21773,0
20260326,110000,2842.5,2842.5,2826.5,2829,63884,0
20260326,120000,2829,2836.5,2827.5,2830.5,29386,0
20260326,130000,2830.5,2832,2829,2832,9836,0
20260326,140000,2832,2836,2831,2833.5,13169,0
20260326,150000,2833.5,2836,2829,2830,19829,0
20260326,160000,2830,2831,2822,2822.5,28642,0
20260326,170000,2822,2826.5,2820.5,2822,26036,0
20260326,180000,2822,2825,2816.5,2823.5,26253,0
20260326,190000,2823.5,2825.5,2820.5,2822,12930,0
20260326,200000,2822.5,2824,2820.5,2823,4186,0
20260326,210000,2823,2823,2818.5,2819,6520,0
20260326,220000,2818.5,2820,2813,2816,17371,0
20260326,230000,2815,2824,2812.5,2822,20860,0
20260327,080000,2818,2818,2818,2818,474,0
20260327,090000,2817,2825.5,2814.5,2822.5,18442,0
20260327,100000,2822.5,2831,2820.5,2826,35987,0
20260327,110000,2826,2827,2817,2818,25635,0
20260327,120000,2818.5,2821.5,2815,2816.5,15240,0
20260327,130000,2816,2817.5,2807.5,2809.5,31559,0
20260327,140000,2809.5,2817,2809,2811,23636,0
20260327,150000,2811,2813.5,2801.5,2802,29821,0
20260327,160000,2801.5,2802.5,2785.5,2788,104019,0
20260327,170000,2788,2794,2784,2785.5,46397,0
20260327,180000,2785.5,2793.5,2782.5,2793,35922,0
20260327,190000,2793,2795.5,2788,2794,14622,0
20260327,200000,2793.5,2794,2790,2793,6040,0
20260327,210000,2793,2795,2791.5,2792,10863,0
20260327,220000,2792.5,2795.5,2792,2793.5,8204,0
20260327,230000,2793.5,2795.5,2791,2795.5,3871,0
20260328,090000,2796,2796,2796,2796,43,0
20260328,100000,2795.5,2799,2788,2788,4534,0
20260328,110000,2788,2790,2786,2786,3408,0
20260328,120000,2786.5,2787.5,2786,2787.5,845,0
20260328,130000,2788,2790,2787.5,2788.5,1301,0
20260328,140000,2788,2789.5,2787,2788.5,502,0
20260328,150000,2789,2789.5,2788.5,2789.5,614,0
20260328,160000,2790,2790,2788,2788,834,0
20260328,170000,2788.5,2789.5,2788,2789,314,0
20260328,180000,2789,2789,2787,2787.5,355,0
20260329,090000,2787.5,2787.5,2787.5,2787.5,50,0
20260329,100000,2788,2790,2786.5,2790,2112,0
20260329,110000,2790,2795,2787.5,2792.5,4338,0
20260329,120000,2792.5,2796,2792.5,2795,1988,0
20260329,130000,2794.5,2795.5,2794,2795,569,0
20260329,140000,2795,2796,2794.5,2796,2168,0
20260329,150000,2795.5,2798,2795.5,2796,2145,0
20260329,160000,2797.5,2799.5,2796.5,2799,4248,0
20260329,170000,2799,2799.5,2796.5,2799,1901,0
20260329,180000,2798.5,2803,2797.5,2799.5,3662,0
20260330,080000,2800,2800,2800,2800,31,0
20260330,090000,2801,2805,2795.5,2798,29918,0
20260330,100000,2797.5,2800,2785,2785.5,50065,0
20260330,110000,2785,2789,2778.5,2785.5,56479,0
20260330,120000,2786,2816.5,2781,2809.5,121271,0
20260330,130000,2809.5,2814.5,2804.5,2812.5,65256,0
20260330,140000,2812.5,2814.5,2803,2804,43228,0
20260330,150000,2804,2812,2804,2809,27590,0
20260330,160000,2809,2811.5,2799.5,2800.5,36443,0
20260330,170000,2801,2801,2794.5,2799,24166,0
20260330,180000,2799,2809.5,2798.5,2807,32749,0
20260330,190000,2806.5,2807,2802,2804,10097,0
20260330,200000,2803,2805,2803,2804,4446,0
20260330,210000,2804,2804.5,2801,2803,4334,0
20260330,220000,2803,2804,2802,2804,2211,0
20260330,230000,2803.5,2805.5,2803.5,2805,3901,0
20260331,080000,2802.5,2802.5,2802.5,2802.5,39,0
20260331,090000,2801.5,2804.5,2797,2802.5,14183,0
20260331,100000,2802.5,2802.5,2790.5,2790.5,35155,0
20260331,110000,2790.5,2793,2787,2790,27278,0
20260331,120000,2790,2797,2786,2794.5,23483,0
20260331,130000,2794.5,2797,2781,2786,37790,0
20260331,140000,2785.5,2785.5,2775,2780,71467,0
20260331,150000,2780,2784.5,2776,2778.5,38699,0
20260331,160000,2778.5,2780,2770.5,2772.5,42821,0
20260331,170000,2772,2777,2766.5,2772,32862,0
20260331,180000,2772,2779.5,2771,2777.5,20026,0
20260331,190000,2777.5,2779.5,2769.5,2774.5,16203,0
20260331,200000,2774.5,2776,2771,2773.5,7784,0
20260331,210000,2773.5,2775,2772,2774.5,3146,0
20260331,220000,2774.5,2777,2774,2777,6260,0
20260331,230000,2777,2778,2774,2776.5,4351,0
20260401,080000,2774,2774,2774,2774,44,0
20260401,090000,2774,2775.5,2769,2771,28362,0
20260401,100000,2771,2790.5,2770,2783.5,73305,0
20260401,110000,2784,2786,2777,2782,29161,0
20260401,120000,2782.5,2784,2778,2781.5,14704,0
20260401,130000,2781.5,2787.5,2778,2785,15590,0
20260401,140000,2785.5,2786.5,2769.5,2771,39512,0
20260401,150000,2771.5,2774.5,2767.5,2772,26082,0
20260401,160000,2771.5,2775,2767.5,2770.5,24627,0
20260401,170000,2771,2776,2769.5,2774,15774,0
20260401,180000,2774.5,2782,2773,2779.5,20073,0
20260401,190000,2779.5,2780.5,2775,2777.5,9543,0
20260401,200000,2777,2778,2775,2777,4852,0
20260401,210000,2777,2784,2776.5,2783.5,13670,0
20260401,220000,2783.5,2787,2782.5,2784.5,11669,0
20260401,230000,2785,2786,2782,2784,5642,0
20260402,080000,2784,2784,2784,2784,30,0
20260402,090000,2784,2789.5,2784,2788,21981,0
20260402,100000,2788.5,2789.5,2777,2779.5,37137,0
20260402,110000,2779,2787,2777.5,2786.5,27738,0
20260402,120000,2786,2786.5,2778.5,2782.5,17880,0
20260402,130000,2782,2783,2778,2782,11595,0
20260402,140000,2782,2784.5,2778.5,2781,8729,0
20260402,150000,2780.5,2782,2775,2780.5,11291,0
20260402,160000,2780,2785,2778.5,2782.5,11221,0
20260402,170000,2782.5,2783.5,2770.5,2773.5,41252,0
20260402,180000,2773,2779,2771,2776.5,22758,0
20260402,190000,2776.5,2777.5,2775,2776,2967,0
20260402,200000,2776,2778,2775,2777.5,1965,0
20260402,210000,2777.5,2779.5,2776.5,2777.5,5158,0
20260402,220000,2777.5,2778,2775,2775,3842,0
20260402,230000,2775,2777,2773.5,2776.5,4450,0
20260403,080000,2782.5,2782.5,2782.5,2782.5,309,0
20260403,090000,2783,2787.5,2781,2783,24214,0
20260403,100000,2782.5,2784,2777.5,2777.5,17308,0
20260403,110000,2777.5,2781,2771,2774,35490,0
20260403,120000,2774,2775,2760.5,2764,70070,0
20260403,130000,2763.5,2768.5,2760,2760.5,34030,0
20260403,140000,2761,2762.5,2756.5,2759.5,38418,0
20260403,150000,2759,2765,2758,2761.5,20548,0
20260403,160000,2761.5,2762,2756.5,2757,21550,0
20260403,170000,2757,2759,2754,2757,22959,0
20260403,180000,2757,2762,2757,2760,29172,0
20260403,190000,2760,2761.5,2759,2759.5,5479,0
20260403,200000,2759.5,2764,2759.5,2763,7987,0
20260403,210000,2763,2764,2761.5,2762,5728,0
20260403,220000,2761.5,2763,2760.5,2762,2779,0
20260403,230000,2761.5,2762,2760,2760.5,2740,0
20260404,090000,2761,2761,2761,2761,60,0
20260404,100000,2761.5,2764,2755,2756.5,5749,0
20260404,110000,2756.5,2762,2755.5,2760.5,2995,0
20260404,120000,2760.5,2762,2760,2761.5,1106,0
20260404,130000,2762,2762.5,2761,2762,1058,0
20260404,140000,2762.5,2762.5,2761,2761,277,0
20260404,150000,2761,2762.5,2760.5,2762.5,376,0
20260404,160000,2763,2763,2762,2763,566,0
20260404,170000,2761.5,2764.5,2761.5,2763.5,1024,0
20260404,180000,2764,2764.5,2763.5,2764.5,983,0
20260405,100000,2763.5,2764.5,2760.5,2760.5,1555,0
20260405,110000,2760.5,2761.5,2757,2760,1723,0
20260405,120000,2759.5,2760,2758.5,2759.5,1889,0
20260405,130000,2759.5,2760,2758,2758.5,480,0
20260405,140000,2758.5,2760,2758,2759.5,458,0
20260405,150000,2760,2760.5,2759.5,2760,344,0
20260405,160000,2760,2763.5,2759.5,2763,1908,0
20260405,170000,2762,2763.5,2759.5,2760.5,1160,0
20260405,180000,2761,2763,2760.5,2761,1254,0
20260406,080000,2759,2759,2759,2759,76,0
20260406,090000,2759,2761,2750,2752,34564,0
20260406,100000,2752,2757.5,2749,2752.5,31521,0
20260406,110000,2752.5,2756.5,2750,2753,12893,0
20260406,120000,2753.5,2761,2753.5,2760.5,21852,0
20260406,130000,2761,2763.5,2755,2758.5,32889,0
20260406,140000,2759,2760.5,2755.5,2758.5,10215,0
20260406,150000,2758.5,2770,2758,2769.5,38400,0
20260406,160000,2770,2773,2767.5,2770.5,22157,0
20260406,170000,2770.5,2782,2770.5,2781,38062,0
20260406,180000,2781.5,2789.5,2779,2784.5,35244,0
20260406,190000,2785,2789,2784.5,2788,12243,0
20260406,200000,2788.5,2791,2786.5,2788.5,17758,0
20260406,210000,2788.5,2790,2785.5,2787,7599,0
20260406,220000,2787.5,2788.5,2785.5,2787,4339,0
20260406,230000,2786.5,2787,2784.5,2786,6354,0
20260407,080000,2788,2788,2788,2788,92,0
20260407,090000,2788,2790.5,2784,2785,22255,0
20260407,100000,2785,2787,2780.5,2786.5,29354,0
20260407,110000,2786,2802.5,2785,2794,66456,0
20260407,120000,2794,2800.5,2791.5,2798.5,35594,0
20260407,130000,2798.5,2802.5,2789.5,2790,34828,0
20260407,140000,2790,2800,2789.5,2793,32473,0
20260407,150000,2793.5,2802,2793.5,2799,33180,0
20260407,160000,2799,2799.5,2795,2796,19983,0
20260407,170000,2796,2806.5,2796,2801,41309,0
20260407,180000,2801,2803,2795.5,2798,21919,0
20260407,190000,2798,2798.5,2795.5,2796.5,7118,0
20260407,200000,2796.5,2797.5,2796,2797,3353,0
20260407,210000,2796.5,2797.5,2795,2795.5,3027,0
20260407,220000,2796.5,2797,2790,2792,12243,0
20260407,230000,2791.5,2792,2785,2787,15739,0
20260408,080000,2772.5,2772.5,2772.5,2772.5,608,0
20260408,090000,2772,2780,2770,2775,48673,0
20260408,100000,2775,2779.5,2771.5,2774,34610,0
20260408,110000,2773,2773.5,2765.5,2766,33789,0
20260408,120000,2766,2771,2765.5,2767,30855,0
20260408,130000,2767,2769.5,2763,2767,17912,0
20260408,140000,2767.5,2771,2767,2768.5,14773,0
20260408,150000,2769,2769,2760.5,2761,22578,0
20260408,160000,2760.5,2767.5,2760,2762.5,27055,0
20260408,170000,2762.5,2770,2760.5,2769,25506,0
20260408,180000,2769,2769.5,2766,2767.5,9520,0
20260408,190000,2767,2768.5,2765.5,2767,3801,0
20260408,200000,2767.5,2768.5,2766.5,2767.5,3288,0
20260408,210000,2767.5,2769.5,2766.5,2768,3993,0
20260408,220000,2768,2772.5,2768,2771,6742,0
20260408,230000,2770.5,2771,2765,2765,4207,0
20260409,080000,2770,2770,2770,2770,110,0
20260409,090000,2770.5,2771.5,2765,2767,14373,0
20260409,100000,2767,2772.5,2763,2769,19923,0
20260409,110000,2768.5,2770,2764,2767,12404,0
20260409,120000,2767,2768,2754,2757,40419,0
20260409,130000,2757,2763.5,2756.5,2760,16439,0
20260409,140000,2760.5,2760.5,2750.5,2753.5,26721,0
20260409,150000,2753.5,2754.5,2747.5,2749,30383,0
20260409,160000,2748.5,2748.5,2738.5,2739,51855,0
20260409,170000,2739,2744.5,2737,2739.5,29596,0
20260409,180000,2739,2742.5,2735.5,2737,21892,0
20260409,190000,2737.5,2739.5,2735,2738.5,16201,0
20260409,200000,2738.5,2740,2736.5,2739,7961,0
20260409,210000,2739.5,2742.5,2739.5,2740.5,9854,0
20260409,220000,2740,2756.5,2740,2747,63843,0
20260409,230000,2747.5,2749,2743,2745,7480,0
20260410,080000,2748.5,2748.5,2748.5,2748.5,99,0
20260410,090000,2747.5,2748.5,2738.5,2743,25512,0
20260410,100000,2743,2746.5,2731,2733,40730,0
20260410,110000,2733,2735.5,2726.5,2734.5,45662,0
20260410,120000,2735,2746,2735,2740.5,49878,0
20260410,130000,2740.5,2747.5,2738,2746,22308,0
20260410,140000,2746.5,2747.5,2742,2742.5,18973,0
20260410,150000,2742.5,2743,2735,2738,23097,0
20260410,160000,2737.5,2738.5,2733.5,2735,12775,0
20260410,170000,2735,2736,2723.5,2723.5,37804,0
20260410,180000,2723.5,2729,2722.5,2727,29275,0
20260410,190000,2727.5,2732.5,2727.5,2730.5,16854,0
20260410,200000,2731,2731,2726,2726,6514,0
20260410,210000,2726,2728,2725.5,2727,9636,0
20260410,220000,2727.5,2728,2724.5,2727,7098,0
20260410,230000,2726,2726,2720.5,2721.5,12055,0
20260411,090000,2720,2720,2720,2720,240,0
20260411,100000,2721,2724,2719,2724,6070,0
20260411,110000,2724,2725.5,2723.5,2725,3342,0
20260411,120000,2725,2725,2720,2720,2173,0
20260411,130000,2720,2722.5,2719,2720.5,1585,0
20260411,140000,2720.5,2723,2720,2723,1054,0
20260411,150000,2723,2724,2723,2723.5,703,0
20260411,160000,2723.5,2724,2721,2723,672,0
20260411,170000,2723,2723.5,2722,2723,702,0
20260411,180000,2723.5,2724,2722,2724,1107,0
20260412,090000,2725.5,2725.5,2725.5,2725.5,416,0
20260412,100000,2726,2734,2726,2730.5,9390,0
20260412,110000,2730,2735,2728.5,2735,5876,0
20260412,120000,2735,2735.5,2730,2732.5,3132,0
20260412,130000,2733,2734.5,2731.5,2733,1549,0
20260412,140000,2734,2734.5,2730.5,2733,2614,0
20260412,150000,2733.5,2734.5,2731.5,2734,2341,0
20260412,160000,2734.5,2753,2733,2749.5,30312,0
20260412,170000,2749,2753,2748,2750,7492,0
20260412,180000,2751.5,2753,2748,2749,5931,0
20260413,080000,2748,2748,2748,2748,49,0
20260413,090000,2747.5,2749,2742,2747.5,25598,0
20260413,100000,2748,2749,2737,2739.5,29930,0
20260413,110000,2739.5,2739.5,2730,2731,43366,0
20260413,120000,2730.5,2734.5,2728.5,2733,16970,0
20260413,130000,2733,2734.5,2720,2722.5,78233,0
20260413,140000,2722.5,2724.5,2716.5,2721,31333,0
20260413,150000,2721,2724.5,2719.5,2720,11445,0
20260413,160000,2719.5,2722.5,2712,2714,34543,0
20260413,170000,2714,2721.5,2712.5,2718,20268,0
20260413,180000,2717.5,2723.5,2714,2721,18824,0
20260413,190000,2721,2722,2717,2717.5,5960,0
20260413,200000,2717.5,2719.5,2714.5,2717.5,3659,0
20260413,210000,2717,2718.5,2714.5,2715,4042,0
20260413,220000,2715,2721,2715,2720,4895,0
20260413,230000,2721,2721.5,2716.5,2719.5,5046,0
20260414,080000,2725,2725,2725,2725,165,0
20260414,090000,2725.5,2728,2721,2726,21221,0
20260414,100000,2725.5,2727,2718,2720,22652,0
20260414,110000,2721,2724.5,2705.5,2707.5,56335,0
20260414,120000,2707.5,2710.5,2703,2706,24905,0
20260414,130000,2706,2733.5,2705.5,2730,74600,0
20260414,140000,2730,2733,2721.5,2724.5,33415,0
20260414,150000,2724.5,2727.5,2720,2721.5,20200,0
20260414,160000,2721.5,2731.5,2720,2723.5,30279,0
20260414,170000,2724,2729,2722,2725.5,24886,0
20260414,180000,2726,2732.5,2725,2725.5,21711,0
20260414,190000,2725.5,2727,2721,2722,6898,0
20260414,200000,2722,2723,2720,2721.5,4478,0
20260414,210000,2721.5,2722.5,2720.5,2722,2285,0
20260414,220000,2722,2723,2721.5,2722,2668,0
20260414,230000,2722,2722.5,2714.5,2717.5,12978,0
20260415,080000,2722.5,2722.5,2722.5,2722.5,308,0
20260415,090000,2724,2724,2717.5,2720,10861,0
20260415,100000,2719.5,2723.5,2709,2712.5,32159,0
20260415,110000,2712,2719.5,2709,2716.5,17939,0
20260415,120000,2716.5,2721.5,2711.5,2715,20088,0
20260415,130000,2714.5,2730.5,2714.5,2729,38633,0
20260415,140000,2729,2737.5,2729,2734.5,57609,0
20260415,150000,2734.5,2741,2734,2735.5,37231,0
20260415,160000,2735,2737.5,2731,2734,21873,0
20260415,170000,2734.5,2748,2732,2743,62084,0
20260415,180000,2743,2747,2742.5,2743.5,27453,0
20260415,190000,2743.5,2749.5,2743,2748,15345,0
20260415,200000,2747.5,2751.5,2746,2747.5,10123,0
20260415,210000,2747.5,2747.5,2744.5,2746,7139,0
20260415,220000,2746.5,2747.5,2745,2747.5,4344,0
20260415,230000,2747,2747.5,2743.5,2745.5,8713,0
20260416,080000,2749.5,2749.5,2749.5,2749.5,68,0
20260416,090000,2749.5,2753,2748,2750,27518,0
20260416,100000,2750.5,2768.5,2744.5,2763.5,80447,0
20260416,110000,2763.5,2765.5,2757.5,2760.5,35358,0
20260416,120000,2760,2764.5,2758.5,2762,15251,0
20260416,130000,2761.5,2763,2757,2760,15305,0
20260416,140000,2760,2761,2755,2756,14741,0
20260416,150000,2755,2758.5,2745.5,2750,49331,0
20260416,160000,2749.5,2755.5,2746,2754.5,35080,0
20260416,170000,2754.5,2756,2743,2747.5,17126,0
20260416,180000,2747.5,2748,2740.5,2743.5,28713,0
20260416,190000,2743.5,2746,2742,2744,7013,0
20260416,200000,2744.5,2745.5,2742.5,2743,2458,0
20260416,210000,2743,2744,2738.5,2739.5,8792,0
20260416,220000,2739.5,2743.5,2738.5,2742.5,3217,0
20260416,230000,2742.5,2743.5,2740,2740,4709,0
20260417,080000,2744,2744,2744,2744,30,0
20260417,090000,2743.5,2744.5,2739.5,2741,17259,0
20260417,100000,2741,2751,2736,2750,49937,0
20260417,110000,2750,2754.5,2745.5,2745.5,28722,0
20260417,120000,2745.5,2746,2740.5,2744,23097,0
20260417,130000,2743,2747.5,2741.5,2743.5,15238,0
20260417,140000,2743.5,2756.5,2743,2753.5,43283,0
20260417,150000,2754,2760,2745,2745.5,60639,0
20260417,160000,2746,2747.5,2720,2726,170466,0
20260417,170000,2725.5,2728,2717.5,2720.5,86505,0
20260417,180000,2720,2728.5,2718.5,2726.5,25848,0
20260417,190000,2726.5,2728.5,2724.5,2725,9583,0
20260417,200000,2725,2729.5,2725,2728,6420,0
20260417,210000,2728,2729.5,2726,2727.5,5869,0
20260417,220000,2727.5,2728.5,2726.5,2727.5,2093,0
20260417,230000,2727.5,2729.5,2727,2727,4934,0
20260418,090000,2730,2730,2730,2730,283,0
20260418,100000,2730.5,2735,2729,2730,7638,0
20260418,110000,2730.5,2736,2730,2734.5,6398,0
20260418,120000,2735,2736,2732.5,2736,4639,0
20260418,130000,2735.5,2738,2734.5,2737,3903,0
20260418,140000,2737,2739,2734.5,2737.5,11614,0
20260418,150000,2737.5,2739.5,2736,2736.5,2405,0
20260418,160000,2736.5,2738,2734.5,2735.5,1961,0
20260418,170000,2736,2736,2732,2734.5,5035,0
20260418,180000,2735,2736.5,2734,2736,1464,0
20260419,090000,2736,2736,2736,2736,50,0
20260419,100000,2737,2740,2736.5,2739,6190,0
20260419,110000,2739,2740.5,2737.5,2738.5,3054,0
20260419,120000,2738,2739.5,2737.5,2739.5,723,0
20260419,130000,2739.5,2741,2738.5,2740.5,3031,0
20260419,140000,2740.5,2740.5,2737.5,2740,1806,0
20260419,150000,2740,2740,2738,2739,939,0
20260419,160000,2739,2739.5,2736,2737.5,3530,0
20260419,170000,2737.5,2738.5,2735.5,2737.5,2200,0
20260419,180000,2738,2739,2737,2738.5,1405,0
20260420,080000,2742,2742,2742,2742,720,0
20260420,090000,2742,2745.5,2739,2741,29605,0
20260420,100000,2741,2743.5,2732,2738.5,55401,0
20260420,110000,2738,2738.5,2732,2732,17589,0
20260420,120000,2732,2734.5,2728.5,2730,24088,0
20260420,130000,2730.5,2736.5,2729,2734,29037,0
20260420,140000,2734.5,2739,2732,2734.5,17889,0
20260420,150000,2734.5,2739,2733.5,2738.5,11423,0
20260420,160000,2738.5,2739,2732,2736,19354,0
20260420,170000,2736,2755.5,2734.5,2751.5,76163,0
20260420,180000,2751.5,2759.5,2751,2757,56506,0
20260420,190000,2757,2758.5,2753.5,2755.5,12634,0
20260420,200000,2756,2757.5,2755,2756,4931,0
20260420,210000,2756.5,2757,2753,2754,6831,0
20260420,220000,2754,2755.5,2753,2753.5,3115,0
20260420,230000,2753.5,2757,2753.5,2757,9777,0
20260421,080000,2750.5,2750.5,2750.5,2750.5,258,0
20260421,090000,2750.5,2754.5,2750,2753.5,16281,0
20260421,100000,2753,2757,2747,2748,29029,0
20260421,110000,2747.5,2752,2745.5,2750,15551,0
20260421,120000,2749,2753,2742.5,2743,33200,0
20260421,130000,2743.5,2749,2741.5,2743,28116,0
20260421,140000,2742.5,2746,2739.5,2744.5,15776,0
20260421,150000,2744.5,2748.5,2740,2742.5,19090,0
20260421,160000,2742,2746,2740,2744.5,13045,0
20260421,170000,2744.5,2764,2744.5,2761.5,97699,0
20260421,180000,2761.5,2766,2755.5,2759.5,36699,0
20260421,190000,2759,2760.5,2756,2760,7361,0
20260421,200000,2759.5,2763.5,2757,2758.5,9323,0
20260421,210000,2758,2760,2755.5,2756.5,5106,0
20260421,220000,2758,2761.5,2756.5,2759.5,4655,0
20260421,230000,2759.5,2761.5,2756,2756,8262,0
20260422,080000,2756.5,2756.5,2756.5,2756.5,12,0
20260422,090000,2756.5,2764.5,2755.5,2764.5,13563,0
20260422,100000,2764,2768.5,2760.5,2761.5,29301,0
20260422,110000,2761.5,2764.5,2756,2758,34371,0
20260422,120000,2758,2760.5,2755,2759.5,16662,0
20260422,130000,2760,2760.5,2752,2756.5,35071,0
20260422,140000,2756.5,2760,2753.5,2757,21949,0
20260422,150000,2757.5,2764.5,2756.5,2764,13634,0
20260422,160000,2764,2764.5,2759.5,2760,6935,0
20260422,170000,2759.5,2770.5,2759,2766.5,28382,0
20260422,180000,2767,2770.5,2766,2767,18900,0
20260422,190000,2767,2774.5,2766.5,2772,23878,0
20260422,200000,2772,2772.5,2768.5,2771,6683,0
20260422,210000,2770.5,2771,2768.5,2770,2714,0
20260422,220000,2770,2773,2769.5,2770,6083,0
20260422,230000,2770.5,2772.5,2769.5,2771.5,3340,0
20260423,080000,2774.5,2774.5,2774.5,2774.5,40,0
20260423,090000,2774.5,2776,2771,2772,21875,0
20260423,100000,2772,2777.5,2770,2771.5,28908,0
20260423,110000,2771.5,2773,2769,2770.5,9913,0
20260423,120000,2770,2773,2769,2770,12425,0
20260423,130000,2770,2771.5,2767,2769.5,36389,0
20260423,140000,2769.5,2772.5,2768.5,2771.5,12613,0
20260423,150000,2771.5,2781.5,2768.5,2777,49326,0
20260423,160000,2777,2778,2772.5,2775,18244,0
20260423,170000,2775,2778.5,2771.5,2775,17323,0
20260423,180000,2776,2778,2774,2776,7530,0
20260423,190000,2776.5,2776.5,2771.5,2772,5631,0
20260423,200000,2772.5,2777.5,2770.5,2773,9201,0
20260423,210000,2773,2774,2771.5,2773,3538,0
20260423,220000,2773,2773.5,2768,2769,12988,0
20260423,230000,2769,2773,2768.5,2772.5,7968,0
20260424,080000,2773,2773,2773,2773,80,0
20260424,090000,2773,2777,2773,2777,9219,0
20260424,100000,2777,2777,2771,2774.5,25240,0
20260424,110000,2774.5,2778,2773,2776.5,18229,0
20260424,120000,2776,2776.5,2772.5,2775,20257,0
20260424,130000,2775,2779.5,2753,2757.5,195787,0
20260424,140000,2757.5,2760,2750,2751,64350,0
20260424,150000,2751,2753.5,2740.5,2741,67903,0
20260424,160000,2741.5,2742.5,2733.5,2735.5,43348,0
20260424,170000,2735.5,2740,2729.5,2736,62461,0
20260424,180000,2735.5,2739.5,2732.5,2736,27392,0
20260424,190000,2737,2742.5,2735.5,2740,14637,0
20260424,200000,2740.5,2741.5,2737.5,2739,10994,0
20260424,210000,2739,2741,2738.5,2740,3854,0
20260424,220000,2740.5,2740.5,2738.5,2739,3169,0
20260424,230000,2739.5,2744,2739,2743.5,8613,0
20260425,090000,2743.5,2743.5,2743.5,2743.5,6,0
20260425,100000,2742,2743.5,2738,2738.5,3324,0
20260425,110000,2738.5,2740.5,2738.5,2740,1222,0
20260425,120000,2740.5,2741.5,2739.5,2740,1223,0
20260425,130000,2740,2741.5,2739.5,2741,449,0
20260425,140000,2741.5,2741.5,2739.5,2741.5,865,0
20260425,150000,2741,2741,2739.5,2740,126,0
20260425,160000,2741,2741,2739.5,2740,331,0
20260425,170000,2740,2741,2739.5,2740,499,0
20260425,180000,2739.5,2741,2738.5,2741,804,0
20260426,090000,2741,2741,2741,2741,4,0
20260426,100000,2740.5,2741,2739,2740,919,0
20260426,110000,2740.5,2741.5,2739,2739.5,1378,0
20260426,120000,2739.5,2740.5,2738.5,2739,966,0
20260426,130000,2739,2740,2737,2737.5,1160,0
20260426,140000,2737.5,2738.5,2736.5,2737.5,560,0
20260426,150000,2737.5,2737.5,2731.5,2734,8429,0
20260426,160000,2734,2736,2733.5,2736,2059,0
20260426,170000,2735.5,2737,2735,2735.5,672,0
20260426,180000,2736.5,2737.5,2735,2735,1269,0
20260427,080000,2737,2737,2737,2737,184,0
20260427,090000,2737.5,2738,2723.5,2726,41725,0
20260427,100000,2725.5,2741.5,2724.5,2740,71776,0
20260427,110000,2740.5,2743.5,2739.5,2741.5,35234,0
20260427,120000,2742,2745.5,2739.5,2741.5,22743,0
20260427,130000,2741.5,2742,2735,2738,32036,0
20260427,140000,2739,2742,2736,2742,18253,0
20260427,150000,2741.5,2742,2737,2739.5,17432,0
20260427,160000,2739.5,2744.5,2739,2740,19846,0
20260427,170000,2740,2741.5,2737,2740,21567,0
20260427,180000,2740.5,2741,2733,2736.5,24673,0
20260427,190000,2735.5,2737,2735,2736,4481,0
20260427,200000,2736,2736,2728,2730,13033,0
20260427,210000,2729.5,2731,2728.5,2730.5,4060,0
20260427,220000,2730.5,2732,2730,2731,2303,0
20260427,230000,2731,2732.5,2730,2731,2545,0
20260428,080000,2731,2731,2731,2731,25,0
20260428,090000,2731.5,2737.5,2731,2736,26831,0
20260428,100000,2736,2737.5,2724.5,2724.5,39008,0
20260428,110000,2724.5,2729.5,2720,2720,37117,0
20260428,120000,2720.5,2722,2712,2712.5,55446,0
20260428,130000,2712.5,2717,2712,2714,26514,0
20260428,140000,2714,2715.5,2711,2715,22433,0
20260428,150000,2715,2718.5,2706,2708.5,50549,0
20260428,160000,2708,2712,2698,2700.5,76273,0
20260428,170000,2700,2709.5,2699,2702.5,51526,0
20260428,180000,2702,2704.5,2697.5,2701,24028,0
20260428,190000,2700.5,2703,2697,2698,12473,0
20260428,200000,2698,2701,2696,2700,12873,0
20260428,210000,2699.5,2702,2698,2699,6594,0
20260428,220000,2699,2701,2698,2699,4145,0
20260428,230000,2699,2701,2698,2698,4242,0
20260429,080000,2703,2703,2703,2703,93,0
20260429,090000,2703.5,2708.5,2702.5,2707.5,30559,0
20260429,100000,2707,2708,2690.5,2698.5,81225,0
20260429,110000,2698.5,2701.5,2695.5,2701,31255,0
20260429,120000,2701,2704,2696,2701.5,39308,0
20260429,130000,2701.5,2702,2681,2685,78961,0
20260429,140000,2685,2687.5,2677.5,2680.5,61272,0
20260429,150000,2680.5,2681,2663,2671.5,118254,0
20260429,160000,2671.5,2674,2647,2649.5,151306,0
20260429,170000,2649.5,2659.5,2639,2639,114206,0
20260429,180000,2639,2644,2632.5,2639.5,130896,0
20260429,190000,2640,2651,2639.5,2648,38820,0
20260429,200000,2648,2667,2643.5,2660.5,99784,0
20260429,210000,2660,2676.5,2660,2670.5,56826,0
20260429,220000,2671,2672,2658,2662.5,34005,0
20260429,230000,2662,2665,2659.5,2661.5,10249,0
20260430,080000,2665,2665,2665,2665,283,0
20260430,090000,2665,2666.5,2642,2654.5,65716,0
20260430,100000,2655,2676.5,2648.5,2676.5,134317,0
20260430,110000,2676.5,2677,2666,2669.5,41726,0
20260430,120000,2669.5,2675,2660,2665,33940,0
20260430,130000,2665,2673,2662,2669.5,26189,0
20260430,140000,2669.5,2671,2653.5,2659,59873,0
20260430,150000,2658.5,2664,2653.5,2656.5,27446,0
20260430,160000,2657,2662.5,2648.5,2654.5,29166,0
20260430,170000,2655,2667,2652.5,2660,45711,0
20260430,180000,2660,2661,2654.5,2660,14561,0
20260430,190000,2661,2663,2657,2660.5,16015,0
20260430,200000,2660.5,2667,2658,2666,18803,0
20260430,210000,2666.5,2670,2664.5,2669,22264,0
20260430,220000,2669,2672,2668,2670,16218,0
20260430,230000,2670,2673,2669.5,2671,15753,0
20260501,100000,2653,2658,2648,2654.5,56808,0
20260501,110000,2653.5,2655,2652.5,2652.5,5379,0
20260501,120000,2653.5,2653.5,2650,2651,4275,0
20260501,130000,2650.5,2652,2650.5,2652,1761,0
20260501,140000,2652,2652,2650,2651,1919,0
20260501,150000,2651.5,2652,2648.5,2649,11502,0
20260501,160000,2649,2649.5,2647.5,2649,3862,0
20260501,170000,2648.5,2649,2643,2644.5,8921,0
20260501,180000,2645,2647,2644.5,2644.5,5493,0
20260501,190000,2644.5,2645,2641.5,2643.5,5647,0
20260501,200000,2643,2647,2642.5,2646,5454,0
20260501,210000,2646,2647,2644.5,2646.5,1377,0
20260501,220000,2646.5,2647.5,2645.5,2646,606,0
20260501,230000,2646,2646,2644,2645,1303,0
20260502,090000,2645,2645,2645,2645,19,0
20260502,100000,2645,2647.5,2644.5,2646.5,1690,0
20260502,110000,2646.5,2647,2644.5,2644.5,767,0
20260502,120000,2645,2646,2644,2645,736,0
20260502,130000,2645,2645.5,2644,2645,201,0
20260502,140000,2645,2646,2644.5,2645,949,0
20260502,150000,2646,2646,2645,2645.5,592,0
20260502,160000,2645,2647,2644,2644.5,1313,0
20260502,170000,2644.5,2645.5,2644,2645,357,0
20260502,180000,2645,2646,2643,2646,1501,0
20260503,100000,2646,2647,2644.5,2645,807,0
20260503,110000,2646,2646,2642,2645,2152,0
20260503,120000,2644.5,2645.5,2644,2645,377,0
20260503,130000,2645.5,2645.5,2644,2644.5,597,0
20260503,140000,2644.5,2645.5,2644.5,2645,283,0
20260503,150000,2645,2646,2644.5,2644.5,593,0
20260503,160000,2645,2646,2644.5,2646,413,0
20260503,170000,2646.5,2648,2646,2648,1263,0
20260503,180000,2648,2651,2647.5,2650,4786,0
20260504,080000,2651,2651,2651,2651,15,0
20260504,090000,2651,2659,2650,2652.5,43226,0
20260504,100000,2652,2657.5,2649.5,2655,41565,0
20260504,110000,2655.5,2657,2634.5,2634.5,70460,0
20260504,120000,2635,2638,2626,2628.5,80284,0
20260504,130000,2628.5,2639,2626.5,2632.5,76851,0
20260504,140000,2632.5,2634.5,2612.5,2613.5,85155,0
20260504,150000,2614,2619.5,2611.5,2619.5,45311,0
20260504,160000,2619,2619.5,2608.5,2612,46314,0
20260504,170000,2612,2618,2606,2614.5,45835,0
20260504,180000,2614.5,2623.5,2611,2621.5,40030,0
20260504,190000,2621.5,2623,2616,2617.5,16786,0
20260504,200000,2618.5,2622.5,2613.5,2614,15366,0
20260504,210000,2614,2628.5,2613,2627.5,37106,0
20260504,220000,2628,2630,2621.5,2622,18173,0
20260504,230000,2622,2626,2621.5,2625.5,7091,0
20260505,080000,2626.5,2626.5,2626.5,2626.5,51,0
20260505,090000,2625,2626,2615,2621,33174,0
20260505,100000,2621,2629.5,2610,2610.5,55085,0
20260505,110000,2610.5,2613,2591,2602,132110,0
20260505,120000,2602,2629,2597,2625,122416,0
20260505,130000,2625,2632.5,2615,2621.5,75112,0
20260505,140000,2622,2626.5,2617.5,2623,29200,0
20260505,150000,2622.5,2641,2622.5,2638.5,84086,0
20260505,160000,2638.5,2650,2635,2647,69787,0
20260505,170000,2647.5,2653.5,2643.5,2653,44698,0
20260505,180000,2652.5,2654,2643,2643.5,33958,0
20260505,190000,2644,2648,2638,2639.5,18865,0
20260505,200000,2639.5,2645,2638,2642,11711,0
20260505,210000,2642,2646,2640,2645,6406,0
20260505,220000,2645,2645,2640,2643.5,7522,0
20260505,230000,2643,2644,2641,2643,5244,0
20260506,080000,2643,2643,2643,2643,230,0
20260506,090000,2643.5,2643.5,2630.5,2631.5,50926,0
20260506,100000,2631.5,2640,2626.5,2632,58140,0
20260506,110000,2631.5,2650,2630.5,2641.5,80984,0
20260506,120000,2641.5,2642.5,2618.5,2621,86360,0
20260506,130000,2621,2621.5,2611.5,2617.5,114718,0
20260506,140000,2617,2631.5,2615,2627,77042,0
20260506,150000,2627,2633,2622,2624,45202,0
20260506,160000,2623.5,2631.5,2620.5,2626.5,36488,0
20260506,170000,2626.5,2638.5,2623,2637,35854,0
20260506,180000,2636.5,2639,2633.5,2634,13566,0
20260506,190000,2635,2639.5,2625,2628,18950,0
20260506,200000,2628,2631,2624,2626,6377,0
20260506,210000,2626.5,2627.5,2621.5,2623,7602,0
20260506,220000,2623,2626,2621.5,2623.5,6682,0
20260506,230000,2623.5,2624.5,2622,2623.5,4593,0
20260507,080000,2623.5,2623.5,2623.5,2623.5,20,0
20260507,090000,2623,2628.5,2615,2624,45538,0
20260507,100000,2623.5,2625.5,2613.5,2616.5,62052,0
20260507,110000,2616.5,2620.5,2613,2617,36713,0
20260507,120000,2616.5,2626.5,2614.5,2624.5,29275,0
20260507,130000,2624.5,2630,2621.5,2626,32912,0
20260507,140000,2625,2634,2623,2631.5,23886,0
20260507,150000,2631.5,2632,2621.5,2622.5,29522,0
20260507,160000,2623,2625.5,2615,2618.5,42094,0
20260507,170000,2618,2623,2616.5,2620,19495,0
20260507,180000,2620,2621.5,2614,2618,27869,0
20260507,190000,2618.5,2621.5,2614.5,2618.5,11246,0
20260507,200000,2618,2619,2615.5,2615.5,5379,0
20260507,210000,2615.5,2616.5,2614.5,2614.5,4014,0
20260507,220000,2615.5,2615.5,2612.5,2614.5,6593,0
20260507,230000,2614.5,2615,2606,2611,14657,0
20260508,090000,2610,2612.5,2604.5,2608,29214,0
20260508,100000,2607.5,2612,2602.5,2609,26745,0
20260508,110000,2609,2615.5,2604.5,2607,34490,0
20260508,120000,2607.5,2611,2606.5,2607,8407,0
