20251217,070000,413,414.75,413,414.7,45935,0
20251217,080000,414.75,416.55,414.35,414.9,137774,0
20251217,090000,414.85,414.9,413.15,413.6,119427,0
20251217,100000,413.6,413.75,411.7,412.6,380124,0
20251217,110000,412.6,415.5,412.6,414.35,342763,0
20251217,120000,414.35,414.4,410.9,411.1,393266,0
20251217,130000,411.1,411.6,410.7,411.2,130197,0
20251217,140000,411.2,411.75,409,409.45,213043,0
20251217,150000,409.5,409.6,408.5,409.25,155629,0
20251217,160000,409.25,409.3,408.5,408.65,117874,0
20251217,170000,408.65,410.9,408.55,410.35,311193,0
20251217,180000,410.4,412.15,409.6,411.9,243055,0
20251217,190000,411.75,412,410.3,410.75,128821,0
20251217,200000,410.75,411.2,410.7,411.2,64652,0
20251217,210000,411.2,411.2,410.5,410.75,42059,0
20251217,220000,410.75,411.2,410.05,411.05,87067,0
20251217,230000,411.05,411.45,411,411.45,81939,0
20251218,070000,411.65,413.05,411.55,411.7,36326,0
20251218,080000,411.75,411.85,411.5,411.85,12574,0
20251218,090000,411.8,412.9,410.4,412.2,138796,0
20251218,100000,412.2,414.65,411.1,414.65,559158,0
20251218,110000,414.65,414.85,413.8,414.05,658929,0
20251218,120000,414.1,415.25,413.45,415.15,587227,0
20251218,130000,415.15,415.9,413.7,413.95,353252,0
20251218,140000,413.95,414.2,411.7,412.05,500282,0
20251218,150000,412,414.75,411.65,414.15,727028,0
20251218,160000,414.1,414.15,411.55,411.8,175185,0
20251218,170000,411.8,411.9,407.15,408.5,980437,0
20251218,180000,408.45,409.55,407,407,416033,0
20251218,190000,407.1,408.7,406.75,408.4,114545,0
20251218,200000,408.4,408.6,407.75,408.6,95573,0
20251218,210000,408.6,408.7,408.15,408.5,33197,0
20251218,220000,408.5,409.85,408.4,409.6,64884,0
20251218,230000,409.6,410.4,409.05,409.25,50954,0
20251219,070000,409.3,410.95,409.3,410.85,58686,0
20251219,080000,410.9,411.85,410.65,411.4,36211,0
20251219,090000,411.5,413.35,411.35,412.7,139728,0
20251219,100000,412.7,416.45,412.55,415.7,1052248,0
20251219,110000,415.8,416.2,413.85,414.65,509695,0
20251219,120000,414.65,414.7,413.3,414.3,191109,0
20251219,130000,414.25,414.9,411,412.75,1300266,0
20251219,140000,412.75,414,411.65,413.65,271594,0
20251219,150000,413.65,413.7,410,410.05,500796,0
20251219,160000,410,411.55,408.05,408.5,892009,0
20251219,170000,408.55,408.65,407.45,408.15,477612,0
20251219,180000,408.1,409,408,408.4,248335,0
20251219,190000,408.4,409.7,408.25,409.55,162490,0
20251219,200000,409.55,410.05,409.1,410,68122,0
20251219,210000,410,410.5,409.9,410.4,90385,0
20251219,220000,410.4,410.45,410.05,410.25,23023,0
20251219,230000,410.15,410.4,409.9,410,66293,0
20251220,090000,410.1,410.1,410.1,410.1,712,0
20251220,100000,410.1,410.6,410,410.3,36227,0
20251220,110000,410.45,410.6,410.1,410.3,10375,0
20251220,120000,410.3,410.5,410.2,410.5,10024,0
20251220,130000,410.4,410.5,410.2,410.25,5974,0
20251220,140000,410.25,410.3,410.05,410.2,8875,0
20251220,150000,410.1,410.45,410.05,410.45,4919,0
20251220,160000,410.45,410.45,410,410.25,13113,0
20251220,170000,410.25,410.45,410,410.4,10357,0
20251220,180000,410.4,410.4,410.05,410.15,5848,0
20251221,090000,410.15,410.15,410.15,410.15,304,0
20251221,100000,410.25,411.05,410,410.55,37966,0
20251221,110000,410.65,410.75,410.5,410.5,21472,0
20251221,120000,410.6,410.6,410.2,410.25,19112,0
20251221,130000,410.25,410.3,410,410.1,9119,0
20251221,140000,410.1,410.6,409.25,409.6,48496,0
20251221,150000,409.65,409.95,409.45,409.95,5975,0
20251221,160000,409.95,410,409,409,14343,0
20251221,170000,409,409.45,408.9,409.2,15342,0
20251221,180000,409.4,410,409.1,409.95,23363,0
20251222,070000,409.1,410.4,408.75,410.2,101322,0
20251222,080000,410.2,410.75,409.95,410,87383,0
20251222,090000,409.95,410,408.85,409.2,201865,0
20251222,100000,409.45,409.45,406.45,406.9,309252,0
20251222,110000,406.85,408.6,406.05,408,284757,0
20251222,120000,408.1,410.4,407.55,409.25,226098,0
20251222,130000,409.3,411.9,408.95,411.6,308610,0
20251222,140000,411.6,411.95,408.3,408.65,230756,0
20251222,150000,408.65,408.9,407.5,408.7,170201,0
20251222,160000,408.55,408.9,408.05,408.5,77091,0
20251222,170000,408.5,408.55,406.4,407.1,293081,0
20251222,180000,407.1,407.15,406.25,406.25,162796,0
20251222,190000,406.55,407.25,406.55,407.05,47095,0
20251222,200000,407,407.6,406.5,407.4,75078,0
20251222,210000,407.4,407.5,406.2,406.4,56250,0
20251222,220000,406.4,406.4,405,405.15,114372,0
20251222,230000,405.15,406.4,405,406.25,67881,0
20251223,070000,406.25,408,405.45,408,48061,0
20251223,080000,408,408,406.95,407,42685,0
20251223,090000,406.95,407.25,406.1,406.6,52881,0
20251223,100000,406.6,407.4,405.1,405.35,146530,0
20251223,110000,405.35,406,403.05,404.25,249323,0
20251223,120000,404.25,404.4,402.1,402.2,264542,0
20251223,130000,402.15,404.5,401.8,402.35,345582,0
20251223,140000,402.4,406,402.35,405.4,141525,0
20251223,150000,405.45,405.7,403.95,404.5,121364,0
20251223,160000,404.45,406.3,404.45,406.3,94979,0
20251223,170000,406.3,407.3,404.8,405.5,178476,0
20251223,180000,405.45,406.3,404.65,405.05,136436,0
20251223,190000,405.1,406.6,405.05,405.3,65951,0
20251223,200000,405.15,405.3,404.7,405.05,15845,0
20251223,210000,405.05,405.65,404.95,405.55,20071,0
20251223,220000,405.6,405.65,405.15,405.3,15541,0
20251223,230000,405.35,406.05,404.8,404.95,81437,0
20251224,070000,404.9,406.55,404.9,405.75,34054,0
20251224,080000,405.75,406.4,405.6,406.05,16127,0
20251224,090000,406,406.05,404.55,404.7,73916,0
20251224,100000,404.7,404.9,403.2,404.2,141034,0
20251224,110000,404.2,405.4,403.2,404.3,153202,0
20251224,120000,404.25,405.9,404.1,405.3,76991,0
20251224,130000,405.3,408.15,405.1,407.75,262888,0
20251224,140000,407.85,409.35,407.4,407.8,195770,0
20251224,150000,407.8,408.95,407.35,407.55,130671,0
20251224,160000,407.5,407.6,406.6,407.1,120573,0
20251224,170000,407.1,407.45,406.4,406.7,72437,0
20251224,180000,406.7,406.95,406,406.7,75617,0
20251224,190000,406.6,406.85,406.05,406.55,48548,0
20251224,200000,406.55,406.95,406.25,406.9,21041,0
20251224,210000,406.95,406.95,406.6,406.6,14751,0
20251224,220000,406.65,406.85,406.5,406.6,22938,0
20251224,230000,406.65,406.65,405.3,405.75,52614,0
20251225,070000,406,406.7,405.95,406.45,17737,0
20251225,080000,406.45,406.75,406.2,406.65,13595,0
20251225,090000,406.65,406.65,405.85,406.35,19930,0
20251225,100000,406.35,406.4,404,404.35,168838,0
20251225,110000,404.35,405.75,404.2,405.65,91979,0
20251225,120000,405.6,405.65,404.8,405.45,67430,0
20251225,130000,405.4,406,404.6,404.9,69639,0
20251225,140000,404.75,405.05,404,404.1,87523,0
20251225,150000,404.1,404.1,403.05,403.1,124399,0
20251225,160000,403.1,403.8,402.6,403.05,200814,0
20251225,170000,403.05,403.1,402.6,402.95,97148,0
20251225,180000,402.95,403.15,402.8,403.15,43830,0
20251225,190000,403.15,404,403.15,404,38668,0
20251225,200000,403.95,404,403.45,403.65,23681,0
20251225,210000,403.65,404.2,403.55,404.2,11919,0
20251225,220000,404.2,404.85,403.65,404,49445,0
20251225,230000,404,404,402.75,402.8,56092,0
20251226,070000,403.25,404.15,402.9,404.1,32930,0
20251226,080000,404.1,405.55,404,404.65,127110,0
20251226,090000,404.65,406.6,404.5,406.15,172153,0
20251226,100000,406.2,407.15,405.4,406.2,223083,0
20251226,110000,406.2,408.25,406.15,406.55,263189,0
20251226,120000,406.5,406.75,405.7,406,136460,0
20251226,130000,406,407.4,405.95,406.85,112560,0
20251226,140000,406.9,406.9,404.8,406.25,259400,0
20251226,150000,406.2,406.5,403.55,406.2,522936,0
20251226,160000,406.2,406.95,405.05,405.75,256314,0
20251226,170000,405.7,407.2,405.7,406.9,185788,0
20251226,180000,406.85,407.5,406.55,407,128384,0
20251226,190000,406.9,407.75,406.7,406.9,72525,0
20251226,200000,406.9,406.9,406.45,406.8,37262,0
20251226,210000,406.85,406.9,406.6,406.85,19251,0
20251226,220000,406.85,407.55,406.7,407.55,41701,0
20251226,230000,407.55,408.75,407.4,408.5,125904,0
20251227,090000,408.3,408.3,408.3,408.3,437,0
20251227,100000,408.3,409.25,408,408.45,82897,0
20251227,110000,408.45,409,408.35,408.8,40520,0
20251227,120000,408.8,409.4,408.55,408.75,40098,0
20251227,130000,408.75,409.6,408.55,409.55,102227,0
20251227,140000,409.55,409.6,409.1,409.5,31546,0
20251227,150000,409.5,409.55,409.05,409.5,35412,0
20251227,160000,409.5,409.6,409.4,409.5,35344,0
20251227,170000,409.5,410.1,408.5,409.25,112985,0
20251227,180000,409.35,409.95,409.05,409.6,61487,0
20251228,090000,410,410,410,410,434,0
20251228,100000,410,410.2,408.15,408.25,44006,0
20251228,110000,408.25,408.3,407.6,408.3,38316,0
20251228,120000,408.3,408.9,408.1,408.8,21923,0
20251228,130000,408.8,409,408.35,408.45,26446,0
20251228,140000,408.65,409,408.2,408.9,15297,0
20251228,150000,408.7,409.5,408.5,409.3,33103,0
20251228,160000,409.25,410.45,409.2,410.15,76480,0
20251228,170000,410.15,411.25,409.95,410.95,97211,0
20251228,180000,410.95,411.25,410.55,411,56403,0
20251229,070000,410.55,412.8,410.2,411.95,110186,0
20251229,080000,411.8,412.1,409.7,410.85,144837,0
20251229,090000,410.85,411.4,408.8,409.95,171595,0
20251229,100000,409.95,412.35,409.25,412,328706,0
20251229,110000,412,415.85,411.95,415.8,937326,0
20251229,120000,415.75,415.95,413.55,414.75,681627,0
20251229,130000,414.8,417,414.7,416.7,513736,0
20251229,140000,416.7,418,416.2,417.8,495182,0
20251229,150000,417.8,418.5,416,417,475657,0
20251229,160000,417,417.85,413.5,414.95,641258,0
20251229,170000,414.9,415.75,414,415.4,452961,0
20251229,180000,415.3,415.4,409,409.8,1212330,0
20251229,190000,409.25,410.8,406.5,410.4,523780,0
20251229,200000,410.45,410.75,409.3,409.45,97585,0
20251229,210000,409.45,410.75,408.5,410.6,208073,0
20251229,220000,410.65,410.7,409.9,410.3,54937,0
20251229,230000,410.3,410.3,408.65,408.65,48211,0
20251230,070000,408.8,412,408.8,411,99900,0
20251230,080000,411.2,412.45,411.2,412.1,45440,0
20251230,090000,411.95,412.05,409.6,410.1,120477,0
20251230,100000,410.1,410.4,408.2,408.7,343288,0
20251230,110000,408.7,409.5,407.15,408.9,271595,0
20251230,120000,408.95,409.5,407.6,408.55,388823,0
20251230,130000,408.65,409.05,408,408.15,454367,0
20251230,140000,408.2,408.85,408.05,408.15,115809,0
20251230,150000,408.15,409,408.05,408.95,105674,0
20251230,160000,408.95,409.75,408.6,409,250073,0
20251230,170000,409,411.35,408.85,409.75,299764,0
20251230,180000,409.8,410,408.05,408.65,184162,0
20251230,190000,408.5,409.45,408.3,409.25,88752,0
20251230,200000,409.35,409.45,408.7,408.9,86047,0
20251230,210000,408.9,409.15,408.5,408.9,79463,0
20251230,220000,408.9,409.3,408.75,408.75,85468,0
20251230,230000,408.8,409.45,408.65,409,79618,0
20260105,070000,408,408,405,405.5,377086,0
20260105,080000,405.4,405.45,402,404.5,588079,0
20260105,090000,404.55,405.15,400.5,401.4,506958,0
20260105,100000,401.4,403,400.25,402.55,524913,0
20260105,110000,402.55,402.55,401.8,402.4,177963,0
20260105,120000,402.45,403,402.15,402.6,113932,0
20260105,130000,402.6,402.7,402.1,402.1,117188,0
20260105,140000,402.15,402.8,401.6,401.8,201318,0
20260105,150000,401.8,402.3,401.4,402.2,92970,0
20260105,160000,402.25,403.4,402.15,403,120622,0
20260105,170000,402.95,403.7,402.9,403.4,118006,0
20260105,180000,403.45,404,403,403.8,144310,0
20260105,190000,403.75,404.45,403.3,403.4,114180,0
20260105,200000,403.4,403.45,402.85,403.3,38444,0
20260105,210000,403.25,403.5,403.15,403.3,22878,0
20260105,220000,403.25,403.45,403.05,403.3,30397,0
20260105,230000,403.25,403.35,402.3,402.6,62823,0
20260106,070000,403.25,404.4,402.65,404.2,21522,0
20260106,080000,404.15,404.2,403.5,404.2,17920,0
20260106,090000,404.1,405.8,403.8,404.7,64711,0
20260106,100000,404.7,404.7,403.4,404.1,147590,0
20260106,110000,404.1,404.8,403.65,404.25,60892,0
20260106,120000,404.2,404.4,403.85,404,52617,0
20260106,130000,404.05,404.05,403.55,404,55074,0
20260106,140000,404,404,403.1,403.35,107195,0
20260106,150000,403.3,403.55,403.05,403.4,35314,0
20260106,160000,403.4,403.5,403.05,403.05,37911,0
20260106,170000,403.05,403.8,402.5,403.05,137782,0
20260106,180000,403.05,403.8,403,403.4,43514,0
20260106,190000,403.55,403.85,403.15,403.3,24165,0
20260106,200000,403.3,403.55,403.25,403.45,23985,0
20260106,210000,403.45,403.5,402.6,402.95,61881,0
20260106,220000,402.95,403,402.55,402.85,25938,0
20260106,230000,402.9,403.25,402.8,403.15,54138,0
20260108,070000,399.4,400.85,398,398.3,341370,0
20260108,080000,398.4,399.65,398.3,399.25,123113,0
20260108,090000,399.25,399.75,398.65,399.65,118052,0
20260108,100000,399.65,401.4,399.35,400.75,230337,0
20260108,110000,400.7,400.85,400.2,400.7,77637,0
20260108,120000,400.7,401.5,400.6,401,109920,0
20260108,130000,401.05,401.15,400.1,400.2,54893,0
20260108,140000,400.25,401.15,400,400.35,87235,0
20260108,150000,400.35,400.45,399.25,400.05,109150,0
20260108,160000,400,400.4,399.6,400.1,35925,0
20260108,170000,400.1,400.95,400,400.8,82931,0
20260108,180000,400.8,401.2,400.55,401,49603,0
20260108,190000,401.05,401.15,400.8,401.1,29720,0
20260108,200000,401.1,401.1,400.1,400.5,71143,0
20260108,210000,400.45,401.3,400.25,401.3,37158,0
20260108,220000,401.3,401.5,400.6,401,40042,0
20260108,230000,401.1,401.3,400.35,400.45,23244,0
20260109,070000,400.4,404.25,400.2,403.2,121684,0
20260109,080000,403.25,403.95,402.85,403.7,18667,0
20260109,090000,403.7,403.75,402.15,402.9,66171,0
20260109,100000,402.9,404.9,402.5,404.4,276533,0
20260109,110000,404.4,407.4,404.2,405.5,364781,0
20260109,120000,405.5,405.8,404.6,404.75,84329,0
20260109,130000,404.75,405.05,404.3,404.75,40352,0
20260109,140000,404.7,405.75,404.65,405.6,48064,0
20260109,150000,405.65,405.65,404.7,404.9,79634,0
20260109,160000,404.9,405,404.6,404.75,96622,0
20260109,170000,404.8,404.85,403.8,404.1,124677,0
20260109,180000,404.15,404.65,403.8,404.6,84368,0
20260109,190000,404.5,404.55,403.25,404,117401,0
20260109,200000,403.95,404.6,403.7,404.3,38883,0
20260109,210000,404.25,404.3,403.75,404.1,66214,0
20260109,220000,404.05,404.65,403.8,404.5,74762,0
20260109,230000,404.45,404.55,403.7,404.05,164056,0
20260112,090000,394.3,394.3,394.3,394.3,20608,0
20260112,100000,394.3,399.3,394.25,396.9,1210655,0
20260112,110000,396.9,396.95,395,395.45,321981,0
20260112,120000,395.4,395.55,395.1,395.35,171445,0
20260112,130000,395.35,395.4,394.5,394.65,166850,0
20260112,140000,394.6,394.9,394.1,394.7,256603,0
20260112,150000,394.7,395.05,394.15,394.35,175717,0
20260112,160000,394.35,394.85,392.5,392.95,349321,0
20260112,170000,392.95,392.95,391.15,392.55,414917,0
20260112,180000,392.55,393.4,392.3,392.6,193005,0
20260112,190000,392.6,393.4,392.25,393.35,82848,0
20260112,200000,393.35,393.6,392.65,392.8,63958,0
20260112,210000,392.8,393,392.55,392.95,39229,0
20260112,220000,392.95,393.2,392.85,393.05,39602,0
20260112,230000,393.05,393.1,392.05,392.05,67663,0
20260113,070000,392,393,391.25,392.7,71028,0
20260113,080000,392.75,392.95,392.4,392.65,32138,0
20260113,090000,392.65,392.7,391.5,392.15,117392,0
20260113,100000,392,394.45,392,393.9,289140,0
20260113,110000,393.9,394.15,392,392.35,183783,0
20260113,120000,392.35,393.85,392.3,393.5,160547,0
20260113,130000,393.6,396.35,393.3,394.2,341437,0
20260113,140000,394.3,396.25,393.85,395.45,242209,0
20260113,150000,395.45,395.45,394.5,394.85,84900,0
20260113,160000,394.9,395.65,394.05,394.35,210270,0
20260113,170000,394.45,394.6,390.6,390.95,542902,0
20260113,180000,390.95,391.2,389.15,390.85,501703,0
20260113,190000,390.6,390.95,389.95,390.7,64537,0
20260113,200000,390.7,390.8,390.1,390.3,45859,0
20260113,210000,390.25,391.2,390.15,391.2,50402,0
20260113,220000,391.2,391.35,390.85,391,62923,0
20260113,230000,390.9,391.15,390.5,390.5,69632,0
20260114,070000,391.55,392.1,390.85,391.25,44076,0
20260114,080000,391.15,391.25,390.6,390.7,41669,0
20260114,090000,390.7,390.95,389.45,389.65,125819,0
20260114,100000,389.6,389.65,387.65,388.65,281772,0
20260114,110000,388.65,394,388.5,392.1,371332,0
20260114,120000,392.15,394.5,392,393.9,274037,0
20260114,130000,393.95,394.9,393.35,394,151226,0
20260114,140000,394,394.9,393.8,394.15,75122,0
20260114,150000,394.1,394.85,393.8,394.5,73094,0
20260114,160000,394.5,394.75,393,394.55,103310,0
20260114,170000,394.55,395.75,394.55,394.95,217336,0
20260114,180000,394.95,395.7,394.9,395,88037,0
20260114,190000,395.2,395.35,393.85,394.5,91240,0
20260114,200000,394.5,395.1,394.15,395.05,31184,0
20260114,210000,395,395.1,394.65,395.05,26585,0
20260114,220000,395.05,395.55,394.8,395.55,67060,0
20260114,230000,395.55,395.7,393.45,393.55,100480,0
20260115,070000,393.5,394.9,393.2,394.25,58212,0
20260115,080000,394.35,395.5,393.85,395.25,40910,0
20260115,090000,395.2,395.3,394.15,394.7,42947,0
20260115,100000,394.65,394.9,392.7,392.75,159819,0
20260115,110000,392.7,393.85,392,392.9,150272,0
20260115,120000,392.85,393.85,392.6,392.9,123814,0
20260115,130000,392.95,396.75,392.9,395.55,292100,0
20260115,140000,395.55,396.5,395.3,395.55,196178,0
20260115,150000,395.65,395.85,394.4,394.5,130444,0
20260115,160000,394.5,395.65,393.75,394.5,191154,0
20260115,170000,394.5,395.4,392.8,393.3,206979,0
20260115,180000,393.3,394.75,392.8,394.3,103677,0
20260115,190000,394.35,395,393.6,394.4,53357,0
20260115,200000,394.4,395,394.35,394.7,53812,0
20260115,210000,394.7,394.85,394.45,394.45,33879,0
20260115,220000,394.45,395.65,394.4,394.8,72093,0
20260115,230000,394.8,394.8,394.4,394.4,41306,0
20260116,070000,395.25,395.5,394.45,395,15809,0
20260116,080000,395.05,395.25,394.9,394.9,20212,0
20260116,090000,394.9,395.75,394.6,394.95,87000,0
20260116,100000,395,395.75,394.1,395.75,220559,0
20260116,110000,395.75,396.65,395.75,396.15,217464,0
20260116,120000,396.1,396.7,396,396.7,90313,0
20260116,130000,396.7,397.5,393.75,394,570905,0
20260116,140000,394,394.8,393.8,394.35,193930,0
20260116,150000,394.45,394.5,393.95,393.95,189567,0
20260116,160000,394.05,396.9,393.95,395.9,248230,0
20260116,170000,395.85,396.55,395.3,395.4,196580,0
20260116,180000,395.4,395.95,395.2,395.2,107571,0
20260116,190000,395.35,395.8,395.35,395.45,41962,0
20260116,200000,395.45,395.55,395.25,395.4,20444,0
20260116,210000,395.4,396.15,395.4,396,47256,0
20260116,220000,395.9,396,395.15,395.25,116470,0
20260116,230000,395.3,395.6,394.15,395.45,74522,0
20260117,090000,395.8,395.8,395.8,395.8,355,0
20260117,100000,395.85,396,395.4,395.65,39175,0
20260117,110000,395.65,395.95,395.5,395.95,11616,0
20260117,120000,395.95,396.35,395.9,396.35,23789,0
20260117,130000,396.25,396.45,395.9,396.3,38833,0
20260117,140000,396.15,396.35,396.05,396.2,11925,0
20260117,150000,396.3,396.3,395.9,396.05,21649,0
20260117,160000,396.05,396.25,395.9,396.15,6344,0
20260117,170000,396.15,396.25,396,396.15,6051,0
20260117,180000,396.15,396.2,395.5,396.05,77825,0
20260118,090000,396.1,396.1,396.1,396.1,109,0
20260118,100000,396.1,396.35,395.5,396,16407,0
20260118,110000,396,396.2,395.8,395.8,7487,0
20260118,120000,395.8,396,395.7,395.75,8360,0
20260118,130000,395.8,396.05,395.75,396.05,5871,0
20260118,140000,396.05,396.1,395.7,395.9,8144,0
20260118,150000,395.75,396.05,395.55,395.95,6504,0
20260118,160000,395.9,395.95,395.6,395.85,9442,0
20260118,170000,395.9,395.95,395.75,395.95,27412,0
20260118,180000,395.85,395.95,395.65,395.9,14769,0
20260119,070000,395.95,396.65,395.6,396.2,29931,0
20260119,080000,396.2,396.6,396,396.3,18840,0
20260119,090000,396.3,396.4,394.65,395.1,100191,0
20260119,100000,395.05,395.45,394,395.25,216769,0
20260119,110000,395.3,397.25,395.25,396.1,166329,0
20260119,120000,396.15,397.05,395.75,396.8,177849,0
20260119,130000,396.7,396.8,395.6,396.25,74871,0
20260119,140000,396.25,396.6,393.6,393.8,288328,0
20260119,150000,393.8,393.85,391.55,393.3,295755,0
20260119,160000,393.35,394,392.5,393.8,146989,0
20260119,170000,393.95,395.15,393.65,395.05,128871,0
20260119,180000,395.05,395.3,394.65,394.8,95752,0
20260119,190000,394.9,395,394.2,394.4,75662,0
20260119,200000,394.4,394.4,393.65,393.8,33448,0
20260119,210000,393.8,394.3,393.75,394.1,22020,0
20260119,220000,394.1,394.1,393.4,393.4,68786,0
20260119,230000,393.45,393.45,392,392.1,127759,0
20260120,070000,392.4,393.15,392.2,392.9,47457,0
20260120,080000,392.9,393.45,392.85,393.4,60385,0
20260120,090000,393.35,393.35,392.3,392.8,86483,0
20260120,100000,392.7,392.9,391.1,391.8,219468,0
20260120,110000,391.8,392.4,390.35,391.95,271414,0
20260120,120000,391.95,392.6,391.1,392.05,179803,0
20260120,130000,392.2,392.35,391.7,392.15,77347,0
20260120,140000,392.15,392.45,391.5,392.15,46878,0
20260120,150000,392.15,392.15,390.7,391,170759,0
20260120,160000,390.95,392.1,390.85,391.6,172888,0
20260120,170000,391.55,392.5,390.65,391.8,220054,0
20260120,180000,391.8,392.05,391.4,391.9,38477,0
20260120,190000,391.95,392.1,391.25,391.45,78413,0
20260120,200000,391.45,391.75,391.35,391.55,20357,0
20260120,210000,391.6,392.45,391.5,391.75,111960,0
20260120,220000,391.8,392.25,391.65,392,66840,0
20260120,230000,391.85,392.1,391.65,391.8,67996,0
20260121,070000,391.9,392.45,391.85,392.2,25419,0
20260121,080000,392.15,392.2,391.4,391.55,27467,0
20260121,090000,391.5,392.25,391.15,392.2,57424,0
20260121,100000,392.2,392.2,390.7,391.2,150831,0
20260121,110000,391.2,392.25,390.3,392.1,195285,0
20260121,120000,392.05,394.45,391.8,393.6,266651,0
20260121,130000,393.65,396.85,393.65,395.7,508049,0
20260121,140000,395.7,396.6,395.3,395.45,239902,0
20260121,150000,395.45,396.1,395.3,395.55,139992,0
20260121,160000,395.55,395.7,394.5,394.6,125220,0
20260121,170000,394.7,396,394.5,395.45,155681,0
20260121,180000,395.4,395.85,395,395,92993,0
20260121,190000,395.45,395.7,394.75,394.85,83086,0
20260121,200000,394.85,395.2,394.75,395.2,28433,0
20260121,210000,395.2,395.45,395.15,395.4,17057,0
20260121,220000,395.4,396.4,395.3,396.4,180428,0
20260121,230000,396.35,396.5,395.5,395.55,97366,0
20260122,070000,396.9,397.45,395.85,396.55,110478,0
20260122,080000,396.55,396.75,396.05,396.55,41416,0
20260122,090000,396.55,397.4,395.55,396.8,191280,0
20260122,100000,396.75,401.4,396.7,400.1,717237,0
20260122,110000,400.05,401.65,399.3,399.75,242372,0
20260122,120000,399.65,399.8,398.65,399.2,227773,0
20260122,130000,399.25,400.7,399,400,293139,0
20260122,140000,400,401.4,399.05,399.25,259666,0
20260122,150000,399.15,399.6,398.5,399.55,357115,0
20260122,160000,399.55,400.1,397.2,398.25,444352,0
20260122,170000,398.2,399.35,394.7,397.5,781341,0
20260122,180000,397.5,397.9,396.45,397.9,140129,0
20260122,190000,397.5,398.9,397.15,398.1,77127,0
20260122,200000,398.1,398.4,397.45,398,43897,0
20260122,210000,398,399.5,397.9,399.3,88654,0
20260122,220000,399.3,399.5,396.45,397.45,298078,0
20260122,230000,397.45,397.5,396.55,397,87339,0
20260123,070000,396.85,399.15,396.85,398.25,118808,0
20260123,080000,398.3,398.9,398.2,398.8,47062,0
20260123,090000,398.6,398.7,396.6,397.5,108719,0
20260123,100000,397.4,399.6,396.6,399.2,372749,0
20260123,110000,399.2,400.45,398.75,399.85,327894,0
20260123,120000,399.8,399.9,398.2,398.7,112298,0
20260123,130000,398.65,399.1,398.1,398.25,122312,0
20260123,140000,398.25,398.5,397.6,397.95,125170,0
20260123,150000,397.9,399,397.5,398.75,121965,0
20260123,160000,398.7,398.85,395.9,396.9,336454,0
20260123,170000,396.95,398,396.55,397.55,312579,0
20260123,180000,397.55,397.95,397,397.3,89245,0
20260123,190000,397.3,397.85,397.2,397.65,54827,0
20260123,200000,397.7,399.4,397.25,399.05,217811,0
20260123,210000,399.1,399.95,398.9,399.55,189653,0
20260123,220000,399.55,400,399.05,399.75,103388,0
20260123,230000,399.8,399.8,399.2,399.45,39886,0
20260124,090000,399.45,399.45,399.45,399.45,250,0
20260124,100000,399.45,400.45,399.4,399.9,60913,0
20260124,110000,399.8,400.85,399.8,400.65,34116,0
20260124,120000,400.65,400.65,398.15,398.4,117757,0
20260124,130000,398.45,398.55,398,398.4,97046,0
20260124,140000,398.25,398.6,397.95,398.15,30196,0
20260124,150000,398.15,399.15,397.1,398.85,100629,0
20260124,160000,398.85,399.3,398.7,399,29518,0
20260124,170000,399,399.85,398.7,399.7,30472,0
20260124,180000,399.7,399.8,399,399.4,36232,0
20260125,090000,399.75,399.75,399.75,399.75,320,0
20260125,100000,399.75,400.35,399.35,399.85,32283,0
20260125,110000,399.85,400,399.85,400,45825,0
20260125,120000,400,401,399.85,400.6,106433,0
20260125,130000,400.65,400.8,400.35,400.55,31849,0
20260125,140000,400.55,401,400.2,400.75,33432,0
20260125,150000,400.8,400.9,400.65,400.85,18447,0
20260125,160000,400.85,401.15,400.65,400.9,38804,0
20260125,170000,400.9,400.95,400.65,400.9,13055,0
20260125,180000,400.8,401,400.6,400.9,20987,0
20260126,070000,401.2,401.5,400.15,400.3,126109,0
20260126,080000,400.25,400.65,399.65,399.85,126948,0
20260126,090000,399.85,399.85,397.75,398.6,305164,0
20260126,100000,398.55,399.6,398,398.55,199484,0
20260126,110000,398.4,399.2,398.2,398.25,121707,0
20260126,120000,398.25,398.6,396.75,397.25,213805,0
20260126,130000,397.3,398.9,397.05,398.7,131804,0
20260126,140000,398.7,398.8,397.15,397.6,137959,0
20260126,150000,397.55,398.55,397.3,398.1,211411,0
20260126,160000,398.05,399.8,397.85,398.5,235446,0
20260126,170000,398.45,398.95,398,398.75,106774,0
20260126,180000,398.85,399.1,397.7,399.1,85449,0
20260126,190000,398.5,398.9,398.1,398.6,74371,0
20260126,200000,398.6,399.8,398.55,398.65,81449,0
20260126,210000,398.65,398.9,398.1,398.25,47789,0
20260126,220000,398.25,398.55,397.9,397.95,70482,0
20260126,230000,397.95,398.25,397.7,397.95,36029,0
20260127,070000,398.5,398.95,397.9,398.25,18014,0
20260127,080000,398.25,398.45,398.15,398.25,10203,0
20260127,090000,398.25,398.25,397.5,398,41024,0
20260127,100000,398,398.3,397.05,397.3,142579,0
20260127,110000,397.3,397.9,396.5,397.5,259864,0
20260127,120000,397.5,397.75,397.3,397.6,84218,0
20260127,130000,397.65,399.4,397.45,398.65,208604,0
20260127,140000,398.55,400.75,398.1,400.6,269510,0
20260127,150000,400.6,400.9,399.75,400.15,181551,0
20260127,160000,400.15,401.2,400,400.9,255679,0
20260127,170000,400.9,404.95,400.9,403.9,615361,0
20260127,180000,403.95,405.8,403.9,405.2,413070,0
20260127,190000,405.2,405.3,405,405.05,108482,0
20260127,200000,405.05,405.35,405,405.3,161589,0
20260127,210000,405.35,406.9,405.3,406.75,248428,0
20260127,220000,406.75,406.95,406.4,406.85,62844,0
20260127,230000,406.8,406.85,406,406.35,85393,0
20260128,070000,407.15,408.65,407.1,408.25,114195,0
20260128,080000,408.2,408.75,407.5,407.55,145932,0
20260128,090000,407.55,408.4,406.3,408.1,156012,0
20260128,100000,408.05,408.05,406,406.05,245036,0
20260128,110000,406.05,408.7,406,408.35,559927,0
20260128,120000,408.35,408.35,406.25,406.35,580360,0
20260128,130000,406.35,407.35,406,406.45,649298,0
20260128,140000,406.45,406.85,406.1,406.5,287417,0
20260128,150000,406.5,406.6,405.25,405.8,264463,0
20260128,160000,405.8,405.85,404.5,405.45,178444,0
20260128,170000,405.5,408.6,405.1,408.3,288037,0
20260128,180000,408.35,409.9,408.3,408.95,507235,0
20260128,190000,408.95,409.15,405.55,405.95,206589,0
20260128,200000,405.95,406.8,405.9,406.4,40036,0
20260128,210000,406.4,406.55,405.1,405.65,91284,0
20260128,220000,405.65,405.8,405.1,405.65,63249,0
20260128,230000,405.65,405.7,404,404.75,164983,0
20260129,070000,405.05,406.5,405,406.45,53863,0
20260129,080000,406.45,407.2,406,407,43808,0
20260129,090000,407,408.9,406,408,251264,0
20260129,100000,408.05,412.2,408,411.6,832878,0
20260129,110000,411.6,412.9,410.05,410.75,298621,0
20260129,120000,410.8,412.35,410,411.15,244088,0
20260129,130000,411.3,414.95,411,413.85,562436,0
20260129,140000,413.9,414.55,413.25,413.6,231486,0
20260129,150000,413.6,413.6,411.25,412,507720,0
20260129,160000,411.95,413.3,411,413.25,326680,0
20260129,170000,413.2,414.25,411.75,411.95,511065,0
20260129,180000,411.95,412.9,405.5,407.4,1005126,0
20260129,190000,407.5,409.6,406.95,409.4,317811,0
20260129,200000,409.4,411.95,407.8,408.85,310832,0
20260129,210000,408.85,410.3,407.85,409.85,101975,0
20260129,220000,409.8,413.25,409.55,413,276573,0
20260129,230000,412.95,414.15,411.65,412.6,268795,0
20260130,070000,412.4,413,408.85,408.95,161416,0
20260130,080000,408.85,410,408.85,409.45,43368,0
20260130,090000,409.45,411.35,408.8,410.95,103400,0
20260130,100000,411,411.1,407.35,409.1,302659,0
20260130,110000,409.05,409.15,406,406.1,444146,0
20260130,120000,406.15,407.75,405.55,405.9,262693,0
20260130,130000,405.9,408.3,405.7,407.4,208275,0
20260130,140000,407.35,407.8,406.65,407.25,78663,0
20260130,150000,407.25,408.15,406,406.2,81193,0
20260130,160000,406.15,407,406,406.6,92778,0
20260130,170000,406.5,408.75,405.75,408.25,202645,0
20260130,180000,408.25,408.25,406,406.95,86658,0
20260130,190000,407.05,407.25,406.35,406.5,32127,0
20260130,200000,406.5,407.2,405.9,405.95,63906,0
20260130,210000,405.95,407.55,405.1,405.5,110565,0
20260130,220000,405.45,407.1,405.1,407.1,126132,0
20260130,230000,407.1,408,406.45,407.75,91840,0
20260131,090000,407.6,407.6,407.6,407.6,555,0
20260131,100000,407.75,408.45,407.45,408,55926,0
20260131,110000,408,408.45,408,408.35,18793,0
20260131,120000,408.35,408.4,408.05,408.05,6614,0
20260131,130000,408.15,408.2,407.75,407.9,7931,0
20260131,140000,407.9,407.95,407.45,407.75,16385,0
20260131,150000,407.75,408.35,407.75,408.35,12466,0
20260131,160000,408.35,408.35,408.1,408.3,12276,0
20260131,170000,408.3,408.35,408.1,408.35,12907,0
20260131,180000,408.35,408.9,408.25,408.6,43397,0
20260201,090000,408.35,408.35,408.35,408.35,844,0
20260201,100000,408.35,408.9,408.1,408.9,18759,0
20260201,110000,408.9,408.9,407.7,408.35,41558,0
20260201,120000,408.35,408.5,407.6,407.6,14086,0
20260201,130000,407.7,409.3,407.6,409.2,99368,0
20260201,140000,409.2,410,408.6,408.75,62427,0
20260201,150000,408.65,409.35,408.3,408.55,34542,0
20260201,160000,408.45,409.1,408.15,408.9,14774,0
20260201,170000,408.9,409.25,408.5,409.15,20144,0
20260201,180000,409,409.35,408.5,408.8,47546,0
20260202,070000,406.9,407.5,405.8,405.85,130050,0
20260202,080000,405.8,406.55,404.05,404.95,117021,0
20260202,090000,404.95,405,401.6,403.35,419954,0
20260202,100000,403.3,403.9,401.55,403.4,302746,0
20260202,110000,403.4,403.4,402.25,402.25,196904,0
20260202,120000,402.25,405,402.1,404.95,180233,0
20260202,130000,404.95,405.2,403.5,404.2,134205,0
20260202,140000,404.05,404.4,403.1,403.1,140382,0
20260202,150000,403.15,403.6,402.2,402.6,217452,0
20260202,160000,402.6,402.85,401.75,401.9,244445,0
20260202,170000,401.95,402.05,398.5,399.15,1008659,0
20260202,180000,399,399.35,398.65,398.95,229639,0
20260202,190000,399,401.6,398.9,401.05,259576,0
20260202,200000,401.1,401.65,400.45,400.45,138506,0
20260202,210000,400.45,401.1,400.35,400.9,29903,0
20260202,220000,400.9,401.5,400.55,401.5,88384,0
20260202,230000,401.45,401.5,400.65,401.35,49005,0
20260203,070000,402,402.3,400.8,401.4,128899,0
20260203,080000,401.4,401.4,400,400.85,109777,0
20260203,090000,400.8,401.5,400.05,401.35,73103,0
20260203,100000,401.3,401.6,399.4,400.7,227504,0
20260203,110000,400.7,400.8,399.65,400.1,122261,0
20260203,120000,400.1,401.55,399.2,401.4,122218,0
20260203,130000,401.3,401.75,401,401.3,123982,0
20260203,140000,401.25,401.75,400,401.2,182095,0
20260203,150000,401.2,403.05,401.05,402.25,175142,0
20260203,160000,402.25,403.05,402,403.05,171015,0
20260203,170000,403.05,403.55,402.8,402.95,137602,0
20260203,180000,402.95,403.15,398.8,399.75,617128,0
20260203,190000,399.6,400.7,399.5,400.25,107681,0
20260203,200000,400.25,400.7,399.5,400,80065,0
20260203,210000,400,400.8,399.65,400.75,104884,0
20260203,220000,400.75,400.9,400.2,400.5,74556,0
20260203,230000,400.45,400.65,400,400.55,40951,0
20260204,070000,400.6,401.7,400.1,401.2,41498,0
20260204,080000,401.15,402.25,401.15,401.95,63346,0
20260204,090000,401.9,402.85,400.35,402.8,100085,0
20260204,100000,402.8,403.35,401.55,403.1,192297,0
20260204,110000,403.1,404.3,402.6,402.75,212721,0
20260204,120000,402.75,403.7,401.5,403.3,244148,0
20260204,130000,403.25,403.8,402.4,403.3,113950,0
20260204,140000,403.25,403.3,400.3,401.3,197188,0
20260204,150000,401.3,402.15,400.9,401,175195,0
20260204,160000,400.95,400.95,399.15,399.8,289690,0
20260204,170000,399.75,400.6,399,399.9,220403,0
20260204,180000,399.9,400.3,399.1,400.3,114042,0
20260204,190000,400.25,400.35,398.35,398.95,221169,0
20260204,200000,399,400.3,398.35,400.05,256501,0
20260204,210000,400.05,401.15,399.35,400.1,226963,0
20260204,220000,400.05,401,399.95,400.1,133746,0
20260204,230000,400.1,400.75,399.75,400.65,77405,0
20260205,070000,399.95,400.65,398.95,400.2,81310,0
20260205,080000,400.2,400.4,399.05,399.5,56507,0
20260205,090000,399.5,400.55,398.85,399.5,115697,0
20260205,100000,399.45,401.5,399,401.05,212689,0
20260205,110000,401,401.75,399.7,401.5,158933,0
20260205,120000,401.5,401.6,399.4,399.7,116040,0
20260205,130000,399.7,399.7,397,397.8,432982,0
20260205,140000,397.8,398,395.3,396.05,299938,0
20260205,150000,396.1,396.35,394.4,395.15,430037,0
20260205,160000,395.25,397.45,394.45,397.05,383141,0
20260205,170000,397,397.7,396,397.45,350941,0
20260205,180000,397.45,397.5,395.95,396.7,95437,0
20260205,190000,396,396.75,395.55,396.55,89768,0
20260205,200000,396.55,397.2,396.35,397.05,34935,0
20260205,210000,397.1,397.9,397,397,72005,0
20260205,220000,397.05,397.6,396.9,396.95,26352,0
20260205,230000,397,397.45,396.1,396.35,47343,0
20260206,070000,397.4,398.65,396.8,398.05,49283,0
20260206,080000,398.25,398.7,398.05,398.65,28427,0
20260206,090000,398.65,398.65,397.7,398.15,42599,0
20260206,100000,398.1,398.5,396.1,396.8,157976,0
20260206,110000,396.8,398.2,396.45,397.35,81901,0
20260206,120000,397.35,397.5,395,395.05,218027,0
20260206,130000,395.1,396.8,395.05,396.1,269420,0
20260206,140000,396.05,397.6,396.05,397.1,193828,0
20260206,150000,397.15,397.7,395,395.1,347959,0
20260206,160000,395.15,397,395.15,396,152566,0
20260206,170000,396.05,396.05,394.55,395.15,158215,0
20260206,180000,395.1,395.65,394.9,395.1,60600,0
20260206,190000,395.2,395.7,395.1,395.4,24269,0
20260206,200000,395.4,395.7,394.05,394.5,70768,0
20260206,210000,394.5,394.95,394.4,394.9,20073,0
20260206,220000,394.9,395.65,394.9,395.25,30737,0
20260206,230000,395.2,395.3,394.4,394.8,39932,0
20260207,090000,395.1,395.1,395.1,395.1,208,0
20260207,100000,395.1,395.9,395.05,395.7,21373,0
20260207,110000,395.7,395.85,395.05,395.7,17353,0
20260207,120000,395.6,395.95,395.35,395.8,13542,0
20260207,130000,395.8,396.05,395.65,395.95,22752,0
20260207,140000,395.95,396,395.55,395.9,10921,0
20260207,150000,395.95,396.05,395.5,395.8,14231,0
20260207,160000,395.8,396.05,395.65,395.95,9397,0
20260207,170000,395.95,396,395.5,395.75,6027,0
20260207,180000,395.75,396.05,395.35,395.35,18521,0
20260208,090000,395.6,395.6,395.6,395.6,361,0
20260208,100000,395.6,396.4,395.45,396.05,21771,0
20260208,110000,396.1,396.1,395.5,396.1,23442,0
20260208,120000,396.1,396.1,395.6,395.95,8044,0
20260208,130000,395.95,396.05,395.8,395.85,8181,0
20260208,140000,396,396,394.65,394.85,54844,0
20260208,150000,394.85,395.25,394.65,395.25,11850,0
20260208,160000,395.25,395.3,394.8,394.8,8590,0
20260208,170000,394.95,395.45,394.8,395.1,7325,0
20260208,180000,395.25,395.4,394.8,395.3,12320,0
20260209,070000,395.3,395.6,393,393.3,75416,0
20260209,080000,393.3,393.85,393,393.55,36379,0
20260209,090000,393.55,393.65,392.5,393.2,62757,0
20260209,100000,393.2,393.5,391,391.45,316193,0
20260209,110000,391.45,393,391.3,391.65,192048,0
20260209,120000,391.6,392.35,391.3,391.45,121205,0
20260209,130000,391.45,392.9,391.25,391.45,149112,0
20260209,140000,391.5,392,391.05,391.05,225933,0
20260209,150000,391.1,391.4,390,391.05,305840,0
20260209,160000,391.1,391.75,390.95,390.95,133406,0
20260209,170000,391,392,390.6,391.85,181269,0
20260209,180000,391.8,391.85,390.7,391.05,107357,0
20260209,190000,391.05,391.95,391.05,391.5,97280,0
20260209,200000,391.5,392.15,391.1,391.4,66330,0
20260209,210000,391.4,391.8,391.2,391.4,22742,0
20260209,220000,391.4,391.5,391.25,391.4,12970,0
20260209,230000,391.4,391.6,391.25,391.55,20359,0
20260210,070000,392.1,393.15,391.6,393,97854,0
20260210,080000,393,393.15,391.85,392.4,59921,0
20260210,090000,392.4,392.8,391.6,392.55,55749,0
20260210,100000,392.75,395.5,392.2,394.6,425254,0
20260210,110000,394.6,394.65,393.3,393.55,188951,0
20260210,120000,393.5,393.8,391.8,392.6,207318,0
20260210,130000,392.6,392.6,391.8,391.95,139494,0
20260210,140000,391.95,392.9,391,391.7,151989,0
20260210,150000,391.8,392.2,389,389.45,367115,0
20260210,160000,389.55,390.5,388.55,390.45,209453,0
20260210,170000,390.45,390.5,389.05,389.3,124446,0
20260210,180000,389.3,389.75,388.85,389.25,88143,0
20260210,190000,389.35,389.6,389.1,389.25,49629,0
20260210,200000,389.25,389.3,388,388.6,130989,0
20260210,210000,388.6,389,388.2,389,54399,0
20260210,220000,388.95,389.5,388.85,389.35,55538,0
20260210,230000,389.4,390,389.25,389.55,62476,0
20260211,070000,390.05,391.15,389.95,390.45,70864,0
20260211,080000,390.45,391.75,390.3,391.45,66415,0
20260211,090000,391.4,391.5,389.9,390.65,78274,0
20260211,100000,390.55,390.75,388.75,389.15,320830,0
20260211,110000,389.25,389.4,388.4,388.85,125609,0
20260211,120000,388.85,390.75,386.4,390.45,622604,0
20260211,130000,390.45,390.95,389.25,390,410468,0
20260211,140000,389.95,390.6,389.1,390,281528,0
20260211,150000,390,396.85,390,394.75,1211581,0
20260211,160000,394.75,395.95,394.45,395.8,302051,0
20260211,170000,395.85,395.95,394.05,395.95,329533,0
20260211,180000,395.95,395.95,394.1,394.45,125689,0
20260211,190000,394.5,394.95,393.65,394.15,171513,0
20260211,200000,394.25,394.35,392.9,393.05,129369,0
20260211,210000,393.1,393.4,391.8,392.3,184157,0
20260211,220000,392.2,392.6,391.8,392.45,58214,0
20260211,230000,392.45,392.45,391.15,391.25,161734,0
20260212,070000,392.45,392.55,391.6,392.1,40941,0
20260212,080000,392.1,393.55,391.95,392.75,86986,0
20260212,090000,392.7,393,392.05,392.95,42685,0
20260212,100000,393,393,390.45,390.85,228684,0
20260212,110000,390.85,392.9,390.7,391.55,213540,0
20260212,120000,391.55,394.2,391.25,394.05,199170,0
20260212,130000,394.05,394.9,392.05,392.6,394735,0
20260212,140000,392.6,394.05,392.55,393,129662,0
20260212,150000,393,393.8,392.7,392.9,111955,0
20260212,160000,392.9,392.95,391.05,391.65,182813,0
20260212,170000,391.65,393,391.6,393,143890,0
20260212,180000,393,393.95,392.6,393,143097,0
20260212,190000,393,393.05,391.35,391.75,63734,0
20260212,200000,391.75,392.2,391.35,391.65,43938,0
20260212,210000,391.7,392.05,391.4,391.85,32622,0
20260212,220000,391.9,393.3,391.4,391.65,85736,0
20260212,230000,391.65,391.8,391.15,391.8,62252,0
20260213,070000,391.85,392.6,391.6,391.7,70214,0
20260213,080000,391.7,391.7,391.15,391.35,22490,0
20260213,090000,391.35,391.55,390.1,390.85,103206,0
20260213,100000,390.85,392.25,390.35,392.25,165310,0
20260213,110000,392.25,392.95,389.3,389.95,294149,0
20260213,120000,389.95,391.2,389,390.6,290972,0
20260213,130000,390.65,393.5,389.55,391.95,979984,0
20260213,140000,391.95,393.3,391.05,391.65,608021,0
20260213,150000,391.65,393.2,391.1,392.9,297779,0
20260213,160000,392.75,393,389.2,389.8,902292,0
20260213,170000,389.9,390.4,388.45,389.2,751743,0
20260213,180000,389.3,389.4,386.7,388.9,705352,0
20260213,190000,388.85,389.55,388.5,389.35,169912,0
20260213,200000,389.3,390.7,388.9,390.3,279431,0
20260213,210000,390.35,390.9,390.25,390.85,153124,0
20260213,220000,390.85,390.85,390.15,390.6,102856,0
20260213,230000,390.55,391.4,390.05,390.3,184401,0
20260216,070000,391,391.65,390.3,391.25,193912,0
20260216,080000,391.3,391.4,390.8,390.9,98253,0
20260216,090000,390.85,391.35,390.1,391.1,139093,0
20260216,100000,391.05,392,390.4,390.85,210204,0
20260216,110000,390.75,391.95,390.2,390.6,331594,0
20260216,120000,390.6,390.9,390.25,390.45,127740,0
20260216,130000,390.35,390.65,389,389.7,297226,0
20260216,140000,389.65,389.95,388.1,389.25,218087,0
20260216,150000,389.15,389.75,388.8,389.4,133556,0
20260216,160000,389.35,390.45,389.2,389.9,127916,0
20260216,170000,389.95,390.1,388.8,388.95,120443,0
20260216,180000,388.9,389.2,388.8,388.95,80618,0
20260216,190000,388.95,389.65,388.45,388.65,83112,0
20260216,200000,388.65,389.15,388.45,389.1,43977,0
20260216,210000,389.15,389.45,388.8,389.45,28737,0
20260216,220000,389.3,389.45,388.5,388.6,45024,0
20260216,230000,388.6,389.1,388.4,388.5,64309,0
20260217,070000,389.5,389.75,388.2,389.1,45761,0
20260217,080000,389.05,389.45,389,389.1,20436,0
20260217,090000,389.15,389.75,388.6,389.4,50067,0
20260217,100000,389.45,390,389.15,389.25,106767,0
20260217,110000,389.25,390.15,389.15,390.15,108309,0
20260217,120000,390.15,391.2,390,390.7,173798,0
20260217,130000,390.65,391,390.15,390.65,94783,0
20260217,140000,390.7,390.75,390,390.35,77935,0
20260217,150000,390.4,391.15,390,390.6,151282,0
20260217,160000,390.6,391.1,389.8,390.3,224557,0
20260217,170000,390.3,390.85,390.2,390.7,126612,0
20260217,180000,390.65,390.95,389.8,390.3,97799,0
20260217,190000,390.2,390.5,389.8,390,32902,0
20260217,200000,390.05,391.15,389.95,390.15,144971,0
20260217,210000,390.15,390.45,389.3,390.1,53942,0
20260217,220000,390.1,390.2,389.75,390.2,12075,0
20260217,230000,390.2,390.3,389.75,389.8,29641,0
20260218,070000,389.7,390.55,389.05,390.35,43550,0
20260218,080000,390.3,390.3,389.55,389.75,29510,0
20260218,090000,389.9,390.15,389.2,389.55,31106,0
20260218,100000,389.4,390.5,389.2,390.1,76428,0
20260218,110000,390.15,390.5,388.1,388.95,326216,0
20260218,120000,388.9,389.05,385.05,386.3,821815,0
20260218,130000,386.25,387.2,386,386.75,248868,0
20260218,140000,386.8,387.25,386.1,386.75,211155,0
20260218,150000,386.7,388.35,386.6,387.75,315383,0
20260218,160000,387.85,388.6,387.7,388.2,188024,0
20260218,170000,388.2,388.5,387.25,387.95,129407,0
20260218,180000,387.95,389.15,387.9,388.2,185760,0
20260218,190000,388.35,389.2,388.05,388.8,100676,0
20260218,200000,388.9,390.9,388.75,390.3,319987,0
20260218,210000,390.3,392.25,390.2,391.75,479458,0
20260218,220000,391.75,392.1,389.5,390.85,206275,0
20260218,230000,390.8,391.85,390.65,391.65,119006,0
20260219,070000,392.15,392.95,391.8,392.3,158510,0
20260219,080000,392.3,392.75,391.5,391.8,92824,0
20260219,090000,391.8,391.95,390.75,391.3,94097,0
20260219,100000,391.3,397.5,391.2,395.35,1335110,0
20260219,110000,395.3,397.35,395.1,396.3,591122,0
20260219,120000,396.3,397.35,394.65,395.15,472944,0
20260219,130000,395,396.45,394.65,396.1,239145,0
20260219,140000,396.15,396.6,394.9,395.15,218662,0
20260219,150000,395.15,395.7,394.05,394.6,231884,0
20260219,160000,394.7,395.3,394.3,394.95,202583,0
20260219,170000,394.9,396.1,394.3,395.85,173654,0
20260219,180000,395.85,395.85,393.35,394,258229,0
20260219,190000,393.95,395.05,393.2,395.05,160118,0
20260219,200000,395.05,396,394.6,394.6,147753,0
20260219,210000,394.55,394.7,394.2,394.35,33676,0
20260219,220000,394.35,394.75,394.3,394.65,38201,0
20260219,230000,394.55,395,394.2,394.35,53847,0
20260220,070000,394.85,396.15,394.55,395.6,58854,0
20260220,080000,395.6,396.35,395.25,396.1,61968,0
20260220,090000,396.1,396.95,395.05,395.75,189574,0
20260220,100000,395.75,396.35,394.6,394.95,170437,0
20260220,110000,394.85,395.45,394.3,395.2,122386,0
20260220,120000,395.25,396.1,393.8,395.25,394898,0
20260220,130000,395.15,395.25,392.8,394.7,507370,0
20260220,140000,394.6,395.9,393.9,395.3,328513,0
20260220,150000,395.25,399.5,395.25,397.9,897047,0
20260220,160000,397.85,398.3,396.35,396.35,325425,0
20260220,170000,396.35,396.95,396.1,396.25,134357,0
20260220,180000,396.3,397,394.9,395.4,163246,0
20260220,190000,395.55,396,395.4,395.95,62777,0
20260220,200000,395.85,396,395.65,395.95,42537,0
20260220,210000,395.95,396.3,395.65,396.2,66231,0
20260220,220000,396.25,396.3,395.75,396.25,46839,0
20260220,230000,396.25,396.25,395.65,395.65,75584,0
20260221,090000,395.65,395.65,395.65,395.65,181,0
20260221,100000,395.6,396.45,394.8,396.4,32378,0
20260221,110000,396.35,396.45,396.05,396.4,9691,0
20260221,120000,396.4,396.4,396.1,396.3,3719,0
20260221,130000,396.3,396.35,396,396.35,6787,0
20260221,140000,396.35,396.4,396,396.4,11368,0
20260221,150000,396.35,396.5,396,396.35,15630,0
20260221,160000,396.4,396.8,396.4,396.8,15781,0
20260221,170000,396.7,397.4,396.7,397.25,40406,0
20260221,180000,397.2,397.7,397.2,397.2,25538,0
20260222,090000,397.2,397.2,397.2,397.2,520,0
20260222,100000,397.2,399.25,396.9,397.55,119021,0
20260222,110000,397.55,397.8,396,396.65,99030,0
20260222,120000,396.65,397.1,396.45,396.85,19767,0
20260222,130000,397.1,397.15,396.8,397.05,9013,0
20260222,140000,397.05,397.3,396.55,397.05,21985,0
20260222,150000,397.05,397.5,396.45,397,41282,0
20260222,160000,397.1,397.55,397,397.25,14484,0
20260222,170000,397.25,397.9,397.25,397.45,27806,0
20260222,180000,397.7,398,397.35,397.8,30084,0
20260223,090000,397.95,397.95,397.95,397.95,947,0
20260223,100000,398,398.9,396.3,396.5,114406,0
20260223,110000,396.45,397,396.25,396.3,56250,0
20260223,120000,396.3,396.6,396.05,396.4,21899,0
20260223,130000,396.4,397,396.15,396.25,27578,0
20260223,140000,396.2,396.85,396.15,396.85,11141,0
20260223,150000,396.8,397,396.6,396.65,11627,0
20260223,160000,396.6,396.9,396.6,396.9,9094,0
20260223,170000,396.9,397.2,396.65,396.95,18798,0
20260223,180000,396.95,397.3,396.65,397.2,20514,0
20260224,070000,397.9,397.9,396.5,397,38745,0
20260224,080000,396.95,397.5,396.1,397.2,32906,0
20260224,090000,397.1,397.1,395.55,395.75,116463,0
20260224,100000,395.7,396.15,391.55,396,673145,0
20260224,110000,396,396.3,394.05,394.95,217225,0
20260224,120000,394.95,395.4,394.5,394.9,95652,0
20260224,130000,394.9,395.1,393.35,393.5,179807,0
20260224,140000,393.5,394.15,392.7,393.5,203924,0
20260224,150000,393.4,394.45,393.25,394.35,61517,0
20260224,160000,394.3,394.55,393.45,393.45,127693,0
20260224,170000,393.45,393.65,392.1,392.6,271054,0
20260224,180000,392.7,392.95,391.8,392.1,168832,0
20260224,190000,392.3,392.3,390.65,390.95,525731,0
20260224,200000,390.9,391.3,390.55,391.2,175354,0
20260224,210000,391.25,391.3,390.65,391.3,66531,0
20260224,220000,391.3,391.45,390.8,391.3,76348,0
20260224,230000,391.3,391.35,390.55,390.7,51319,0
20260225,070000,390.75,391.95,390.65,391.55,84709,0
20260225,080000,391.6,392.2,391.35,391.4,92244,0
20260225,090000,391.35,391.45,390.65,391.25,134664,0
20260225,100000,391.2,391.75,389.35,390.85,460513,0
20260225,110000,390.8,391.5,390.6,391.35,142481,0
20260225,120000,391.3,392.1,390.9,391.9,154000,0
20260225,130000,391.9,391.95,390.85,391.1,78617,0
20260225,140000,391.1,391.4,389.45,389.95,377870,0
20260225,150000,389.9,390.6,389.1,389.2,377998,0
20260225,160000,389.2,392.55,388.65,392,766049,0
20260225,170000,391.95,392.35,390.4,390.85,266961,0
20260225,180000,390.8,392.7,390.65,392.5,223738,0
20260225,190000,392.45,392.45,390.75,391.8,152419,0
20260225,200000,391.75,392.25,391.6,392.25,107051,0
20260225,210000,392.25,392.9,391.65,392.2,144746,0
20260225,220000,392.3,392.4,391.2,391.6,85288,0
20260225,230000,391.55,391.6,390.85,391.4,115389,0
20260226,070000,391.6,392.3,391.4,392.05,31924,0
20260226,080000,392.05,392.2,391.85,392.1,35223,0
20260226,090000,392,393.7,391.85,393.35,186999,0
20260226,100000,393.35,393.4,390.9,392,289579,0
20260226,110000,392.1,392.7,390.7,391.4,406996,0
20260226,120000,391.35,391.45,390.65,390.8,142583,0
20260226,130000,390.75,391.15,389.8,390.35,346046,0
20260226,140000,390.4,391.45,389.9,390.55,221121,0
20260226,150000,390.6,390.95,389.6,390,281491,0
20260226,160000,389.95,390.75,389.95,390.2,227420,0
20260226,170000,390.2,390.55,388.65,389.65,333698,0
20260226,180000,389.65,390.45,388.9,389.85,168666,0
20260226,190000,389.9,390.75,388.8,390.3,163878,0
20260226,200000,390.25,390.4,389.85,390.1,40263,0
20260226,210000,390.15,390.35,389.7,390,67616,0
20260226,220000,390,390.5,389.4,389.95,58771,0
20260226,230000,389.9,390.5,389.65,390.3,59066,0
20260227,070000,390.6,390.8,389.65,389.65,46151,0
20260227,080000,389.65,390.55,389.25,390.5,77861,0
20260227,090000,390.5,390.8,389.8,390.5,96396,0
20260227,100000,390.45,391.55,390.2,390.85,169727,0
20260227,110000,390.9,391,390.35,390.95,146334,0
20260227,120000,390.9,391.3,390.35,391.1,183396,0
20260227,130000,391.05,391.2,390.1,390.6,201626,0
20260227,140000,390.7,395,390.55,394.45,794734,0
20260227,150000,394.5,394.5,392.8,393.5,496422,0
20260227,160000,393.55,395.45,393.55,395.45,803810,0
20260227,170000,395.45,395.5,393.1,393.8,953616,0
20260227,180000,393.8,394.25,391.9,392.7,554444,0
20260227,190000,392.65,393.6,392.05,393.45,305688,0
20260227,200000,393.35,393.85,392.8,393.55,205692,0
20260227,210000,393.55,394.3,393.4,393.8,111602,0
20260227,220000,393.9,394.3,393.55,393.7,63921,0
20260227,230000,393.65,394.25,393.3,394.25,131122,0
20260228,090000,399.9,399.9,399.9,399.9,50546,0
20260228,100000,399.9,405,396.75,404.2,2512741,0
20260228,110000,404.1,405.5,403.35,405.45,1454365,0
20260228,120000,405.45,405.85,404.85,405.85,1809051,0
20260228,130000,405.85,405.85,405.6,405.85,322570,0
20260228,140000,405.85,405.85,405.6,405.75,412571,0
20260228,150000,405.75,405.85,404.5,405,711591,0
20260228,160000,404.95,405.85,404.75,405.85,569665,0
20260228,170000,405.85,405.85,405.85,405.85,67553,0
20260228,180000,405.85,405.85,405.85,405.85,47140,0
20260301,090000,405.85,405.85,405.85,405.85,1992,0
20260301,100000,405.85,405.85,405.85,405.85,29001,0
20260301,110000,405.85,405.85,405.85,405.85,81944,0
20260301,120000,405.85,405.85,405.85,405.85,358218,0
20260301,130000,405.85,405.85,405.85,405.85,21462,0
20260301,140000,405.85,405.85,405.85,405.85,24565,0
20260301,150000,405.85,405.85,405.85,405.85,15007,0
20260301,160000,405.85,405.85,405.85,405.85,5666,0
20260301,170000,405.85,405.85,405.85,405.85,6006,0
20260301,180000,405.85,405.85,405.85,405.85,11378,0
20260302,070000,408.8,414.8,408,411.65,4722519,0
20260302,080000,411.55,415.9,411.1,415.05,2660260,0
20260302,090000,414.85,420.8,413.5,419.2,6282452,0
20260302,100000,419.2,430.3,418.85,427.95,11606203,0
20260302,110000,427.9,431,426.6,428.6,5906178,0
20260302,120000,428.5,428.6,422.1,425.65,7012315,0
20260302,130000,425.65,426,422.4,425.35,2391733,0
20260302,140000,425.3,427,423.5,426.3,2565263,0
20260302,150000,426.25,429.95,426.25,428.9,3403318,0
20260302,160000,428.85,433,427.85,431.7,5217792,0
20260302,170000,431.65,434.55,427.05,428.05,5448551,0
20260302,180000,428,429,426.7,427.05,2277804,0
20260302,190000,427.1,429,424.5,428.3,3027266,0
20260302,200000,428.25,429.75,426.25,428.3,1461318,0
20260302,210000,428.45,430,427.6,429.7,1254288,0
20260302,220000,429.7,432.25,429.45,430,1697458,0
20260302,230000,430,438,429.95,435.8,4511704,0
20260303,070000,437.35,456.8,437,454.5,14400739,0
20260303,080000,454.5,456,451.1,452.65,7282198,0
20260303,090000,452.65,452.75,448.3,450.85,5550584,0
20260303,100000,450.85,453.45,442.5,448.9,10248694,0
20260303,110000,448.8,449.25,443.85,447.05,3219936,0
20260303,120000,447.1,451.6,446.7,449.6,4015649,0
20260303,130000,449.7,452.55,448.5,451,2820589,0
20260303,140000,451,452.4,449.4,451.55,3270899,0
20260303,150000,451.4,452.15,445.1,446.35,5910305,0
20260303,160000,446.35,448.65,444.2,448.15,2368981,0
20260303,170000,448.3,450.5,447.75,448.05,2308333,0
20260303,180000,448.1,448.3,446.7,448,1460527,0
20260303,190000,447.7,448.45,443.25,445.6,2568987,0
20260303,200000,445.6,445.75,443.75,444.95,1217972,0
20260303,210000,444.95,447.25,443.65,445.45,1411907,0
20260303,220000,445.4,445.85,438.7,440.9,3444085,0
20260303,230000,440.9,444,438.15,443.3,2447175,0
20260304,070000,444.1,449.95,440,440.95,4004912,0
20260304,080000,440.95,444.65,440,443.15,1649120,0
20260304,090000,443.15,446.4,442.5,445.1,1519311,0
20260304,100000,445.05,447,444,444.7,2319745,0
20260304,110000,444.7,445.5,442.55,445.05,1173871,0
20260304,120000,444.95,446.95,443.75,444.75,1142099,0
20260304,130000,444.8,445.2,440.35,441.65,2527537,0
20260304,140000,441.6,441.65,438.55,438.75,2679188,0
20260304,150000,438.65,444.25,437.1,439.85,3747738,0
20260304,160000,439.9,441.8,438.85,440.95,2385762,0
20260304,170000,441,441.95,438.8,439.1,1598158,0
20260304,180000,439.05,439.65,437.6,439.65,1058468,0
20260304,190000,439.6,440.9,438.65,440.2,656487,0
20260304,200000,440.25,440.95,439.15,439.65,318745,0
20260304,210000,439.7,439.8,438,438.85,508611,0
20260304,220000,438.85,439.85,438.1,439.75,260613,0
20260304,230000,439.8,441.65,438.8,441.25,501210,0
20260305,070000,444.15,445,441.35,442.5,1371991,0
20260305,080000,442.5,444.65,441.85,444.4,876171,0
20260305,090000,444.15,445.2,441.65,442.85,1601717,0
20260305,100000,442.8,446.4,442.5,446,1994912,0
20260305,110000,446.1,446.2,443.8,443.95,1174367,0
20260305,120000,443.9,444.1,440.85,442.85,2085201,0
20260305,130000,442.85,444.55,442.55,443.45,765710,0
20260305,140000,443.45,444.65,442.95,444,899311,0
20260305,150000,444,444.8,443.1,443.45,578951,0
20260305,160000,443.4,443.45,442.55,443.05,631045,0
20260305,170000,443.05,443.85,442.65,443.55,616000,0
20260305,180000,443.65,444.5,442.65,444.5,750239,0
20260305,190000,444.45,445.55,443,444.4,1269486,0
20260305,200000,444.4,445.25,443.85,445.15,415504,0
20260305,210000,445.2,450.35,444.9,449.25,3299095,0
20260305,220000,449.3,452,448.45,449.8,1994139,0
20260305,230000,449.75,450.45,446,447.7,1563764,0
20260306,070000,448.9,450.35,446.5,446.85,1332126,0
20260306,080000,446.8,448.45,446.1,448.4,506534,0
20260306,090000,448.4,450.85,448,449.5,1125685,0
20260306,100000,449.4,451,448.8,450.7,1084216,0
20260306,110000,450.7,451.75,449,449.7,1399439,0
20260306,120000,449.65,455.45,448.45,454.1,3789914,0
20260306,130000,454.15,455.1,452.35,453.1,2226231,0
20260306,140000,453.15,457.8,453.15,457.4,3474899,0
20260306,150000,457.5,459.5,455.65,458.55,3683244,0
20260306,160000,458.5,468.55,456.45,467.9,7707577,0
20260306,170000,467.9,469.6,461.9,468.75,8872045,0
20260306,180000,468.8,468.8,465.45,466.35,4394487,0
20260306,190000,466.3,467.7,463.55,467.65,2646520,0
20260306,200000,467.65,470.85,465.65,470,4601481,0
20260306,210000,470,470.15,466,468.65,2834369,0
20260306,220000,468.75,469.4,467,468.15,1415057,0
20260306,230000,468.1,468.25,464.55,467.5,1967598,0
20260309,070000,512.95,512.95,500,512.95,8952670,0
20260309,080000,512.95,512.95,493.55,499.25,12209667,0
20260309,090000,499.25,507,498.3,501.9,7595871,0
20260309,100000,501.85,503.8,494.25,498.45,6953304,0
20260309,110000,498.45,498.5,492.25,493.55,4628161,0
20260309,120000,493.65,497.55,483.5,493,9302761,0
20260309,130000,493,496.65,490.9,494.5,4368915,0
20260309,140000,494.5,496,492.1,494.5,2018505,0
20260309,150000,494.5,498.8,492.65,497.05,3007381,0
20260309,160000,497.1,499,493.4,498.15,4275870,0
20260309,170000,498.2,501,496.9,498.7,3859746,0
20260309,180000,498.7,498.8,494.4,496.95,2776606,0
20260309,190000,497,499,494.9,497.55,2018126,0
20260309,200000,497.5,498.2,496.5,497.2,865228,0
20260309,210000,497.1,497.25,494,496.9,1869116,0
20260309,220000,496.9,497.4,473.25,482.65,13610419,0
20260309,230000,482.8,488.65,477,481.75,6220580,0
20260310,070000,484.9,490.4,474,477.25,7859524,0
20260310,080000,477.3,477.55,471.45,475.3,3567973,0
20260310,090000,475.35,486.45,474.8,484.1,6422079,0
20260310,100000,484.2,485.2,473.55,474,4722966,0
20260310,110000,474,477.65,473.05,475.1,2511641,0
20260310,120000,474.95,476.9,470.95,474.35,3472755,0
20260310,130000,474.35,477.9,473.55,477.35,2464978,0
20260310,140000,477.35,479.1,473.55,478,1809995,0
20260310,150000,478,483.35,476.85,483,3208895,0
20260310,160000,482.95,485.6,481.5,482.4,4801696,0
20260310,170000,482.45,484.5,477.6,480.35,3309373,0
20260310,180000,480.35,480.7,477.2,478.85,1192337,0
20260310,190000,478.9,483,477.8,477.8,1240133,0
20260310,200000,477.85,478.75,470,475.9,6269392,0
20260310,210000,475.9,484.65,475.55,481.25,4807451,0
20260310,220000,481.2,485,481,483.65,2326163,0
20260310,230000,483.65,484.85,481.15,484.75,1091541,0
20260311,070000,478.7,481.8,474,479,1996784,0
20260311,080000,479,481,478.8,479.55,672676,0
20260311,090000,479.75,481,478.3,479.75,862616,0
20260311,100000,479.75,484.3,478.1,483.6,1881151,0
20260311,110000,483.6,484.25,481.6,482.5,1364534,0
20260311,120000,482.5,488.35,482.5,487.1,4104744,0
20260311,130000,487.2,487.35,481.35,482.65,3048121,0
20260311,140000,482.55,485.2,482.55,483.65,1344624,0
20260311,150000,483.65,487.9,483.45,486.1,2338117,0
20260311,160000,486.1,486.15,484,484.45,1600271,0
20260311,170000,484.35,485.9,482.65,485.3,1661980,0
20260311,180000,485.35,485.95,483.6,484.4,556392,0
20260311,190000,484.6,486.6,484.2,486.25,1290831,0
20260311,200000,486.25,487.3,485.1,486.45,1068431,0
20260311,210000,486.5,486.65,485.35,485.95,578724,0
20260311,220000,486,487.25,485.85,487.1,377261,0
20260311,230000,487.1,488,485.75,486.95,680625,0
20260312,070000,498.6,499,493.05,495.65,4782913,0
20260312,080000,495.65,495.75,491.65,493.25,2271459,0
20260312,090000,493.2,495.55,492.25,493.55,2125904,0
20260312,100000,493.5,493.55,489.7,491.5,2871620,0
20260312,110000,491.5,494.35,491.3,493.15,1576685,0
20260312,120000,493.15,494.75,492.3,492.9,1164638,0
20260312,130000,492.9,493.75,491.85,492.3,673919,0
20260312,140000,492.3,493.7,491.5,493.5,676850,0
20260312,150000,493.5,494.25,492.65,492.85,659581,0
20260312,160000,492.85,496.5,492.8,495.35,1986461,0
20260312,170000,495.4,496.85,494.85,496.2,1855111,0
20260312,180000,496.4,496.9,494.65,494.8,1105593,0
20260312,190000,494.75,496,493.15,494.35,1321070,0
20260312,200000,494.35,495.25,494.1,494.65,277595,0
20260312,210000,494.65,497.1,494.55,496.9,830255,0
20260312,220000,496.85,497.35,496.2,496.95,812683,0
20260312,230000,496.95,499,496.5,499,1112334,0
20260313,070000,498.5,498.5,495.4,496.75,1848619,0
20260313,080000,496.8,497.35,496.05,496.45,538577,0
20260313,090000,496.6,498.5,496.3,498.35,710186,0
20260313,100000,498.3,502.35,497.15,501.9,3782147,0
20260313,110000,501.95,504.5,500.65,501.45,4314664,0
20260313,120000,501.45,503.45,500.6,501.95,1805493,0
20260313,130000,501.95,502,498.55,499.25,1794438,0
20260313,140000,499.25,501.4,498.5,498.7,1158466,0
20260313,150000,498.85,499.95,497.1,497.85,1414605,0
20260313,160000,497.85,498.95,496.2,498.85,1678164,0
20260313,170000,498.85,500.55,497.05,499.7,1322952,0
20260313,180000,499.65,500.75,498.9,499.95,820563,0
20260313,190000,499.9,500.55,498.05,499.25,676793,0
20260313,200000,499.2,500.35,497.65,500.2,713812,0
20260313,210000,500.15,501.8,499.25,500.1,918270,0
20260313,220000,500.1,501.35,499.85,501.1,418735,0
20260313,230000,501.15,502,500.85,501.1,770207,0
20260314,090000,502.05,502.05,502.05,502.05,6764,0
20260314,100000,502.05,504.65,502,503.4,1073735,0
20260314,110000,503.4,503.8,502.85,503.15,256449,0
20260314,120000,503.15,504.5,503.15,504.4,490089,0
20260314,130000,504.4,504.95,504,504.6,622895,0
20260314,140000,504.55,505,503.95,504.95,446109,0
20260314,150000,504.9,505.45,504.4,505.2,523889,0
20260314,160000,505.2,505.25,504.1,504.8,219466,0
20260314,170000,504.75,505.4,504.6,505.05,328921,0
20260314,180000,505,505.4,504.6,505.15,343648,0
20260315,090000,505.9,505.9,505.9,505.9,14021,0
20260315,100000,505.9,506,503.6,504.75,954458,0
20260315,110000,504.75,505,504,504.75,275866,0
20260315,120000,504.75,505,504.1,504.35,112119,0
20260315,130000,504.35,505,504.15,504.75,158988,0
20260315,140000,504.75,505,504.7,504.95,152987,0
20260315,150000,505,505,504.85,505,148252,0
20260315,160000,505,506,504.8,505.7,295845,0
20260315,170000,505.7,506.5,505.25,506.45,252429,0
20260315,180000,506.5,507.6,506.1,507.6,653154,0
20260316,070000,507.05,508,503.85,506.05,2206622,0
20260316,080000,506.05,506.95,504.3,504.75,724957,0
20260316,090000,504.55,506.1,502.7,504.05,2004690,0
20260316,100000,504.05,506.4,503.5,505.5,1742632,0
20260316,110000,505.5,506.4,503.6,504.05,1288513,0
20260316,120000,504.1,504.45,500.8,502.35,2242131,0
20260316,130000,502.35,503,496.2,497.1,2896898,0
20260316,140000,497.1,500.1,496.35,498.15,1363513,0
20260316,150000,498.1,499.9,494.15,495.3,2010700,0
20260316,160000,495.2,495.25,488.8,490.25,3789694,0
20260316,170000,490.25,496.05,488.6,495.3,3211770,0
20260316,180000,495.45,498.8,493.8,494.4,2329807,0
20260316,190000,494.4,497.45,492.05,495.95,1136341,0
20260316,200000,495.9,495.95,493,493.15,701824,0
20260316,210000,493.15,494.65,490.5,491.25,953943,0
20260316,220000,491.3,493.65,491,492.25,469908,0
20260316,230000,492.3,494.55,491.8,494.05,561805,0
20260317,070000,496.15,497,495.1,496.3,730626,0
20260317,080000,496.25,500,495.5,498.6,834105,0
20260317,090000,498.6,499.6,497.7,498.9,1218167,0
20260317,100000,498.85,499.2,494.7,495.5,1608548,0
20260317,110000,495.5,495.9,494.15,495.8,816274,0
20260317,120000,495.85,495.95,492.3,492.6,755181,0
20260317,130000,492.6,495.15,492.55,494.05,448791,0
20260317,140000,494.05,495.45,493.85,495.45,329150,0
20260317,150000,495.45,495.5,493.25,494.2,429101,0
20260317,160000,494.2,495,492.15,494.65,730048,0
20260317,170000,494.65,495.3,492.65,492.65,484860,0
20260317,180000,492.75,494.2,492.65,494,606903,0
20260317,190000,493.9,494.45,492.65,493.5,318368,0
20260317,200000,493.55,495.3,493.5,494.9,378811,0
20260317,210000,494.9,495.7,494.1,495.15,202346,0
20260317,220000,495.05,496.3,494.75,496,280314,0
20260317,230000,496,496.95,495.25,496.5,384866,0
20260317,070000,496.15,497,495.1,496.3,730626,0
20260317,080000,496.25,500,495.5,498.6,834105,0
20260317,090000,498.6,499.6,497.7,498.9,1218167,0
20260317,100000,498.85,499.2,494.7,495.5,1608548,0
20260317,110000,495.5,495.9,494.15,495.8,816274,0
20260317,120000,495.85,495.95,492.3,492.6,755181,0
20260317,130000,492.6,495.15,492.55,494.05,448791,0
20260317,140000,494.05,495.45,493.85,495.45,329150,0
20260317,150000,495.45,495.5,493.25,494.2,429101,0
20260317,160000,494.2,495,492.15,494.65,730048,0
20260317,170000,494.65,495.3,492.65,492.65,484860,0
20260317,180000,492.75,494.2,492.65,494,606903,0
20260317,190000,493.9,494.45,492.65,493.5,318368,0
20260317,200000,493.55,495.3,493.5,494.9,378811,0
20260317,210000,494.9,495.7,494.1,495.15,202346,0
20260317,220000,495.05,496.3,494.75,496,280314,0
20260317,230000,496,496.95,495.25,496.5,384866,0
20260318,070000,493.3,494,490.35,492,1490535,0
20260318,080000,492.15,492.65,488,488.65,1642316,0
20260318,090000,488.65,490.3,487.5,490.15,1474299,0
20260318,100000,490.15,493.45,489.6,491.2,1051030,0
20260318,110000,491.25,494.9,491.2,492.4,1067529,0
20260318,120000,492.5,493.85,492,492.95,427520,0
20260318,130000,493,493.4,491.9,492.2,425969,0
20260318,140000,492.2,494.85,492.05,493.4,715545,0
20260318,150000,493.35,500.3,492.4,499.75,3418350,0
20260318,160000,499.7,510,498.8,509.05,9491952,0
20260318,170000,509.05,512.85,504.1,507.2,11284842,0
20260318,180000,507.2,509.65,506,507.6,3117943,0
20260318,190000,507.65,508.4,504.5,507.5,1886594,0
20260318,200000,507.6,508.5,505,505.15,1477358,0
20260318,210000,505.15,508,504.45,507.6,1272683,0
20260318,220000,507.6,510.95,507.55,510.2,2265353,0
20260318,230000,510.25,512.5,509.65,512.2,3358468,0
20260319,070000,513,514.9,508.3,510.8,3502383,0
20260319,080000,510.7,514.5,510.45,514.35,1854763,0
20260319,090000,514.3,515.9,513.35,515.45,3158256,0
20260319,100000,515.4,517.6,513.35,514.7,3613958,0
20260319,110000,514.7,516.7,513,516,2895637,0
20260319,120000,516.05,518.7,513.55,514.3,5073515,0
20260319,130000,514.25,515.3,510.35,514.8,3503480,0
20260319,140000,514.85,517.45,514.15,516.25,2718058,0
20260319,150000,516.2,517,513.25,513.8,3238825,0
20260319,160000,513.8,515.8,511.25,512.45,2122598,0
20260319,170000,512.5,513.5,510.8,512.05,1265292,0
20260319,180000,512.05,514.15,510.5,513.5,1330768,0
20260319,190000,513.45,513.45,510.6,511.85,1075099,0
20260319,200000,511.85,512.35,510,510.25,1114517,0
20260319,210000,510.2,511.35,507.8,510.6,1578204,0
20260319,220000,510.65,512,508.25,511.35,1459204,0
20260319,230000,511.3,512.35,510.7,512,419845,0
20260320,070000,510.9,511.2,506.75,509.95,1121775,0
20260320,080000,509.95,511.5,508.9,509.75,544086,0
20260320,090000,509.75,511.95,509.15,511.75,574145,0
20260320,100000,511.8,513.6,510.85,512.6,1516308,0
20260320,110000,512.6,513.3,510.2,512.45,747021,0
20260320,120000,512.5,513.3,511.85,512.75,754090,0
20260320,130000,512.75,513,510,510.75,970361,0
20260320,140000,510.8,511.45,508.9,509.35,713317,0
20260320,150000,509.35,509.4,505.5,506.8,2188573,0
20260320,160000,506.75,508.35,506.6,508.25,658370,0
20260320,170000,508.2,511,507.6,511,871509,0
20260320,180000,511,511,508.15,508.15,689975,0
20260320,190000,508.45,510,508.45,509.75,286164,0
20260320,200000,509.65,511.85,509.15,511.05,399915,0
20260320,210000,511.15,514.4,510.1,513.65,1177172,0
20260320,220000,513.65,513.75,511.5,512.05,626377,0
20260320,230000,512.05,513.4,511.8,512.9,549167,0
20260323,070000,513.4,514.85,511.2,513.5,1268950,0
20260323,080000,513.5,514.45,512.4,513.15,604388,0
20260323,090000,513.15,515.55,512.65,515.35,1292820,0
20260323,100000,515.35,517.9,514.45,516.2,2066668,0
20260323,110000,516.25,516.5,515,515.6,1407890,0
20260323,120000,515.7,516.5,514,514.35,1046868,0
20260323,130000,514.3,515,510.85,512.25,1662583,0
20260323,140000,512.25,512.8,476.3,503.55,18172215,0
20260323,150000,503.55,505.6,498.2,500.4,6133610,0
20260323,160000,500.35,503.15,498.65,500.05,2368415,0
20260323,170000,500.1,500.4,496,498.55,2983282,0
20260323,180000,498.55,501.5,494.65,501.3,3571654,0
20260323,190000,501.3,504.35,499.65,501.95,1786215,0
20260323,200000,502,503.4,500.8,501.6,727518,0
20260323,210000,501.55,502.3,498.9,499.55,711781,0
20260323,220000,499.65,501.9,499.25,501.4,439051,0
20260323,230000,501.4,502.6,499.9,502.3,409417,0
20260324,070000,504.35,505,503.2,504.15,856028,0
20260324,080000,504.1,505,502.2,503.8,694258,0
20260324,090000,503.8,504.05,502.3,502.55,680091,0
20260324,100000,502.55,503.35,499.1,499.65,1233379,0
20260324,110000,499.7,502.3,499.5,500.9,585068,0
20260324,120000,500.9,501.75,499.15,499.8,546485,0
20260324,130000,499.85,502.65,499.3,501.85,665653,0
20260324,140000,501.8,502.6,500,501.9,614059,0
20260324,150000,501.85,503.95,501.45,503.45,845848,0
20260324,160000,503.45,504.95,502.5,503.7,1349920,0
20260324,170000,503.65,505.85,501.7,502.45,1734460,0
20260324,180000,502.55,503.5,500.6,502.45,688818,0
20260324,190000,502.5,504.9,502.35,503.6,804099,0
20260324,200000,503.45,504.5,501.45,502.35,503012,0
20260324,210000,502.4,503.8,501.35,502.75,659256,0
20260324,220000,502.7,503,501.55,502.6,202118,0
20260324,230000,502.6,502.85,493.9,497.55,2367312,0
20260325,070000,494.5,498.15,493,496.95,1787404,0
20260325,080000,496.9,498.9,496.75,498.55,648497,0
20260325,090000,498.5,499.55,497.5,498.15,524258,0
20260325,100000,498.2,498.4,495.85,496.8,1025921,0
20260325,110000,496.85,497,494.05,495.25,1575127,0
20260325,120000,495.25,497,494.3,495.25,902922,0
20260325,130000,495.2,495.65,493.2,493.5,782511,0
20260325,140000,493.5,493.55,489.25,491.5,2284165,0
20260325,150000,491.55,495.75,491.2,493.6,1485175,0
20260325,160000,493.6,493.9,490.6,493,787597,0
20260325,170000,493,494.6,492.45,494,791076,0
20260325,180000,494,495.5,493.1,494.5,885231,0
20260325,190000,494.4,495.9,494.3,495.85,529150,0
20260325,200000,495.85,495.85,494.2,494.95,402898,0
20260325,210000,494.95,496.6,494.5,496.2,513396,0
20260325,220000,496.2,497.1,495.7,496,397432,0
20260325,230000,496,496.95,495.05,496.4,379045,0
20260326,070000,497.3,499.55,497.15,499.35,661608,0
20260326,080000,499.35,500.35,499.05,499.85,547415,0
20260326,090000,499.75,500.5,498.65,499.35,575262,0
20260326,100000,499.4,501,498,499.3,1210047,0
20260326,110000,499.25,500,495.55,497.35,1714641,0
20260326,120000,497.35,500.2,497,499.4,793005,0
20260326,130000,499.45,499.65,498,498.4,441445,0
20260326,140000,498.3,501.8,498,500.95,959990,0
20260326,150000,500.95,501.3,498.15,500.25,1075680,0
20260326,160000,500.2,500.2,496.35,496.7,1301539,0
20260326,170000,496.7,498.2,496.05,497.35,695949,0
20260326,180000,497.55,498.75,497,498.5,576343,0
20260326,190000,498.45,499.35,497.65,498.45,270336,0
20260326,200000,498.45,499,498.1,499,138742,0
20260326,210000,498.9,499.7,498.1,498.15,428966,0
20260326,220000,498.1,498.65,497.2,497.4,235546,0
20260326,230000,497.4,497.8,493.25,497.1,1738739,0
20260327,070000,496.95,499,496.55,497.7,330290,0
20260327,080000,497.75,498,496,496.25,349363,0
20260327,090000,496.3,497.65,496.3,496.4,237208,0
20260327,100000,496.4,500.35,496.3,499.2,1290542,0
20260327,110000,499.15,499.35,497.2,497.5,602372,0
20260327,120000,497.55,498.5,497.25,497.25,358143,0
20260327,130000,497.25,497.95,496.2,497.3,519181,0
20260327,140000,497.3,498,496.8,497.05,393319,0
20260327,150000,497,497.5,496,496,623057,0
20260327,160000,496,496.15,490.6,491.65,1831800,0
20260327,170000,491.6,493.45,491.4,491.45,963790,0
20260327,180000,491.4,492.3,484.65,488.85,2182411,0
20260327,190000,488.85,491.35,488.05,489.9,695235,0
20260327,200000,489.85,491.75,489.55,491.65,374102,0
20260327,210000,491.65,495.45,491.6,493.1,887848,0
20260327,220000,493.05,494.35,492.5,493.3,320381,0
20260327,230000,493.15,495,492,494.65,334736,0
20260328,090000,494.55,494.55,494.55,494.55,10310,0
20260328,100000,494.55,494.55,492.9,493.65,149105,0
20260328,110000,493.65,493.85,491,491.8,172679,0
20260328,120000,491.75,492.6,491.6,491.65,63276,0
20260328,130000,491.65,492.7,491.55,492.15,85953,0
20260328,140000,492.3,492.45,491.85,492.15,26441,0
20260328,150000,492.15,492.15,491.6,491.7,53517,0
20260328,160000,491.65,491.9,491.05,491.45,24160,0
20260328,170000,491.45,491.75,491,491,79737,0
20260328,180000,491,491.1,490,490.45,94002,0
20260329,090000,490.65,490.65,490.65,490.65,1282,0
20260329,100000,491,492.7,490.65,491.8,143404,0
20260329,110000,492,492.4,491.85,492.05,97885,0
20260329,120000,492.05,492.25,491.9,492.2,82421,0
20260329,130000,492.2,492.8,492.2,492.65,54466,0
20260329,140000,492.7,496,492.4,495.5,232987,0
20260329,150000,495.3,497.7,495,496.1,452101,0
20260329,160000,496,497.8,495.85,497.2,465158,0
20260329,170000,497.15,497.3,496.05,496.3,229204,0
20260329,180000,496.3,497.2,496.25,497.2,163155,0
20260330,070000,498,498.65,496.05,497,518252,0
20260330,080000,497.2,497.45,496.05,496.55,155920,0
20260330,090000,496.5,496.55,494.2,495.45,420714,0
20260330,100000,495.35,497.7,494.95,495.9,1118611,0
20260330,110000,495.85,498.85,494.65,495.95,1347278,0
20260330,120000,495.95,500.8,494.8,497.55,2090480,0
20260330,130000,497.65,499.1,496.4,496.55,762169,0
20260330,140000,496.55,497.2,495,495.65,774766,0
20260330,150000,495.65,496.75,494.5,494.55,624072,0
20260330,160000,494.5,496.25,494,495.1,433699,0
20260330,170000,495.05,495.1,491.65,493.05,732414,0
20260330,180000,493.05,494.95,492.85,493.75,443834,0
20260330,190000,493.75,494.5,493.45,494.5,132202,0
20260330,200000,494.45,495.45,494.4,494.85,172378,0
20260330,210000,494.85,495.1,494.5,494.65,77960,0
20260330,220000,494.65,495.5,494.6,495.5,112726,0
20260330,230000,495.55,495.9,495.2,495.55,116556,0
20260331,070000,494.3,494.8,493.2,494,307006,0
20260331,080000,493.95,494.95,493.25,493.45,123334,0
20260331,090000,493.5,494.1,492.25,493.5,197814,0
20260331,100000,493.5,493.75,489.2,489.9,995275,0
20260331,110000,489.95,490,484.1,486.6,2503245,0
20260331,120000,486.7,488.65,485,488.15,869285,0
20260331,130000,488.15,488.95,485.35,486,777191,0
20260331,140000,485.9,485.9,481.7,483.35,1876610,0
20260331,150000,483.35,487.5,482.2,483.35,2199946,0
20260331,160000,483.35,484.25,482.05,482.05,859204,0
20260331,170000,482.05,483.75,480.2,482.85,1746260,0
20260331,180000,482.85,488.85,482.7,485.35,2301124,0
20260331,190000,485.3,487.5,481.25,483.3,968564,0
20260331,200000,483.3,483.55,481.1,482.55,643442,0
20260331,210000,482.55,483.15,481.95,482,189905,0
20260331,220000,481.95,483.75,481.9,483.3,190075,0
20260331,230000,483.35,483.35,481.5,481.75,228779,0
20260401,070000,480.3,480.3,476,476.4,1600100,0
20260401,080000,476.4,477.85,472.55,477.05,2182037,0
20260401,090000,477.05,478.3,470.7,470.9,2359458,0
20260401,100000,470.95,477.2,470.1,477.05,3344008,0
20260401,110000,477.05,477.8,474.25,474.75,991049,0
20260401,120000,474.7,475.35,472.05,472.2,730031,0
20260401,130000,472.3,473.75,472,473.5,566841,0
20260401,140000,473.55,473.7,467.7,467.85,2303065,0
20260401,150000,467.85,468.8,463.65,466.15,2631301,0
20260401,160000,466.1,467.75,464.3,464.65,1585173,0
20260401,170000,464.6,466.85,464.3,465.55,807648,0
20260401,180000,465.5,467.4,465.5,466.6,530703,0
20260401,190000,466.65,467.25,466,466.7,332661,0
20260401,200000,466.7,466.75,465.25,466,363281,0
20260401,210000,465.95,467.5,465.65,467.3,357764,0
20260401,220000,467.3,468.55,466.45,466.8,571020,0
20260401,230000,466.8,468.25,466.5,467.4,293004,0
20260402,070000,473.9,481.9,472.2,476.15,4568095,0
20260402,080000,476.15,478.6,474.8,477.65,1321009,0
20260402,090000,477.7,478.05,475.1,476.2,999837,0
20260402,100000,476.25,477.55,471.2,472,1830365,0
20260402,110000,471.85,473.85,471.05,472.9,1124929,0
20260402,120000,472.9,473,470.45,471.85,858383,0
20260402,130000,471.75,472.4,470.7,471.7,516192,0
20260402,140000,471.75,474.4,471.1,474.1,1063034,0
20260402,150000,474.1,475,472.3,472.6,842565,0
20260402,160000,472.6,474.1,472.05,472.05,481490,0
20260402,170000,472.05,472.55,465.05,465.7,2643090,0
20260402,180000,465.7,468.6,465.35,468.6,673875,0
20260402,190000,468.65,468.85,466.55,467.15,281825,0
20260402,200000,467.2,468.35,466,468.25,315352,0
20260402,210000,468.25,469.55,467.1,469.1,277674,0
20260402,220000,469.05,469.25,467.6,468.75,302334,0
20260402,230000,468.75,472.4,468.55,470.8,635527,0
20260403,070000,472.1,472.7,468.5,470.3,677760,0
20260403,080000,470.3,471.15,469.9,469.95,324467,0
20260403,090000,469.95,470.75,469.2,469.7,284872,0
20260403,100000,469.7,470.3,466.75,466.85,510062,0
20260403,110000,466.95,468.95,464.9,465.5,857705,0
20260403,120000,465.45,466.3,461.35,463.15,1603954,0
20260403,130000,463.15,464.7,462.5,464.25,724787,0
20260403,140000,464.35,464.5,462.3,463,663021,0
20260403,150000,463.05,464.45,461.55,463.6,859764,0
20260403,160000,463.6,466.85,463.35,465.1,1109568,0
20260403,170000,465.1,465.85,464.1,464.9,311388,0
20260403,180000,464.9,467.9,464.85,466.5,523140,0
20260403,190000,466.5,468.95,466.35,468.7,424961,0
20260403,200000,468.75,474.6,468.05,474.6,1453288,0
20260403,210000,474.6,475,470.6,471.65,956879,0
20260403,220000,471.6,473.4,471.6,472.85,232521,0
20260403,230000,472.85,473.7,472.55,472.85,246606,0
20260404,090000,471.7,471.7,471.7,471.7,4906,0
20260404,100000,471.7,471.7,469.3,469.5,280271,0
20260404,110000,469.7,470.35,469,470.1,125593,0
20260404,120000,470.1,471.45,469.9,471,122815,0
20260404,130000,471.2,472.35,471.15,471.2,93259,0
20260404,140000,471.2,471.3,470.6,470.6,36510,0
20260404,150000,470.6,471.5,470.6,471.2,20658,0
20260404,160000,471.4,472.5,471.15,471.4,188227,0
20260404,170000,471.35,472.25,471.05,472.05,44466,0
20260404,180000,472.05,472.45,471.55,472.4,52077,0
20260405,090000,472.4,472.4,472.4,472.4,6632,0
20260405,100000,472.35,473.2,471.2,472.1,127201,0
20260405,110000,472,472.1,471.35,471.55,43689,0
20260405,120000,471.55,471.7,470.65,470.85,109531,0
20260405,130000,470.8,471.2,470.5,470.65,50405,0
20260405,140000,470.7,471.85,470.55,471.3,34709,0
20260405,150000,471.4,472,471,471.9,54034,0
20260405,160000,471.9,472.3,470.85,471.25,91739,0
20260405,170000,471.5,471.8,470.85,471.2,73647,0
20260405,180000,471.15,472.2,471.1,471.95,96588,0
20260406,070000,472.7,472.7,469.3,470.65,428253,0
20260406,080000,470.65,470.9,468.2,469.4,211825,0
20260406,090000,469.4,469.85,466.35,466.8,801049,0
20260406,100000,466.8,466.85,462.65,463,1879542,0
20260406,110000,463,465.1,462.55,463.7,836689,0
20260406,120000,463.75,465.7,463.55,465,366888,0
20260406,130000,465,466.45,464.7,465.2,625042,0
20260406,140000,465.2,466.1,464.1,466.05,324650,0
20260406,150000,466,469.25,465.85,468,932020,0
20260406,160000,468.05,468.6,466.4,468,667957,0
20260406,170000,467.95,470.2,467.35,470.2,751314,0
20260406,180000,470.2,470.5,469.1,469.75,404761,0
20260406,190000,469.7,471.05,468.9,470.8,425136,0
20260406,200000,470.75,477.3,470.75,476.2,2106598,0
20260406,210000,476.15,476.6,472.35,473.65,867277,0
20260406,220000,473.65,473.65,472.15,473.05,249329,0
20260406,230000,473.1,473.3,471.35,473.1,211903,0
20260407,070000,473.4,475.35,471.45,472.25,545909,0
20260407,080000,472.25,473.95,471.75,473.15,133592,0
20260407,090000,473.15,473.15,471.15,471.5,270816,0
20260407,100000,471.6,471.65,468.35,471.35,849507,0
20260407,110000,471.35,473.25,469.2,469.4,516280,0
20260407,120000,469.6,470.85,467.75,469.4,562504,0
20260407,130000,469.45,474.5,468.85,472.9,1139893,0
20260407,140000,472.95,483.95,472.95,480.9,3838111,0
20260407,150000,480.85,485.2,480.65,484.6,3042647,0
20260407,160000,484.7,485.95,482.65,484.35,1687216,0
20260407,170000,484.35,485,482.65,484.35,951644,0
20260407,180000,484.3,485,481.65,482.5,915683,0
20260407,190000,482.45,483.2,481.15,481.7,643619,0
20260407,200000,481.7,484,481.5,483.65,650123,0
20260407,210000,483.65,484.5,482.85,484.4,483753,0
20260407,220000,484.45,484.9,477.5,479.15,1959727,0
20260407,230000,479.2,479.3,475.1,477.7,2127304,0
20260408,070000,441.05,455.95,441,454.7,7380604,0
20260408,080000,454.65,456.2,452.15,452.4,1792369,0
20260408,090000,452.45,455.05,451.65,454.9,1634249,0
20260408,100000,454.85,457.9,453,457.1,3476807,0
20260408,110000,457.1,457.65,455,455.1,1507794,0
20260408,120000,455.1,456.15,453.65,454.6,703577,0
20260408,130000,454.55,455.5,452.2,454.1,1167140,0
20260408,140000,454.15,454.65,452.7,453.95,855953,0
20260408,150000,453.95,455.1,452.7,453.7,1085913,0
20260408,160000,453.8,455.15,453.5,454.55,852114,0
20260408,170000,454.55,458.95,454.25,458.25,1985576,0
20260408,180000,458.25,460,457.05,457.35,1192063,0
20260408,190000,457.35,458.55,457,458.05,501285,0
20260408,200000,458.05,459.65,458,459.25,495940,0
20260408,210000,459.2,459.4,458.35,458.8,481875,0
20260408,220000,458.95,460.65,458.8,459.1,807422,0
20260408,230000,459.1,459.7,458,459,448036,0
20260409,070000,459.55,463.2,459.05,462.25,1517567,0
20260409,080000,462.2,462.85,461.5,461.55,443073,0
20260409,090000,461.5,462.2,460.4,461,572533,0
20260409,100000,461,462.85,460.5,462.65,561957,0
20260409,110000,462.65,462.65,460.75,461.65,319786,0
20260409,120000,461.7,461.75,456.1,457.4,1375881,0
20260409,130000,457.55,459.9,457.3,458.1,500739,0
20260409,140000,458.1,458.8,455.2,456.7,804138,0
20260409,150000,456.65,459.25,456.55,457.6,416828,0
20260409,160000,457.55,457.55,454.9,455,858911,0
20260409,170000,455,456.9,454.5,455.9,531799,0
20260409,180000,455.8,456.6,451.55,452.65,705623,0
20260409,190000,452.65,453,448.85,452.05,1506683,0
20260409,200000,452,452.3,450.45,451.2,325485,0
20260409,210000,451.15,453.65,451.15,452.2,419705,0
20260409,220000,452.25,454.95,452.2,454.3,463102,0
20260409,230000,454.25,454.25,452.65,453.8,280525,0
20260410,070000,454.85,454.85,450.75,452.2,333826,0
20260410,080000,452.2,454.15,451.6,453.5,206063,0
20260410,090000,453.25,453.6,451.8,452.9,235433,0
20260410,100000,452.85,453.45,451.4,452.35,317814,0
20260410,110000,452.35,453.45,451.5,453.2,298287,0
20260410,120000,453.2,454.5,451.75,451.95,582634,0
20260410,130000,451.9,453.6,451.05,452.85,386914,0
20260410,140000,452.8,453.2,451.65,452.05,192783,0
20260410,150000,452.05,452.35,450.2,450.45,388181,0
20260410,160000,450.5,451.85,450.2,451.45,232250,0
20260410,170000,451.45,451.75,448.65,448.95,915008,0
20260410,180000,449,450.7,448.3,450.2,362110,0
20260410,190000,450.2,451.2,450.15,450.45,154537,0
20260410,200000,450.45,450.55,449.3,449.4,144987,0
20260410,210000,449.45,450.45,448,448.35,407145,0
20260410,220000,448.35,448.45,443.8,446.45,1064554,0
20260410,230000,446.45,446.85,445.45,446.25,350631,0
20260411,090000,446.25,446.25,446.25,446.25,1986,0
20260411,100000,446.25,446.35,443,444.9,344841,0
20260411,110000,444.9,445.6,444.8,445.4,52076,0
20260411,120000,445.4,445.55,444.5,444.5,82906,0
20260411,130000,444.55,445.25,444.5,445,40349,0
20260411,140000,444.9,445.1,444.5,444.95,49037,0
20260411,150000,444.95,444.95,444.6,444.75,42913,0
20260411,160000,444.95,444.95,442,443.4,328594,0
20260411,170000,443.55,443.75,442.1,442.4,97942,0
20260411,180000,442.4,443.25,442.2,443.05,107079,0
20260412,090000,455,455,455,455,78010,0
20260412,100000,454.6,458.9,452.85,455,2075793,0
20260412,110000,455,457.75,454.95,457.55,666373,0
20260412,120000,457.55,457.65,456.55,456.9,412749,0
20260412,130000,456.9,457.45,455.9,456.4,435578,0
20260412,140000,456.45,458.8,456.2,458.35,518157,0
20260412,150000,458.25,459.3,457.5,459.3,420023,0
20260412,160000,459.3,459.3,458.95,459.3,213990,0
20260412,170000,459.3,459.3,459.3,459.3,26196,0
20260412,180000,459.3,459.3,459.3,459.3,22098,0
20260413,070000,471,471.55,463.3,464.7,3530958,0
20260413,080000,464.75,466.5,464.05,466.5,663604,0
20260413,090000,466.45,466.45,464.3,465.25,731950,0
20260413,100000,465.25,465.45,461.45,462.8,1289780,0
20260413,110000,462.75,464,461.55,463.05,1010545,0
20260413,120000,463.05,463.95,461.8,463.7,423960,0
20260413,130000,463.65,464.35,459.55,460.45,1093529,0
20260413,140000,460.4,460.45,458.25,460.15,692447,0
20260413,150000,460.15,462.75,460.1,461,488728,0
20260413,160000,460.95,461.4,453.8,455.75,1130724,0
20260413,170000,455.75,457.65,454.25,456.5,1254400,0
20260413,180000,456.5,461.3,455.95,460.8,844471,0
20260413,190000,460.7,460.8,455,456.4,1071228,0
20260413,200000,456.4,457.65,454.6,455.55,656174,0
20260413,210000,455.6,456.55,454.1,454.45,407411,0
20260413,220000,454.45,455.55,454.1,454.9,208697,0
20260413,230000,454.9,456.25,454.1,456.1,322824,0
20260414,070000,456.1,459,454.4,455.9,534731,0
20260414,080000,455.9,458.45,455.7,457.05,273235,0
20260414,090000,457.3,458.95,456.3,457.7,265015,0
20260414,100000,457.7,457.75,455.05,455.4,415897,0
20260414,110000,455.45,456.7,451.55,451.55,914478,0
20260414,120000,451.55,452,450,451.05,821488,0
20260414,130000,451.05,455.95,450.65,454.3,1060531,0
20260414,140000,454.35,454.55,450.3,451.75,928086,0
20260414,150000,451.7,452.1,450.1,451.85,405057,0
20260414,160000,452.05,453.25,450.5,450.6,317124,0
20260414,170000,450.5,450.65,447,447.85,1266139,0
20260414,180000,447.8,452,447.5,450.3,1025227,0
20260414,190000,450.25,450.65,449.1,450.25,354128,0
20260414,200000,450.15,450.75,449.6,450.7,176069,0
20260414,210000,450.7,450.8,449.8,450.35,140108,0
20260414,220000,450.3,450.8,450.05,450.1,141801,0
20260414,230000,450.1,450.25,449.5,450.25,197718,0
20260415,070000,450,450.2,446,448.95,674363,0
20260415,080000,448.95,449.65,448,449.35,153363,0
20260415,090000,449.4,449.45,447.5,447.8,280102,0
20260415,100000,447.8,447.9,445.9,445.95,556118,0
20260415,110000,446,447.2,445,446.55,634712,0
20260415,120000,446.6,449,446.35,447.65,419106,0
20260415,130000,447.7,448.15,446.05,448,501936,0
20260415,140000,448.05,450.15,447.55,448.95,904518,0
20260415,150000,448.95,449.95,447.6,447.8,271010,0
20260415,160000,447.75,447.9,446.6,447.15,348112,0
20260415,170000,447.2,449,446,447.95,465120,0
20260415,180000,448,449.15,447.85,448,284590,0
20260415,190000,448,449.55,447.8,449.5,296740,0
20260415,200000,449.5,450.5,449.1,449.3,335114,0
20260415,210000,449.35,449.6,449.05,449.35,86598,0
20260415,220000,449.4,451,449.1,449.25,238280,0
20260415,230000,449.2,449.75,449.1,449.45,138680,0
20260416,070000,449,449.9,447.85,449.85,234723,0
20260416,080000,449.9,449.9,447.85,448,181882,0
20260416,090000,448.15,448.15,446.7,447.65,291555,0
20260416,100000,447.65,450.1,446.85,450.05,640978,0
20260416,110000,450.05,450.2,448.75,448.9,414655,0
20260416,120000,448.95,449.55,448.25,449.5,256285,0
20260416,130000,449.5,449.6,448.4,448.65,221397,0
20260416,140000,448.65,448.75,447,447.45,606471,0
20260416,150000,447.45,448.4,447.15,447.65,462292,0
20260416,160000,447.55,448.2,446.7,448.1,706319,0
20260416,170000,448.1,448.3,446.4,447,416718,0
20260416,180000,447,447.55,446.55,446.9,194213,0
20260416,190000,446.9,448.4,446.2,447.7,481933,0
20260416,200000,447.75,448.2,446.7,447.7,147779,0
20260416,210000,447.7,447.7,446.7,447.15,182196,0
20260416,220000,447.15,447.55,446.95,447.45,64568,0
20260416,230000,447.4,447.7,446.9,446.9,96808,0
20260417,070000,447.25,447.75,445.05,445.85,274018,0
20260417,080000,445.85,446.6,445.85,446.2,80582,0
20260417,090000,446.35,446.4,445.9,446.05,204767,0
20260417,100000,446.05,446.2,444.25,445.55,691328,0
20260417,110000,445.55,445.85,444.3,444.65,226079,0
20260417,120000,444.65,444.8,443.55,443.75,273749,0
20260417,130000,443.75,444.5,443.2,443.4,357131,0
20260417,140000,443.35,445.95,443.1,445.9,350046,0
20260417,150000,445.9,446.45,437,437.1,3101013,0
20260417,160000,437.1,438.9,426.4,427,8099819,0
20260417,170000,427.05,428.15,423.15,425.1,4853967,0
20260417,180000,425.1,426.7,424.2,426.7,2946543,0
20260417,190000,426.6,429,425.85,426.85,1382372,0
20260417,200000,426.9,429.7,426.85,427.9,842582,0
20260417,210000,427.9,429.3,427.2,428.05,359492,0
20260417,220000,428.05,428.1,427,427.1,260532,0
20260417,230000,427.1,427.95,427,427.95,240716,0
20260418,090000,432.9,432.9,432.9,432.9,101929,0
20260418,100000,432.85,433.6,430.1,431.1,1108406,0
20260418,110000,431.1,434.9,430.7,434.45,1148910,0
20260418,120000,434.45,436.65,433.9,435.55,1180101,0
20260418,130000,435.65,436.95,435,436,637528,0
20260418,140000,436,436.6,435.1,436.6,405695,0
20260418,150000,436.55,437.05,434.5,436.25,724193,0
20260418,160000,436.35,436.45,434.65,434.7,272929,0
20260418,170000,434.7,434.85,432.2,433.55,944316,0
20260418,180000,433.55,434.65,433.15,434,318673,0
20260419,090000,436.2,436.2,436.2,436.2,21106,0
20260419,100000,436.25,438,435,437.45,793105,0
20260419,110000,437.55,437.75,436.8,436.8,213914,0
20260419,120000,436.85,437.1,436.25,436.55,148307,0
20260419,130000,436.5,438.45,436.3,437.55,474127,0
20260419,140000,437.55,437.85,437.3,437.65,114184,0
20260419,150000,437.7,437.9,436.9,437.2,222822,0
20260419,160000,437.2,437.7,436.45,437.2,231492,0
20260419,170000,437.15,437.3,436.65,437,85303,0
20260419,180000,436.9,439,436.8,438.15,469399,0
20260420,070000,442.25,443.55,440.2,442.1,1651485,0
20260420,080000,442.1,442.4,441.2,441.65,505119,0
20260420,090000,441.65,441.7,439.5,440.75,1436823,0
20260420,100000,440.75,442.5,439.5,441.2,1953850,0
20260420,110000,441.2,442.65,440.7,440.7,707404,0
20260420,120000,440.7,441.75,437.8,438.75,1006430,0
20260420,130000,438.75,439.85,437.3,439.35,440457,0
20260420,140000,439.45,439.7,437.35,437.35,412980,0
20260420,150000,437.35,438.1,436.05,437.3,654415,0
20260420,160000,437.25,437.45,430.45,433.05,2215066,0
20260420,170000,433.05,438.45,432.9,436.95,2239437,0
20260420,180000,436.95,437.6,434.1,436.05,665381,0
20260420,190000,436.2,436.4,433.5,433.9,307456,0
20260420,200000,434,436.45,434,435.8,259261,0
20260420,210000,435.8,435.8,434.55,434.65,177570,0
20260420,220000,434.65,434.95,433.85,434.5,231007,0
20260420,230000,434.35,435.75,434.3,435.35,148028,0
20260421,070000,435.4,436.25,434,434.35,384914,0
20260421,080000,434.4,434.5,432.55,432.85,353716,0
20260421,090000,432.95,433.9,432.75,433.55,299794,0
20260421,100000,433.45,434.65,430.75,431.45,524563,0
20260421,110000,431.45,433.4,430.55,433.35,478770,0
20260421,120000,433.3,433.7,432.05,433.4,230061,0
20260421,130000,433.35,435,429.15,431.5,761126,0
20260421,140000,431.45,433.25,431,432.15,542852,0
20260421,150000,432.2,433.45,431.4,431.65,464897,0
20260421,160000,431.7,432.7,431.1,431.35,404857,0
20260421,170000,431.4,435.9,431.1,435.45,1146561,0
20260421,180000,435.45,437.7,434.3,435.55,908171,0
20260421,190000,435.7,437.9,435.35,437.15,409800,0
20260421,200000,437.15,441,435,437.5,1755770,0
20260421,210000,437.5,438.7,436.6,437.1,478509,0
20260421,220000,437.15,440.85,435.8,439.95,1431983,0
20260421,230000,439.9,440.85,435.3,438.3,1606577,0
20260422,070000,436,438.3,435.2,436.1,456138,0
20260422,080000,436.05,436.15,433.55,434.5,571335,0
20260422,090000,434.5,436.4,433.95,435.15,265692,0
20260422,100000,435.1,435.6,432.9,435.1,449282,0
20260422,110000,435.1,437.9,434.95,436.8,442885,0
20260422,120000,436.8,437.65,436.05,437.5,157635,0
20260422,130000,437.45,438,436,436.65,337894,0
20260422,140000,436.65,436.7,436,436.3,202477,0
20260422,150000,436.2,437.6,435.95,437.35,372906,0
20260422,160000,437.25,437.35,436.25,436.3,177506,0
20260422,170000,436.3,437.45,434.6,436.85,416025,0
20260422,180000,436.85,437.8,436.15,436.7,266878,0
20260422,190000,437.15,437.55,436.8,437.45,246752,0
20260422,200000,437.35,437.45,436.45,436.9,166763,0
20260422,210000,436.9,437.15,436.4,436.45,63513,0
20260422,220000,436.5,437,436.4,436.55,74005,0
20260422,230000,436.55,436.9,435.8,436.1,153039,0
20260423,070000,437,438.9,436.8,438.25,540058,0
20260423,080000,438,439.9,438,439.4,401937,0
20260423,090000,439.2,439.25,438.05,438.3,250291,0
20260423,100000,438.3,440,438.2,438.75,546946,0
20260423,110000,438.7,439.3,438.5,439,205634,0
20260423,120000,438.9,440.65,438.45,439.75,691518,0
20260423,130000,439.7,440.75,439.4,440.2,457273,0
20260423,140000,440.2,440.3,438.5,439.25,266223,0
20260423,150000,439.3,440.8,438.2,440.35,503183,0
20260423,160000,440.4,440.55,439.65,440,151168,0
20260423,170000,440,440.35,439.7,439.7,139768,0
20260423,180000,439.75,440.05,439.1,439.2,165689,0
20260423,190000,439.45,439.5,438.75,439.15,152093,0
20260423,200000,439.1,445.95,438.75,442.6,2729417,0
20260423,210000,442.6,443.95,442.1,443.5,451601,0
20260423,220000,443.5,443.7,440.6,441.95,489215,0
20260423,230000,441.95,442.85,441.55,441.9,184247,0
20260424,070000,440.25,443.25,440.05,441.5,342126,0
20260424,080000,441.55,442.75,441.15,441.5,167056,0
20260424,090000,441.55,442,441,441.8,193112,0
20260424,100000,441.8,442,440.05,440.35,476584,0
20260424,110000,440.4,442.15,440.15,440.4,401152,0
20260424,120000,440.5,440.95,439.1,440.25,393693,0
20260424,130000,440.35,441.1,438.8,439,785269,0
20260424,140000,439,439.35,435.25,437.25,1068033,0
20260424,150000,437.2,438.1,436,437.5,498680,0
20260424,160000,437.45,437.6,436.2,436.95,288917,0
20260424,170000,436.95,437.8,436.45,437.35,314189,0
20260424,180000,437.35,438.45,436.65,436.65,200297,0
20260424,190000,436.9,437.6,436.8,437.45,70062,0
20260424,200000,437.25,437.75,436.3,436.55,135424,0
20260424,210000,436.65,437.85,436.6,437.3,80997,0
20260424,220000,437.3,438,437,437.65,121128,0
20260424,230000,437.6,438.65,437.25,437.45,211499,0
20260425,090000,437.45,437.45,437.45,437.45,7335,0
20260425,100000,437.5,438.5,436.15,437.4,90580,0
20260425,110000,437.2,437.4,436.25,436.75,38459,0
20260425,120000,436.65,437,436.25,436.8,19269,0
20260425,130000,436.75,437,436.45,436.95,13810,0
20260425,140000,437,437,436.4,436.6,27641,0
20260425,150000,436.65,436.9,436.25,436.8,27840,0
20260425,160000,436.7,437.2,436.5,436.75,15839,0
20260425,170000,436.9,437.45,436.75,437.4,17839,0
20260425,180000,437.4,438,436.35,437.7,84891,0
20260426,090000,438.35,438.35,438.35,438.35,3947,0
20260426,100000,438.3,438.35,437.5,437.75,39365,0
20260426,110000,437.9,437.95,437.5,437.65,7410,0
20260426,120000,437.65,438.15,437.55,438.15,19436,0
20260426,130000,438.1,438.15,438,438.05,14610,0
20260426,140000,438.1,438.5,438,438.45,32635,0
20260426,150000,438.3,438.45,437.2,437.65,45809,0
20260426,160000,437.5,437.9,437.4,437.7,17229,0
20260426,170000,437.7,437.9,437.5,437.85,24211,0
20260426,180000,437.85,437.9,437.75,437.9,37330,0
20260427,070000,437.45,437.65,436.65,437.3,77425,0
20260427,080000,437.3,437.85,437,437.5,63289,0
20260427,090000,437.5,437.5,435.2,436.15,348322,0
20260427,100000,436.15,440.8,435.65,440.8,671127,0
20260427,110000,440.8,444.55,440.7,442.15,1523977,0
20260427,120000,442.15,442.45,440.05,441.15,382999,0
20260427,130000,441.15,441.4,439.7,440.4,303590,0
20260427,140000,440.4,441.35,439.3,441.35,174323,0
20260427,150000,441.35,442,440.3,441.55,258897,0
20260427,160000,441.55,442.15,440.8,440.85,276054,0
20260427,170000,440.95,441.95,440.35,441.75,198297,0
20260427,180000,441.75,442.1,441.1,441.2,217834,0
20260427,190000,441.45,441.7,440.6,440.75,69931,0
20260427,200000,440.85,441.95,439.35,439.85,384347,0
20260427,210000,439.85,440.4,439.45,440.05,76662,0
20260427,220000,440,440.6,439.7,439.9,86253,0
20260427,230000,439.9,441.4,439.85,439.95,119601,0
20260428,070000,440.2,441.7,439.9,440.85,112314,0
20260428,080000,440.8,442.5,440,441.55,287335,0
20260428,090000,441.7,443,441.05,441.65,561846,0
20260428,100000,441.7,444.5,441.6,441.7,950956,0
20260428,110000,441.7,442.7,441.05,441.35,317283,0
20260428,120000,441.4,441.7,440.2,440.25,465876,0
20260428,130000,440.2,441.75,439.2,441.25,349889,0
20260428,140000,441.3,442,440.25,441.9,446806,0
20260428,150000,441.85,442.75,435.5,436.7,1408849,0
20260428,160000,436.75,438.8,435.2,437.15,693604,0
20260428,170000,437.15,439.05,437.1,438.2,277195,0
20260428,180000,438.2,438.95,437.7,437.95,138550,0
20260428,190000,438,438.7,436.3,436.35,233994,0
20260428,200000,436.35,437.15,430.25,433.55,915859,0
20260428,210000,433.5,434.5,433.25,433.9,165164,0
20260428,220000,433.95,435.55,433.85,434.95,104488,0
20260428,230000,435,435,434.25,434.4,46750,0
20260429,070000,434.4,435.95,432.5,435.95,185698,0
20260429,080000,435.95,436.2,435,435.35,121154,0
20260429,090000,435.35,436.55,434.7,436.1,163637,0
20260429,100000,436.05,436.1,433.6,435,430476,0
20260429,110000,435.1,437.4,434.35,435.25,487458,0
20260429,120000,435.3,436.5,435.1,435.9,137130,0
20260429,130000,435.95,436.45,433.75,434.25,283493,0
20260429,140000,434.25,434.7,432.75,433.05,283944,0
20260429,150000,433.05,433.2,430.3,431.55,745675,0
20260429,160000,431.5,434,430.1,431.45,749967,0
20260429,170000,431.5,432.15,428,428,872859,0
20260429,180000,428.05,428.05,425,427.4,1277006,0
20260429,190000,427.4,430.6,427.4,430.15,431120,0
20260429,200000,430.1,434.65,429.4,432.6,740144,0
20260429,210000,432.6,434.15,432.5,433.15,286074,0
20260429,220000,433.15,433.25,429.85,430.95,310366,0
20260429,230000,430.95,430.95,430.05,430.7,93796,0
20260430,070000,432.15,433.55,431.45,432.2,234272,0
20260430,080000,432.2,432.5,431.3,431.75,90088,0
20260430,090000,431.85,432.4,430.3,431,228873,0
20260430,100000,430.95,431.8,428.2,431.05,593438,0
20260430,110000,431.1,431.7,430.05,431.25,484138,0
20260430,120000,431.25,431.3,428.7,429.65,419834,0
20260430,130000,429.65,431.5,429.3,431.35,164992,0
20260430,140000,431.35,431.45,428.35,429,467524,0
20260430,150000,429,430.2,428.85,429.6,129999,0
20260430,160000,429.5,429.7,427.35,429.45,300613,0
20260430,170000,429.35,430.35,426.55,427.3,504485,0
20260430,180000,427.25,428.4,426,428,286799,0
20260430,190000,427.9,428.6,427.1,427.55,75761,0
20260430,200000,427.55,427.9,425.7,427.7,134893,0
20260430,210000,427.6,428,427.2,427.95,65900,0
20260430,220000,427.95,428,427,427.2,75946,0
20260430,230000,427.1,428.7,427.1,428.25,77011,0
20260501,090000,429,429,429,429,817,0
20260501,100000,429.05,429.45,426.65,428.85,128508,0
20260501,110000,428.9,428.9,427.8,428.7,29139,0
20260501,120000,428.7,428.8,427.95,428,13473,0
20260501,130000,428,428.15,426.65,427.8,67841,0
20260501,140000,427.85,427.85,426.5,427,39243,0
20260501,150000,427,427.1,425.8,426.1,59128,0
20260501,160000,426.1,426.75,425.3,425.55,73303,0
20260501,170000,425.5,425.55,424.2,425.45,220909,0
20260501,180000,425.45,425.8,424.5,425.1,78380,0
20260502,090000,424.8,424.8,424.8,424.8,1942,0
20260502,100000,424.8,424.8,421.95,422.9,283108,0
20260502,110000,422.9,423.05,422,422.8,123455,0
20260502,120000,422.8,423,421.95,422.9,86833,0
20260502,130000,422.85,422.85,422.1,422.8,83181,0
20260502,140000,422.8,423.7,422.65,423.05,66909,0
20260502,150000,423.05,423.55,423.05,423.5,12404,0
20260502,160000,423.35,423.8,422.9,423.3,43172,0
20260502,170000,423.3,423.4,422.8,422.85,8820,0
20260502,180000,422.85,423,422.75,422.95,47029,0
20260503,090000,422.95,422.95,422.95,422.95,689,0
20260503,100000,422.95,424.15,422.75,423.6,44750,0
20260503,110000,423.6,423.9,423.25,423.25,21560,0
20260503,120000,423.3,423.45,423,423.45,15695,0
20260503,130000,423.45,423.6,422.9,423.5,33266,0
20260503,140000,423.5,423.5,422.7,422.9,14431,0
20260503,150000,423,423.45,422.85,423.2,11467,0
20260503,160000,423.05,423.3,423.05,423.2,11002,0
20260503,170000,423.2,423.45,423.05,423.2,8841,0
20260503,180000,423.2,423.3,423.05,423.2,11309,0
20260504,070000,424,426,423.2,424.35,307952,0
20260504,080000,424.45,425,424,424.5,70108,0
20260504,090000,424.4,427.2,424.15,425.5,334050,0
20260504,100000,425.6,427.25,425.35,427.15,223894,0
20260504,110000,427.15,427.5,423.5,423.55,330610,0
20260504,120000,423.55,424.3,420.35,422.45,685268,0
20260504,130000,422.45,427,421.5,424.35,1105861,0
20260504,140000,424.3,424.35,420.6,420.8,447932,0
20260504,150000,420.8,422,420.5,421.9,274954,0
20260504,160000,421.85,422.3,418.8,419.65,591351,0
20260504,170000,419.65,421.15,418.3,420.9,361911,0
20260504,180000,420.9,424,420.05,423.6,380278,0
20260504,190000,423.55,425,422.55,423.35,298345,0
20260504,200000,423.4,423.5,418.55,419.25,872171,0
20260504,210000,419.3,421.8,418.95,421.45,214443,0
20260504,220000,421.5,424,421.1,422.55,384481,0
20260504,230000,422.55,422.9,420.2,421.4,253258,0
20260505,070000,422.4,422.65,420.2,420.95,112538,0
20260505,080000,420.8,422,420.75,421.8,41683,0
20260505,090000,421.8,422.35,420.2,421.55,159587,0
20260505,100000,421.55,422.85,418.8,419.05,387919,0
20260505,110000,419.1,419.55,415.65,416.25,1004955,0
20260505,120000,416.4,418.75,416.1,417.95,386072,0
20260505,130000,417.9,419.35,416.1,416.7,595006,0
20260505,140000,416.7,420.8,416.45,419.15,669835,0
20260505,150000,419.15,424.8,419.15,423.25,1074486,0
20260505,160000,423.35,424.35,421.25,423.8,335051,0
20260505,170000,423.95,424.2,422.05,424.2,285985,0
20260505,180000,424.2,424.6,422.5,422.95,101004,0
20260505,190000,422.9,423.7,421.15,421.75,93293,0
20260505,200000,421.75,422.35,421,421.95,78705,0
20260505,210000,422.1,422.5,421.8,422.4,34434,0
20260505,220000,422.35,422.35,421.6,421.8,64863,0
20260505,230000,421.75,422.05,421.05,421.75,88991,0
20260506,070000,420.9,422.65,420.6,421.5,171235,0
20260506,080000,421.4,422.35,421.2,421.95,130891,0
20260506,090000,422.15,422.25,419.55,419.6,225443,0
20260506,100000,419.65,421.05,418.25,418.6,255960,0
20260506,110000,418.6,419.85,417.5,418.45,442525,0
20260506,120000,418.3,418.6,415,415.15,855015,0
20260506,130000,415.2,415.25,410.55,411.4,1400510,0
20260506,140000,411.3,412.8,410.6,412.7,760698,0
20260506,150000,412.75,415.1,411.3,413,1031514,0
20260506,160000,412.85,413.35,411.3,412.05,395120,0
20260506,170000,412,413.9,411.5,412.85,257312,0
20260506,180000,412.85,413.9,412.75,413,159922,0
20260506,190000,413.15,413.9,411.85,412.25,195279,0
20260506,200000,412.2,412.65,411,411.35,207099,0
20260506,210000,411.35,411.75,410.55,410.75,177714,0
20260506,220000,410.8,411.2,410.55,410.75,113587,0
20260506,230000,410.75,410.95,409.6,409.95,202314,0
20260507,070000,410.35,411.6,410.3,410.45,133000,0
20260507,080000,410.4,410.6,407.55,407.95,399418,0
20260507,090000,408.1,409.85,407.8,408.6,223747,0
20260507,100000,408.6,408.6,406.2,407.3,649887,0
20260507,110000,407.3,408.45,407,407.75,249986,0
20260507,120000,407.6,409,407.25,408.3,295617,0
20260507,130000,408.25,409.4,406.65,407,385109,0
20260507,140000,407,407.9,406,407.4,365958,0
20260507,150000,407.45,407.75,404.1,404.5,535230,0
20260507,160000,404.5,405.65,403.75,404.25,484041,0
20260507,170000,404.25,405.25,403.45,404.15,425781,0
20260507,180000,404.1,404.65,403.4,404.5,298835,0
20260507,190000,404.45,406.1,404.05,405.8,332025,0
20260507,200000,405.7,405.8,404.2,404.2,167543,0
20260507,210000,404.2,404.45,403.85,404.1,139350,0
20260507,220000,404.1,404.35,403.65,404.1,84995,0
20260507,230000,404.1,404.3,402.4,403.85,383314,0
20260508,070000,404.3,405.45,403.25,403.45,229078,0
20260508,080000,403.65,404.3,402.05,402.85,308953,0
20260508,090000,402.9,403.6,402.2,402.5,171603,0
20260508,100000,402.55,403.5,402,402.5,299001,0
20260508,110000,402.6,403.7,401.3,402.1,295032,0
20260508,120000,402.1,402.7,402,402.3,93148,0
