20251217,070000,59.22,59.98,59.22,59.65,3535390,0
20251217,080000,59.67,59.74,59.38,59.4,1660880,0
20251217,090000,59.39,59.64,59.25,59.55,1758610,0
20251217,100000,59.55,59.57,58.62,58.94,15937230,0
20251217,110000,58.93,60.89,58.87,60.28,21669510,0
20251217,120000,60.27,60.27,59.5,59.59,16584550,0
20251217,130000,59.58,60.12,59.52,59.92,6005690,0
20251217,140000,59.92,59.93,59.22,59.59,6951450,0
20251217,150000,59.61,59.8,59.43,59.61,2918420,0
20251217,160000,59.61,59.75,59.26,59.28,3616660,0
20251217,170000,59.28,59.55,58.9,59.53,6144560,0
20251217,180000,59.54,59.94,59.22,59.79,5066330,0
20251217,190000,59.78,60.26,59.66,59.95,5294560,0
20251217,200000,59.95,60.1,59.85,60.03,1289890,0
20251217,210000,60.04,60.14,59.84,59.91,1171930,0
20251217,220000,59.91,60.15,59.64,59.95,2676930,0
20251217,230000,59.96,60.18,59.93,59.93,1321910,0
20251218,070000,60.24,60.43,59.93,60.06,2063840,0
20251218,080000,60.09,60.23,60,60.09,381320,0
20251218,090000,60.09,60.38,59.98,60.28,1907980,0
20251218,100000,60.28,60.85,60.04,60.62,6652880,0
20251218,110000,60.64,60.68,60.38,60.45,2820790,0
20251218,120000,60.47,60.47,60.21,60.4,1858910,0
20251218,130000,60.4,60.55,60.37,60.44,1514670,0
20251218,140000,60.46,60.48,60.07,60.25,2549920,0
20251218,150000,60.24,60.68,60.15,60.34,3985310,0
20251218,160000,60.33,60.34,59.94,60.08,2647920,0
20251218,170000,60.08,60.08,59.4,59.55,3546420,0
20251218,180000,59.54,59.85,59.36,59.61,2649090,0
20251218,190000,59.62,59.93,59.61,59.88,1435710,0
20251218,200000,59.88,59.96,59.73,59.91,1066720,0
20251218,210000,59.91,59.96,59.87,59.88,178440,0
20251218,220000,59.9,60.1,59.9,60.09,1292780,0
20251218,230000,60.09,60.28,60.09,60.28,838760,0
20251219,070000,60.55,60.79,60.11,60.17,2621750,0
20251219,080000,60.17,60.39,60.16,60.27,1662160,0
20251219,090000,60.27,60.46,60.21,60.32,964780,0
20251219,100000,60.32,60.76,59.9,60.12,3690510,0
20251219,110000,60.12,60.2,59.77,60.09,1980240,0
20251219,120000,60.08,60.12,59.73,60.04,2017050,0
20251219,130000,60.02,60.19,58.82,59.41,14750830,0
20251219,140000,59.4,59.92,59.08,59.8,5485460,0
20251219,150000,59.79,59.83,59.4,59.44,2231650,0
20251219,160000,59.45,59.81,59.27,59.41,2603280,0
20251219,170000,59.41,59.56,59.15,59.35,1621870,0
20251219,180000,59.35,59.7,59.32,59.45,897940,0
20251219,190000,59.45,59.66,59.43,59.56,222940,0
20251219,200000,59.56,59.94,59.52,59.87,776700,0
20251219,210000,59.87,59.91,59.58,59.64,682260,0
20251219,220000,59.63,59.72,59.53,59.71,363160,0
20251219,230000,59.7,59.78,59.68,59.76,262410,0
20251220,090000,59.76,59.76,59.76,59.76,1170,0
20251220,100000,59.76,59.93,59.75,59.76,378990,0
20251220,110000,59.76,59.93,59.63,59.78,331100,0
20251220,120000,59.78,59.84,59.72,59.82,68810,0
20251220,130000,59.82,59.83,59.7,59.72,102220,0
20251220,140000,59.73,59.78,59.68,59.75,100810,0
20251220,150000,59.73,59.76,59.64,59.68,137650,0
20251220,160000,59.67,59.73,59.6,59.7,147350,0
20251220,170000,59.7,59.76,59.63,59.74,75170,0
20251220,180000,59.74,59.77,59.66,59.75,101880,0
20251221,090000,59.75,59.75,59.75,59.75,660,0
20251221,100000,59.75,59.85,59.49,59.79,202600,0
20251221,110000,59.79,59.94,59.77,59.79,202440,0
20251221,120000,59.81,59.84,59.7,59.76,95100,0
20251221,130000,59.73,59.79,59.7,59.72,72730,0
20251221,140000,59.76,59.79,59.71,59.78,34050,0
20251221,150000,59.77,59.82,59.71,59.81,65170,0
20251221,160000,59.81,59.83,59.71,59.73,55410,0
20251221,170000,59.74,59.76,59.65,59.65,62540,0
20251221,180000,59.69,59.7,59.6,59.68,137660,0
20251222,070000,59.68,59.75,59.26,59.47,1484090,0
20251222,080000,59.43,59.57,59.13,59.25,597310,0
20251222,090000,59.25,59.31,58.8,59.08,2296580,0
20251222,100000,59.08,59.08,58.07,58.07,9041760,0
20251222,110000,58.07,58.3,58,58.28,4443370,0
20251222,120000,58.27,58.64,58.04,58.24,4606480,0
20251222,130000,58.24,58.33,58.11,58.3,2296680,0
20251222,140000,58.29,58.31,58.19,58.21,799910,0
20251222,150000,58.21,58.32,58.11,58.2,1051800,0
20251222,160000,58.22,58.45,57.79,58.03,3734810,0
20251222,170000,58.02,58.05,57.73,57.87,1814230,0
20251222,180000,57.87,57.9,57.77,57.85,671770,0
20251222,190000,57.86,58.32,57.83,57.94,2693550,0
20251222,200000,57.95,57.95,57.75,57.79,471170,0
20251222,210000,57.8,57.8,57.61,57.66,843500,0
20251222,220000,57.66,57.71,57.61,57.66,357820,0
20251222,230000,57.66,57.9,57.65,57.89,463360,0
20251223,070000,57.92,58.27,57.87,58.18,1022110,0
20251223,080000,58.17,58.2,57.93,57.97,391740,0
20251223,090000,57.97,58.07,57.8,57.9,632840,0
20251223,100000,57.91,58.29,57.8,58.15,988850,0
20251223,110000,58.15,58.18,57.26,57.38,3466990,0
20251223,120000,57.37,57.41,57.03,57.27,3347730,0
20251223,130000,57.26,57.48,57.2,57.43,1992360,0
20251223,140000,57.44,58,57.44,57.92,2406540,0
20251223,150000,57.92,58.04,57.78,57.93,1412680,0
20251223,160000,57.93,58.16,57.84,58.13,1964180,0
20251223,170000,58.12,58.18,57.66,57.94,1685660,0
20251223,180000,57.93,58.04,57.91,57.97,387800,0
20251223,190000,57.97,58.12,57.93,57.95,520360,0
20251223,200000,57.95,58,57.9,57.94,190070,0
20251223,210000,57.94,58.14,57.93,58.09,670260,0
20251223,220000,58.09,58.19,58.08,58.19,227500,0
20251223,230000,58.19,58.2,58.04,58.1,376090,0
20251224,070000,58.28,58.65,58.07,58.2,1763760,0
20251224,080000,58.21,58.32,58.12,58.23,739970,0
20251224,090000,58.21,58.23,57.47,57.78,2759080,0
20251224,100000,57.75,58.02,57.55,57.8,933120,0
20251224,110000,57.79,58.02,57.38,57.71,2542590,0
20251224,120000,57.71,57.97,57.67,57.88,743800,0
20251224,130000,57.87,58.06,57.81,57.93,887650,0
20251224,140000,57.93,58.15,57.9,57.92,916540,0
20251224,150000,57.91,58.05,57.75,57.96,956410,0
20251224,160000,57.96,57.98,57.67,57.92,1627150,0
20251224,170000,57.91,58,57.73,57.75,642340,0
20251224,180000,57.76,57.78,57.55,57.67,1246590,0
20251224,190000,57.66,57.78,57.56,57.74,654990,0
20251224,200000,57.73,57.79,57.69,57.79,156390,0
20251224,210000,57.79,57.86,57.75,57.79,163640,0
20251224,220000,57.79,57.92,57.78,57.91,413860,0
20251224,230000,57.9,57.92,57.8,57.87,182130,0
20251225,070000,57.84,57.88,57.69,57.71,240930,0
20251225,080000,57.71,57.72,57.55,57.61,268580,0
20251225,090000,57.61,57.63,57.24,57.33,1077110,0
20251225,100000,57.33,57.36,57.1,57.15,3252740,0
20251225,110000,57.16,57.42,57.11,57.31,1210920,0
20251225,120000,57.32,57.34,57.14,57.18,596830,0
20251225,130000,57.18,57.22,57.06,57.09,650740,0
20251225,140000,57.11,57.17,57.09,57.14,318910,0
20251225,150000,57.13,57.14,56.81,56.83,1632450,0
20251225,160000,56.83,57.09,56.76,56.9,968520,0
20251225,170000,56.9,57.02,56.85,56.97,495640,0
20251225,180000,56.98,56.99,56.9,56.92,203710,0
20251225,190000,56.91,57.07,56.9,57.04,427700,0
20251225,200000,57.03,57.08,56.99,56.99,390160,0
20251225,210000,57,57.07,56.98,57.07,270950,0
20251225,220000,57.07,57.24,57.01,57.07,592770,0
20251225,230000,57.05,57.06,56.87,56.9,501000,0
20251226,070000,56.9,57.11,56.65,56.75,1227130,0
20251226,080000,56.75,56.91,56.73,56.79,211800,0
20251226,090000,56.8,57.79,56.76,57.49,3323240,0
20251226,100000,57.49,57.86,57.4,57.57,2817540,0
20251226,110000,57.57,57.79,57.5,57.65,1619390,0
20251226,120000,57.67,57.77,57.55,57.67,1346710,0
20251226,130000,57.66,58.37,57.66,58.35,4138860,0
20251226,140000,58.35,58.47,58.17,58.4,2453800,0
20251226,150000,58.4,58.79,58.28,58.7,4136360,0
20251226,160000,58.7,58.98,58.63,58.79,2854210,0
20251226,170000,58.78,58.9,58.74,58.86,2178130,0
20251226,180000,58.86,58.9,58.76,58.85,1306240,0
20251226,190000,58.82,58.9,58.41,58.49,3206310,0
20251226,200000,58.5,58.6,58.48,58.55,449590,0
20251226,210000,58.55,58.56,58.47,58.52,213310,0
20251226,220000,58.52,58.73,58.52,58.7,645560,0
20251226,230000,58.7,58.89,58.68,58.85,2173300,0
20251227,090000,59,59,59,59,45370,0
20251227,100000,59,59.38,58.8,58.86,2016980,0
20251227,110000,58.88,58.96,58.8,58.83,453840,0
20251227,120000,58.83,58.94,58.74,58.76,505710,0
20251227,130000,58.75,58.82,58.72,58.76,455950,0
20251227,140000,58.77,58.87,58.77,58.84,111120,0
20251227,150000,58.82,58.88,58.79,58.83,138750,0
20251227,160000,58.85,58.88,58.8,58.83,76740,0
20251227,170000,58.83,58.84,58.8,58.83,72830,0
20251227,180000,58.81,58.92,58.8,58.86,270810,0
20251228,090000,58.8,58.8,58.8,58.8,10070,0
20251228,100000,58.85,58.91,58.52,58.6,569770,0
20251228,110000,58.6,58.7,58.52,58.7,254120,0
20251228,120000,58.7,58.7,58.54,58.64,293170,0
20251228,130000,58.63,58.68,58.6,58.6,119650,0
20251228,140000,58.6,58.77,58.6,58.72,175230,0
20251228,150000,58.68,58.93,58.68,58.86,211550,0
20251228,160000,58.88,59.37,58.86,59.09,640440,0
20251228,170000,59.09,59.38,59,59.11,1053450,0
20251228,180000,59.07,59.32,59.07,59.2,693180,0
20251229,070000,58.83,59.13,58.59,59.09,2511320,0
20251229,080000,59.1,59.23,58.86,59.06,1074670,0
20251229,090000,59.06,59.11,58.62,58.91,1024970,0
20251229,100000,58.91,59.13,58.65,58.83,1556480,0
20251229,110000,58.82,59.87,58.82,59.82,4801660,0
20251229,120000,59.82,60.12,59.39,59.52,4563640,0
20251229,130000,59.53,59.61,59.43,59.5,789330,0
20251229,140000,59.49,59.61,59.39,59.56,861440,0
20251229,150000,59.56,59.73,59.47,59.66,1722490,0
20251229,160000,59.66,59.67,58.8,58.94,2732560,0
20251229,170000,58.92,59.17,58.86,58.9,850410,0
20251229,180000,58.89,58.9,58.02,58.19,4956640,0
20251229,190000,58.22,58.55,58.12,58.26,2735240,0
20251229,200000,58.26,58.31,58.11,58.15,1139140,0
20251229,210000,58.15,58.21,57.87,58.14,2363180,0
20251229,220000,58.14,58.15,58.04,58.06,351080,0
20251229,230000,58.05,58.1,57.89,57.91,805010,0
20251230,070000,57.91,58.26,57.9,58.11,777110,0
20251230,080000,58.12,58.31,58.08,58.21,355980,0
20251230,090000,58.21,58.21,57.78,57.86,1104460,0
20251230,100000,57.88,57.89,57.45,57.7,2617680,0
20251230,110000,57.7,57.8,57.5,57.7,1236200,0
20251230,120000,57.7,57.82,57.61,57.79,828470,0
20251230,130000,57.8,57.84,57.5,57.53,1184490,0
20251230,140000,57.53,57.83,57.52,57.78,838570,0
20251230,150000,57.77,57.96,57.77,57.96,628580,0
20251230,160000,57.96,58.07,57.91,58.02,960900,0
20251230,170000,58.03,58.09,57.8,57.82,967070,0
20251230,180000,57.82,57.87,57.7,57.7,427630,0
20251230,190000,57.7,57.89,57.69,57.86,262820,0
20251230,200000,57.86,57.87,57.75,57.82,231480,0
20251230,210000,57.83,57.95,57.78,57.88,599770,0
20251230,220000,57.89,57.95,57.82,57.82,374580,0
20251230,230000,57.82,58,57.8,57.95,774280,0
20260105,070000,57.69,57.95,56.52,56.67,2423710,0
20260105,080000,56.67,56.73,56.42,56.67,1344890,0
20260105,090000,56.67,56.69,56.22,56.29,2668210,0
20260105,100000,56.26,56.51,56.2,56.44,2715060,0
20260105,110000,56.44,56.67,56.35,56.67,1598090,0
20260105,120000,56.66,56.76,56.53,56.67,1283970,0
20260105,130000,56.69,56.85,56.59,56.79,1124870,0
20260105,140000,56.79,57,56.71,56.97,1222060,0
20260105,150000,56.97,57.01,56.82,56.85,940170,0
20260105,160000,56.86,57.29,56.86,57.13,1401910,0
20260105,170000,57.13,57.76,57.13,57.61,1966580,0
20260105,180000,57.6,57.67,57.43,57.5,944590,0
20260105,190000,57.46,57.55,57.32,57.36,719230,0
20260105,200000,57.36,57.36,57.2,57.25,433890,0
20260105,210000,57.24,57.36,57.23,57.32,149610,0
20260105,220000,57.3,57.32,57.23,57.26,159590,0
20260105,230000,57.26,57.29,57.2,57.27,312300,0
20260106,070000,57.39,57.57,57.22,57.44,318320,0
20260106,080000,57.4,57.46,57.32,57.34,111050,0
20260106,090000,57.34,57.56,57.18,57.56,440420,0
20260106,100000,57.55,57.55,57.21,57.34,1000580,0
20260106,110000,57.34,57.45,57.29,57.42,295410,0
20260106,120000,57.42,57.47,57.34,57.45,224850,0
20260106,130000,57.45,57.45,57.29,57.41,308720,0
20260106,140000,57.41,57.41,57,57.13,1411310,0
20260106,150000,57.14,57.14,56.96,57.09,390950,0
20260106,160000,57.09,57.15,57,57.02,310380,0
20260106,170000,57.01,57.01,56.9,56.97,589870,0
20260106,180000,56.97,57.09,56.95,57.01,347740,0
20260106,190000,57.08,57.17,57.04,57.16,250360,0
20260106,200000,57.16,57.32,57.11,57.22,455390,0
20260106,210000,57.23,57.26,57.12,57.15,94030,0
20260106,220000,57.15,57.17,57.11,57.16,87570,0
20260106,230000,57.17,57.24,57.15,57.15,258630,0
20260108,070000,56.5,56.88,56.29,56.4,2377610,0
20260108,080000,56.41,56.65,56.4,56.55,380940,0
20260108,090000,56.55,56.73,56.36,56.61,1235710,0
20260108,100000,56.56,56.72,56.52,56.63,542850,0
20260108,110000,56.62,56.67,56.44,56.6,490100,0
20260108,120000,56.6,56.8,56.59,56.74,347130,0
20260108,130000,56.73,56.77,56.43,56.59,735640,0
20260108,140000,56.6,56.6,56.45,56.47,242300,0
20260108,150000,56.47,56.57,56.31,56.54,577090,0
20260108,160000,56.51,56.62,56.42,56.5,460070,0
20260108,170000,56.5,56.53,56.43,56.53,163070,0
20260108,180000,56.53,56.63,56.48,56.61,491870,0
20260108,190000,56.6,56.6,56.48,56.57,52870,0
20260108,200000,56.57,56.62,56.57,56.6,103460,0
20260108,210000,56.6,56.69,56.54,56.69,160930,0
20260108,220000,56.69,56.7,56.57,56.64,180030,0
20260108,230000,56.65,56.69,56.57,56.58,131600,0
20260109,070000,56.63,57.49,56.58,57.32,2418190,0
20260109,080000,57.3,57.37,57.15,57.23,853840,0
20260109,090000,57.23,57.36,56.79,57.05,1912780,0
20260109,100000,57.05,57.33,56.96,57.3,1692520,0
20260109,110000,57.32,57.5,57.18,57.45,1792180,0
20260109,120000,57.45,57.6,57.41,57.49,1161420,0
20260109,130000,57.49,57.55,57.13,57.33,2523580,0
20260109,140000,57.32,57.51,57.32,57.4,781230,0
20260109,150000,57.42,57.42,57.2,57.22,505360,0
20260109,160000,57.22,57.36,57.16,57.16,441730,0
20260109,170000,57.16,57.24,57.1,57.14,231070,0
20260109,180000,57.14,57.24,57.12,57.24,292620,0
20260109,190000,57.23,57.34,57.17,57.31,283460,0
20260109,200000,57.3,57.36,57.2,57.3,269320,0
20260109,210000,57.3,57.34,57.23,57.29,297500,0
20260109,220000,57.29,57.29,57.23,57.23,147750,0
20260109,230000,57.23,57.26,57.2,57.25,289140,0
20260112,070000,57.26,57.48,57.2,57.26,779450,0
20260112,080000,57.26,57.29,57.14,57.15,265630,0
20260112,090000,57.15,57.25,57.02,57.05,1070920,0
20260112,100000,57.05,57.2,56.67,57.13,4838160,0
20260112,110000,57.13,57.21,57.02,57.03,1854380,0
20260112,120000,57.04,57.16,57.03,57.11,492400,0
20260112,130000,57.12,57.15,56.9,56.96,1024000,0
20260112,140000,56.95,57,56.84,56.96,600260,0
20260112,150000,56.96,56.96,56.51,56.76,1879370,0
20260112,160000,56.74,56.78,56.56,56.72,635820,0
20260112,170000,56.72,56.79,56.42,56.48,1736030,0
20260112,180000,56.48,56.6,56.39,56.58,814580,0
20260112,190000,56.55,56.7,56.52,56.68,364760,0
20260112,200000,56.68,56.7,56.59,56.68,143600,0
20260112,210000,56.68,56.74,56.66,56.72,213560,0
20260112,220000,56.72,56.92,56.72,56.87,430490,0
20260112,230000,56.87,57.02,56.85,56.99,289390,0
20260113,070000,56.85,56.96,56.55,56.73,450890,0
20260113,080000,56.74,56.87,56.5,56.58,357140,0
20260113,090000,56.61,56.64,56.01,56.23,2887100,0
20260113,100000,56.23,56.37,55.93,56.04,4195660,0
20260113,110000,56.03,56.11,55.7,55.88,2335250,0
20260113,120000,55.87,56.15,55.86,56.1,1314590,0
20260113,130000,56.1,56.25,56.04,56.1,1012960,0
20260113,140000,56.1,56.15,56,56.08,315850,0
20260113,150000,56.08,56.09,55.91,55.97,613230,0
20260113,160000,55.97,56.24,55.96,56.01,1545360,0
20260113,170000,56.02,56.14,55.58,55.65,3011880,0
20260113,180000,55.66,55.76,55.41,55.6,2384480,0
20260113,190000,55.6,55.71,55.49,55.49,771530,0
20260113,200000,55.5,55.58,55.45,55.5,443300,0
20260113,210000,55.47,55.65,55.42,55.61,590130,0
20260113,220000,55.61,55.62,55.51,55.59,280560,0
20260113,230000,55.57,55.57,55.3,55.41,677810,0
20260114,070000,55.42,55.65,55.4,55.63,985460,0
20260114,080000,55.63,55.64,55.16,55.26,855170,0
20260114,090000,55.25,55.29,55.07,55.17,931050,0
20260114,100000,55.17,55.27,54.68,55.16,4188640,0
20260114,110000,55.16,56.5,55.1,55.79,7316640,0
20260114,120000,55.8,56.17,55.77,55.91,2757200,0
20260114,130000,55.89,56.07,55.7,55.77,832990,0
20260114,140000,55.79,55.93,55.75,55.84,357840,0
20260114,150000,55.84,55.93,55.62,55.71,613810,0
20260114,160000,55.71,55.78,55.46,55.72,730420,0
20260114,170000,55.71,55.96,55.4,55.43,1687500,0
20260114,180000,55.44,55.61,55.39,55.56,768020,0
20260114,190000,55.55,55.55,55.19,55.31,928400,0
20260114,200000,55.31,55.44,55.23,55.37,229350,0
20260114,210000,55.39,55.39,55.22,55.34,419590,0
20260114,220000,55.35,55.47,55.29,55.47,362270,0
20260114,230000,55.48,55.5,55.22,55.24,342130,0
20260115,070000,55.24,55.83,55.23,55.55,840680,0
20260115,080000,55.55,55.58,55.34,55.47,242880,0
20260115,090000,55.45,55.5,55.3,55.41,306440,0
20260115,100000,55.38,55.47,55.13,55.33,1158210,0
20260115,110000,55.33,55.8,55.32,55.5,1491420,0
20260115,120000,55.51,55.69,55.22,55.24,1429350,0
20260115,130000,55.24,56.09,55.24,55.82,4392140,0
20260115,140000,55.83,55.99,55.75,55.98,909030,0
20260115,150000,55.98,56,55.81,55.95,698050,0
20260115,160000,55.94,55.97,55.77,55.9,609930,0
20260115,170000,55.9,56,55.55,55.65,1165560,0
20260115,180000,55.65,55.83,55.6,55.64,314570,0
20260115,190000,55.65,56,55.58,55.69,1124530,0
20260115,200000,55.69,55.96,55.69,55.86,372950,0
20260115,210000,55.86,55.88,55.78,55.81,187500,0
20260115,220000,55.81,56.29,55.81,56.14,1535780,0
20260115,230000,56.14,56.2,56.04,56.16,321370,0
20260116,070000,56.22,56.25,55.97,56,582600,0
20260116,080000,56,56.17,55.98,56.07,197240,0
20260116,090000,56.07,56.15,56,56.03,326930,0
20260116,100000,56.04,56.69,55.91,56.67,3028190,0
20260116,110000,56.67,56.85,56.5,56.58,2894380,0
20260116,120000,56.59,56.64,56.5,56.53,497270,0
20260116,130000,56.53,56.67,56.52,56.59,464290,0
20260116,140000,56.6,56.77,56.56,56.74,364240,0
20260116,150000,56.75,56.75,56.56,56.59,316400,0
20260116,160000,56.59,56.88,56.52,56.7,1895600,0
20260116,170000,56.69,56.96,56.63,56.79,2806330,0
20260116,180000,56.8,56.87,56.35,56.51,2234860,0
20260116,190000,56.5,56.67,56.45,56.56,358780,0
20260116,200000,56.56,56.68,56.56,56.65,130870,0
20260116,210000,56.66,56.75,56.6,56.66,497600,0
20260116,220000,56.68,56.69,56.5,56.51,468570,0
20260116,230000,56.51,56.58,56.44,56.56,368280,0
20260117,090000,56.75,56.75,56.75,56.75,10000,0
20260117,100000,56.75,56.75,56.44,56.49,391810,0
20260117,110000,56.49,56.5,56.45,56.48,166400,0
20260117,120000,56.48,56.63,56.45,56.63,251320,0
20260117,130000,56.63,56.65,56.56,56.64,119860,0
20260117,140000,56.64,56.66,56.56,56.57,76060,0
20260117,150000,56.56,56.57,56.56,56.57,36510,0
20260117,160000,56.57,56.64,56.56,56.64,72260,0
20260117,170000,56.64,56.65,56.6,56.62,71610,0
20260117,180000,56.62,56.62,56.54,56.61,115900,0
20260118,090000,56.61,56.61,56.61,56.61,1880,0
20260118,100000,56.62,56.7,56.51,56.56,122570,0
20260118,110000,56.58,56.65,56.56,56.64,31820,0
20260118,120000,56.64,56.64,56.56,56.63,90350,0
20260118,130000,56.62,56.65,56.57,56.65,75440,0
20260118,140000,56.63,56.69,56.63,56.66,46370,0
20260118,150000,56.63,56.7,56.63,56.67,64900,0
20260118,160000,56.67,56.76,56.67,56.73,82500,0
20260118,170000,56.73,56.83,56.7,56.76,371440,0
20260118,180000,56.76,56.82,56.74,56.8,261620,0
20260119,070000,56.8,56.86,56.63,56.75,829330,0
20260119,080000,56.75,56.75,56.44,56.45,1149690,0
20260119,090000,56.48,56.61,56.23,56.29,1602990,0
20260119,100000,56.29,56.61,56.16,56.55,1218540,0
20260119,110000,56.55,56.97,56.46,56.86,2004200,0
20260119,120000,56.85,56.88,56.7,56.8,523880,0
20260119,130000,56.77,56.85,56.63,56.83,884350,0
20260119,140000,56.83,56.9,56.67,56.72,873540,0
20260119,150000,56.71,56.84,56.66,56.79,387140,0
20260119,160000,56.78,56.8,56.51,56.67,736810,0
20260119,170000,56.66,56.85,56.62,56.83,752030,0
20260119,180000,56.83,56.83,56.66,56.75,406140,0
20260119,190000,56.74,56.76,56.6,56.7,348920,0
20260119,200000,56.69,56.71,56.61,56.69,232510,0
20260119,210000,56.67,56.76,56.64,56.71,313520,0
20260119,220000,56.72,56.72,56.42,56.44,563300,0
20260119,230000,56.44,56.47,56.11,56.32,1093330,0
20260120,070000,56.38,56.5,56.2,56.29,598060,0
20260120,080000,56.29,56.69,56.21,56.56,657590,0
20260120,090000,56.55,56.6,56.25,56.27,561820,0
20260120,100000,56.27,56.38,56.12,56.27,2374640,0
20260120,110000,56.24,56.35,55.77,56.31,4456290,0
20260120,120000,56.31,56.65,56.15,56.58,2607310,0
20260120,130000,56.58,56.6,56.31,56.4,831760,0
20260120,140000,56.41,56.41,56.04,56.16,1469130,0
20260120,150000,56.17,56.23,55.9,56.18,917250,0
20260120,160000,56.18,56.38,56.17,56.25,652170,0
20260120,170000,56.26,56.55,56.09,56.37,1440310,0
20260120,180000,56.37,56.51,56.34,56.38,287710,0
20260120,190000,56.38,56.43,56.28,56.31,267480,0
20260120,200000,56.31,56.33,56.27,56.3,156670,0
20260120,210000,56.29,56.33,55.96,56.26,2074680,0
20260120,220000,56.25,56.54,56.25,56.48,811590,0
20260120,230000,56.51,56.52,56.28,56.31,378870,0
20260121,070000,56.45,56.57,56.17,56.2,879540,0
20260121,080000,56.19,56.29,56.06,56.25,362090,0
20260121,090000,56.23,56.3,56.1,56.21,479200,0
20260121,100000,56.24,56.25,55.99,56.2,1047980,0
20260121,110000,56.19,56.2,55.94,56.15,614250,0
20260121,120000,56.14,56.52,56.09,56.3,1822230,0
20260121,130000,56.3,57.3,56.29,57.27,7578870,0
20260121,140000,57.27,58.3,57.23,57.9,11009100,0
20260121,150000,57.89,58.08,57.74,57.96,3240060,0
20260121,160000,57.98,58.06,57.64,57.69,2545800,0
20260121,170000,57.71,57.97,57.68,57.78,1888250,0
20260121,180000,57.77,57.88,57.7,57.7,1365670,0
20260121,190000,57.77,57.93,57.72,57.88,703710,0
20260121,200000,57.85,58.05,57.75,57.99,1430930,0
20260121,210000,57.98,58.3,57.97,58.22,1700380,0
20260121,220000,58.24,58.5,58.02,58.5,2961210,0
20260121,230000,58.5,58.5,58.24,58.5,1313630,0
20260122,070000,58.6,58.86,58.59,58.65,2207750,0
20260122,080000,58.65,58.77,58.43,58.43,1208050,0
20260122,090000,58.44,58.65,58.33,58.56,1351040,0
20260122,100000,58.54,58.82,58.4,58.52,1928110,0
20260122,110000,58.52,58.54,58.18,58.21,1979060,0
20260122,120000,58.2,58.39,58.02,58.34,2899750,0
20260122,130000,58.36,58.57,58.35,58.44,1302790,0
20260122,140000,58.45,58.7,58.23,58.49,2143570,0
20260122,150000,58.49,58.74,58.49,58.71,1155250,0
20260122,160000,58.7,58.72,58.01,58.13,3808460,0
20260122,170000,58.13,58.16,57.32,58,8803410,0
20260122,180000,58,58.07,57.8,57.94,877060,0
20260122,190000,57.94,58.22,57.91,58.02,1529030,0
20260122,200000,58.04,58.05,57.79,57.84,661860,0
20260122,210000,57.85,58.19,57.84,58.06,691890,0
20260122,220000,58.06,58.1,57.81,57.92,910810,0
20260122,230000,57.91,58.09,57.85,58.02,710870,0
20260123,070000,57.88,58.25,57.49,57.79,3136940,0
20260123,080000,57.78,57.94,57.78,57.92,276040,0
20260123,090000,57.91,57.92,57.57,57.66,1385240,0
20260123,100000,57.68,58,57.42,57.73,2838960,0
20260123,110000,57.74,58.16,57.69,57.98,1778850,0
20260123,120000,57.99,58,57.82,57.97,556820,0
20260123,130000,57.96,58.1,57.87,58.02,519920,0
20260123,140000,58.01,58.02,57.75,57.85,691190,0
20260123,150000,57.85,58.09,57.76,57.99,677010,0
20260123,160000,57.98,58,57.8,57.83,433300,0
20260123,170000,57.83,57.92,57.82,57.83,207650,0
20260123,180000,57.83,57.92,57.83,57.92,181900,0
20260123,190000,57.92,58,57.89,57.94,472610,0
20260123,200000,57.93,58.56,57.81,58.42,2657390,0
20260123,210000,58.42,58.54,58.31,58.35,2356920,0
20260123,220000,58.37,58.41,58.25,58.35,1156710,0
20260123,230000,58.34,58.35,58.14,58.15,704260,0
20260124,090000,58.06,58.06,58.06,58.06,10520,0
20260124,100000,58.07,58.42,58.07,58.22,339750,0
20260124,110000,58.22,58.23,58.15,58.22,64990,0
20260124,120000,58.22,58.22,58,58.07,478830,0
20260124,130000,58.08,58.14,57.82,57.92,1326080,0
20260124,140000,57.92,57.97,57.77,57.83,640030,0
20260124,150000,57.83,58.1,57.36,57.84,2746830,0
20260124,160000,57.84,57.96,57.61,57.8,857710,0
20260124,170000,57.8,58.06,57.78,57.9,696840,0
20260124,180000,57.9,57.94,57.79,57.9,247020,0
20260125,090000,58.15,58.15,58.15,58.15,47930,0
20260125,100000,58.14,58.14,57.94,57.99,874540,0
20260125,110000,57.99,58.18,57.95,58.15,313810,0
20260125,120000,58.13,58.4,58.12,58.2,786590,0
20260125,130000,58.2,58.3,58.19,58.2,151460,0
20260125,140000,58.2,58.24,58.18,58.21,118860,0
20260125,150000,58.21,58.27,58.15,58.19,96260,0
20260125,160000,58.21,58.24,58.18,58.21,64650,0
20260125,170000,58.21,58.25,58.16,58.2,135580,0
20260125,180000,58.22,58.23,58.08,58.16,355370,0
20260126,070000,57.93,58.05,57.64,57.78,1434080,0
20260126,080000,57.79,57.83,57.6,57.68,841600,0
20260126,090000,57.69,57.73,57.31,57.43,1697770,0
20260126,100000,57.41,57.63,57.24,57.47,4230140,0
20260126,110000,57.46,57.5,57.21,57.3,1151170,0
20260126,120000,57.3,57.48,57.21,57.34,1873000,0
20260126,130000,57.34,57.41,57.26,57.3,798890,0
20260126,140000,57.3,57.34,57.05,57.1,1169710,0
20260126,150000,57.11,57.27,57.04,57.22,770030,0
20260126,160000,57.22,57.47,57.12,57.26,1573760,0
20260126,170000,57.26,57.4,57.09,57.35,979660,0
20260126,180000,57.35,57.36,57.12,57.28,561640,0
20260126,190000,57.28,57.43,57.19,57.35,583120,0
20260126,200000,57.34,57.52,57.33,57.39,507260,0
20260126,210000,57.39,57.39,57.22,57.22,380200,0
20260126,220000,57.22,57.3,57.15,57.23,503040,0
20260126,230000,57.23,57.27,57.15,57.21,259660,0
20260127,070000,57.22,57.33,57.09,57.12,156020,0
20260127,080000,57.13,57.32,57.11,57.18,182390,0
20260127,090000,57.19,57.39,57.14,57.31,450910,0
20260127,100000,57.31,57.33,57.11,57.19,1039730,0
20260127,110000,57.19,57.65,56.95,57.57,3824980,0
20260127,120000,57.57,57.62,57.41,57.47,961190,0
20260127,130000,57.47,57.78,57.33,57.6,1234690,0
20260127,140000,57.6,57.87,57.57,57.76,1666750,0
20260127,150000,57.77,58.01,57.6,57.73,2004200,0
20260127,160000,57.73,57.93,57.69,57.93,720090,0
20260127,170000,57.93,58.48,57.91,58.38,4728820,0
20260127,180000,58.38,58.42,58.23,58.4,1845840,0
20260127,190000,58.39,58.49,58.29,58.34,802760,0
20260127,200000,58.37,58.5,58.26,58.5,1155590,0
20260127,210000,58.5,58.6,58.43,58.58,1533390,0
20260127,220000,58.57,58.7,58.54,58.7,563630,0
20260127,230000,58.7,58.78,58.55,58.67,782280,0
20260128,070000,58.7,58.75,58.32,58.41,931870,0
20260128,080000,58.42,58.59,58.34,58.53,722520,0
20260128,090000,58.53,58.7,58.34,58.65,914530,0
20260128,100000,58.64,58.65,58.34,58.46,1563090,0
20260128,110000,58.46,58.55,58.15,58.23,1709470,0
20260128,120000,58.22,58.22,58.11,58.19,777380,0
20260128,130000,58.19,58.31,58.12,58.25,805660,0
20260128,140000,58.24,58.28,58.12,58.23,595830,0
20260128,150000,58.24,58.39,58.11,58.16,1108740,0
20260128,160000,58.16,58.28,57.94,58.19,1825680,0
20260128,170000,58.19,58.35,58.17,58.31,574790,0
20260128,180000,58.31,58.35,58.15,58.24,488560,0
20260128,190000,58.24,58.31,58.09,58.16,337850,0
20260128,200000,58.15,58.25,58.11,58.19,204020,0
20260128,210000,58.2,58.23,58.01,58.08,475490,0
20260128,220000,58.09,58.09,58,58.04,331010,0
20260128,230000,58.04,58.11,57.86,57.93,611060,0
20260129,070000,57.93,58.55,57.89,58.43,1291130,0
20260129,080000,58.41,58.64,58.3,58.44,1137130,0
20260129,090000,58.43,58.84,58.27,58.6,2266470,0
20260129,100000,58.64,58.99,58.51,58.7,5101690,0
20260129,110000,58.69,59.04,58.37,58.91,5074940,0
20260129,120000,58.9,59.07,58.53,58.58,3256590,0
20260129,130000,58.58,58.92,58.58,58.79,1508230,0
20260129,140000,58.79,58.83,58.62,58.69,944610,0
20260129,150000,58.7,58.87,58.6,58.71,1041230,0
20260129,160000,58.68,59.13,58.65,59.1,2120870,0
20260129,170000,59.1,59.27,58.82,58.85,4402520,0
20260129,180000,58.85,58.85,57.05,57.57,12134510,0
20260129,190000,57.61,57.76,57.29,57.47,3006860,0
20260129,200000,57.45,58.2,57.35,57.8,4047350,0
20260129,210000,57.79,58.05,57.72,57.89,885960,0
20260129,220000,57.9,58.16,57.8,58.12,1050160,0
20260129,230000,58.12,58.28,57.92,57.92,1613730,0
20260130,070000,57.92,58.3,57.66,57.7,1987620,0
20260130,080000,57.7,58,57.7,57.96,407200,0
20260130,090000,58,58.25,57.76,58.02,1112460,0
20260130,100000,58.03,58.15,57.56,57.96,2809190,0
20260130,110000,57.96,57.97,57.15,57.16,3849500,0
20260130,120000,57.17,57.48,57.12,57.38,2051630,0
20260130,130000,57.37,57.55,57.21,57.45,2083100,0
20260130,140000,57.44,57.51,57.33,57.37,565110,0
20260130,150000,57.37,57.47,57.21,57.26,448920,0
20260130,160000,57.26,57.43,57.22,57.42,675540,0
20260130,170000,57.41,57.45,57.23,57.41,714660,0
20260130,180000,57.41,57.41,57.2,57.27,541220,0
20260130,190000,57.28,57.38,57.2,57.29,570380,0
20260130,200000,57.28,57.44,57.17,57.21,718740,0
20260130,210000,57.21,57.53,57.05,57.28,2674150,0
20260130,220000,57.27,57.31,57.12,57.28,652520,0
20260130,230000,57.28,57.32,57.1,57.26,630890,0
20260131,090000,57.37,57.37,57.37,57.37,2010,0
20260131,100000,57.36,57.48,57.29,57.38,410890,0
20260131,110000,57.39,57.53,57.37,57.51,202450,0
20260131,120000,57.49,57.52,57.44,57.44,83160,0
20260131,130000,57.44,57.46,57.4,57.43,65110,0
20260131,140000,57.44,57.44,57.4,57.4,85290,0
20260131,150000,57.4,57.44,57.4,57.44,64000,0
20260131,160000,57.44,57.46,57.42,57.43,93020,0
20260131,170000,57.45,57.46,57.35,57.39,125160,0
20260131,180000,57.37,57.48,57.3,57.35,271480,0
20260201,090000,57.35,57.35,57.35,57.35,1240,0
20260201,100000,57.35,57.49,57.28,57.45,218210,0
20260201,110000,57.44,57.48,57.4,57.46,128650,0
20260201,120000,57.46,57.46,57.37,57.41,93120,0
20260201,130000,57.41,57.83,57.39,57.66,1335360,0
20260201,140000,57.69,57.77,57.6,57.73,787260,0
20260201,150000,57.72,57.74,57.6,57.61,211180,0
20260201,160000,57.61,57.67,57.52,57.65,231900,0
20260201,170000,57.66,57.74,57.56,57.63,346230,0
20260201,180000,57.63,57.72,57.6,57.71,186540,0
20260202,070000,57.71,57.79,57.16,57.2,1381220,0
20260202,080000,57.19,57.32,57.1,57.23,874090,0
20260202,090000,57.23,57.34,57.1,57.21,1506900,0
20260202,100000,57.22,57.3,57,57.29,2697700,0
20260202,110000,57.28,57.28,57.04,57.17,1104700,0
20260202,120000,57.15,57.58,57.11,57.47,1337640,0
20260202,130000,57.46,57.5,57.3,57.35,724530,0
20260202,140000,57.36,57.4,57.25,57.26,460820,0
20260202,150000,57.26,57.51,57.11,57.39,1537790,0
20260202,160000,57.39,57.43,56.84,57.2,4886070,0
20260202,170000,57.2,57.25,57.12,57.17,840810,0
20260202,180000,57.17,57.19,56.86,57.07,1472110,0
20260202,190000,57.07,57.7,57.06,57.61,2838240,0
20260202,200000,57.62,57.7,57.46,57.47,1503800,0
20260202,210000,57.47,57.48,57.37,57.38,756400,0
20260202,220000,57.38,57.7,57.35,57.7,609150,0
20260202,230000,57.69,57.85,57.66,57.8,607470,0
20260203,070000,57.91,58.26,57.76,58.04,1905830,0
20260203,080000,58.07,58.14,57.71,57.9,911660,0
20260203,090000,57.91,58.93,57.78,58.82,6108980,0
20260203,100000,58.81,58.95,58.52,58.65,4189070,0
20260203,110000,58.65,58.8,58.5,58.54,1996520,0
20260203,120000,58.54,58.69,58.42,58.64,1535900,0
20260203,130000,58.63,58.7,58.56,58.56,471990,0
20260203,140000,58.57,58.73,58.23,58.43,1860040,0
20260203,150000,58.43,58.58,58.27,58.48,1156660,0
20260203,160000,58.46,58.47,57.53,57.96,8107590,0
20260203,170000,57.96,58.14,57.64,58.02,1736470,0
20260203,180000,58.01,58.11,57.85,57.85,955690,0
20260203,190000,57.86,57.94,57.68,57.75,680010,0
20260203,200000,57.73,57.87,57.61,57.64,1134200,0
20260203,210000,57.64,57.92,57.61,57.83,684620,0
20260203,220000,57.84,58,57.78,57.86,590850,0
20260203,230000,57.88,57.93,57.82,57.9,314770,0
20260204,070000,57.97,58.11,57.9,58.07,388050,0
20260204,080000,58.08,58.34,58.01,58.18,883270,0
20260204,090000,58.13,58.28,58.02,58.25,632240,0
20260204,100000,58.25,58.47,58.13,58.38,1811410,0
20260204,110000,58.4,58.42,58.21,58.22,948870,0
20260204,120000,58.22,58.22,57.85,57.93,1549370,0
20260204,130000,57.94,58.12,57.85,58.08,952730,0
20260204,140000,58.08,58.09,57.61,57.82,2267840,0
20260204,150000,57.83,58.07,57.8,57.93,1453080,0
20260204,160000,57.9,57.92,57.65,57.82,1188560,0
20260204,170000,57.82,57.93,57.73,57.87,782930,0
20260204,180000,57.85,57.85,57.61,57.74,870290,0
20260204,190000,57.75,57.78,57.11,57.37,4044820,0
20260204,200000,57.35,57.4,56.6,56.98,3453880,0
20260204,210000,56.99,57.01,56.5,56.72,2602560,0
20260204,220000,56.72,56.81,56.68,56.71,612520,0
20260204,230000,56.71,56.78,56.58,56.76,654110,0
20260205,070000,56.76,56.83,56.56,56.67,730000,0
20260205,080000,56.7,56.7,56.35,56.48,878820,0
20260205,090000,56.5,56.69,56.2,56.36,1702260,0
20260205,100000,56.39,56.82,56.2,56.64,2701950,0
20260205,110000,56.64,56.79,56.41,56.68,1789760,0
20260205,120000,56.67,56.7,56.33,56.38,719370,0
20260205,130000,56.38,56.57,56.12,56.43,3060910,0
20260205,140000,56.44,56.48,56.13,56.29,1320200,0
20260205,150000,56.29,56.33,56.1,56.23,1807620,0
20260205,160000,56.22,56.55,56.15,56.44,2375950,0
20260205,170000,56.43,56.57,56.32,56.46,913020,0
20260205,180000,56.46,56.48,56.2,56.25,445350,0
20260205,190000,56.23,56.37,56.18,56.34,416540,0
20260205,200000,56.34,56.53,56.3,56.53,362270,0
20260205,210000,56.53,56.66,56.43,56.44,476480,0
20260205,220000,56.45,56.56,56.43,56.45,117020,0
20260205,230000,56.45,56.51,56.38,56.44,603860,0
20260206,070000,56.58,56.85,56.57,56.73,1048060,0
20260206,080000,56.73,56.8,56.6,56.77,363260,0
20260206,090000,56.72,56.76,56.49,56.65,548330,0
20260206,100000,56.65,56.74,56.35,56.41,840570,0
20260206,110000,56.41,56.63,56.36,56.6,716160,0
20260206,120000,56.61,56.65,56.36,56.6,510390,0
20260206,130000,56.6,57.3,56.53,57.16,3837470,0
20260206,140000,57.16,57.2,56.81,56.84,1613590,0
20260206,150000,56.86,57,56.73,56.75,551720,0
20260206,160000,56.76,56.98,56.72,56.76,710400,0
20260206,170000,56.76,56.82,56.22,56.64,2119260,0
20260206,180000,56.62,56.75,56.6,56.65,404990,0
20260206,190000,56.65,56.77,56.65,56.76,240160,0
20260206,200000,56.75,56.77,56.63,56.67,461530,0
20260206,210000,56.67,56.67,56.57,56.61,268750,0
20260206,220000,56.6,56.69,56.54,56.57,261340,0
20260206,230000,56.57,56.61,56.5,56.61,207440,0
20260207,090000,56.61,56.61,56.61,56.61,110,0
20260207,100000,56.75,56.8,56.55,56.63,379330,0
20260207,110000,56.63,56.71,56.62,56.7,54700,0
20260207,120000,56.72,56.8,56.67,56.7,224420,0
20260207,130000,56.69,56.7,56.62,56.65,105080,0
20260207,140000,56.65,56.67,56.61,56.64,47450,0
20260207,150000,56.62,56.67,56.6,56.64,55350,0
20260207,160000,56.65,56.67,56.55,56.57,65880,0
20260207,170000,56.57,56.57,56.5,56.52,108240,0
20260207,180000,56.53,56.64,56.51,56.6,161700,0
20260208,090000,56.64,56.64,56.64,56.64,1030,0
20260208,100000,56.64,56.74,56.56,56.71,172820,0
20260208,110000,56.71,56.74,56.68,56.7,62600,0
20260208,120000,56.7,56.77,56.65,56.67,166160,0
20260208,130000,56.67,56.68,56.62,56.67,83000,0
20260208,140000,56.67,56.67,56.5,56.57,324680,0
20260208,150000,56.57,56.59,56.4,56.48,193980,0
20260208,160000,56.49,56.51,56.41,56.48,75380,0
20260208,170000,56.48,56.48,56.4,56.47,55710,0
20260208,180000,56.48,56.48,56.42,56.43,69840,0
20260209,070000,56.5,56.59,56.13,56.25,694970,0
20260209,080000,56.2,56.28,56.02,56.08,1526530,0
20260209,090000,56.08,56.18,55.86,56.1,1339020,0
20260209,100000,56.09,56.12,55.73,55.98,1818580,0
20260209,110000,55.96,56.15,55.91,55.98,918320,0
20260209,120000,55.96,56.1,55.89,55.92,487170,0
20260209,130000,55.91,56.24,55.89,55.99,1771070,0
20260209,140000,55.99,56.07,55.83,55.87,486860,0
20260209,150000,55.87,56.32,55.83,56.15,1225740,0
20260209,160000,56.15,56.35,56.11,56.23,661510,0
20260209,170000,56.22,56.29,56.16,56.18,501900,0
20260209,180000,56.18,56.22,55.93,56.05,751750,0
20260209,190000,56.05,56.1,56.01,56.06,196560,0
20260209,200000,56.06,56.1,56,56.01,95680,0
20260209,210000,56,56.09,55.97,56.04,156520,0
20260209,220000,56.04,56.06,55.81,55.82,392310,0
20260209,230000,55.83,55.89,55.82,55.89,170350,0
20260210,070000,55.9,56.1,55.73,56.06,474960,0
20260210,080000,56.06,56.09,55.95,56.06,115770,0
20260210,090000,56.03,56.04,55.93,56.02,208700,0
20260210,100000,56.04,56.35,55.99,56.15,1792400,0
20260210,110000,56.15,56.19,55.88,55.95,1266640,0
20260210,120000,55.96,55.97,55.66,55.75,1591600,0
20260210,130000,55.76,55.96,55.62,55.74,1439260,0
20260210,140000,55.72,55.81,55.6,55.74,801310,0
20260210,150000,55.74,55.79,55.57,55.61,471110,0
20260210,160000,55.6,55.7,55.5,55.63,1071030,0
20260210,170000,55.64,55.65,55.32,55.34,1151190,0
20260210,180000,55.33,55.42,55.25,55.41,1342000,0
20260210,190000,55.45,55.51,55.35,55.38,257530,0
20260210,200000,55.38,55.44,55.25,55.33,440410,0
20260210,210000,55.36,55.41,55.33,55.35,146860,0
20260210,220000,55.35,55.44,55.35,55.38,74370,0
20260210,230000,55.39,55.59,55.39,55.56,529400,0
20260211,070000,55.59,55.86,55.51,55.65,884740,0
20260211,080000,55.65,56.22,55.62,56.08,2341510,0
20260211,090000,56.07,56.09,55.77,55.9,913860,0
20260211,100000,55.89,56.5,55.82,56.23,3368050,0
20260211,110000,56.24,56.33,56.09,56.16,968140,0
20260211,120000,56.16,56.77,55.97,56.6,3483360,0
20260211,130000,56.61,56.74,56.32,56.37,2319020,0
20260211,140000,56.38,56.48,56.17,56.22,993680,0
20260211,150000,56.22,56.62,56.22,56.53,1719880,0
20260211,160000,56.53,56.74,56.47,56.72,2046670,0
20260211,170000,56.73,56.75,56.59,56.69,931840,0
20260211,180000,56.7,56.75,56.64,56.67,686590,0
20260211,190000,56.66,56.75,56.61,56.66,583830,0
20260211,200000,56.65,56.66,56.48,56.52,730720,0
20260211,210000,56.53,56.54,56.42,56.42,468440,0
20260211,220000,56.42,56.44,56.3,56.42,413260,0
20260211,230000,56.41,56.42,56.29,56.37,452620,0
20260212,070000,56.37,56.46,56.21,56.32,384270,0
20260212,080000,56.33,56.51,56.29,56.4,261280,0
20260212,090000,56.39,56.49,56.31,56.48,178730,0
20260212,100000,56.47,56.52,56.31,56.32,400150,0
20260212,110000,56.31,56.68,56.31,56.6,714920,0
20260212,120000,56.59,56.94,56.51,56.87,1454080,0
20260212,130000,56.87,56.89,56.56,56.63,1001340,0
20260212,140000,56.61,56.69,56.6,56.61,243290,0
20260212,150000,56.61,56.63,56.32,56.46,1042390,0
20260212,160000,56.44,56.47,56.38,56.45,153750,0
20260212,170000,56.45,56.61,56.43,56.55,476420,0
20260212,180000,56.55,56.61,56.51,56.51,314070,0
20260212,190000,56.55,56.56,56.33,56.38,521300,0
20260212,200000,56.38,56.45,56.35,56.37,106150,0
20260212,210000,56.4,56.45,56.31,56.43,254650,0
20260212,220000,56.44,56.5,56.3,56.36,551630,0
20260212,230000,56.35,56.61,56.34,56.53,874350,0
20260213,070000,56.54,56.57,56.4,56.52,499350,0
20260213,080000,56.5,56.52,56.37,56.4,333720,0
20260213,090000,56.4,56.51,56.33,56.35,453660,0
20260213,100000,56.34,56.67,56.21,56.57,1040060,0
20260213,110000,56.57,57.14,56.3,56.38,3166070,0
20260213,120000,56.37,56.62,56.26,56.44,1010030,0
20260213,130000,56.44,57.19,56.29,57.14,5794220,0
20260213,140000,57.14,57.2,56.75,56.83,3606940,0
20260213,150000,56.82,57.09,56.7,56.88,2339080,0
20260213,160000,56.89,57,56.78,56.96,667190,0
20260213,170000,56.97,57.01,56.78,56.86,485720,0
20260213,180000,56.86,57,56.77,56.85,1604490,0
20260213,190000,56.81,56.85,56.76,56.82,348550,0
20260213,200000,56.81,56.98,56.8,56.85,845950,0
20260213,210000,56.85,57,56.82,56.96,451810,0
20260213,220000,56.96,57.04,56.92,57.03,359120,0
20260213,230000,57.03,57.11,56.95,57.08,369450,0
20260216,070000,57.19,57.36,57.1,57.25,1169050,0
20260216,080000,57.25,57.39,57.09,57.27,514360,0
20260216,090000,57.24,57.34,57.17,57.33,417470,0
20260216,100000,57.32,57.66,56.87,57.01,3721320,0
20260216,110000,57.02,57.02,56.78,56.88,1338060,0
20260216,120000,56.89,57.06,56.88,56.99,1047990,0
20260216,130000,56.99,57.03,56.84,56.9,1609960,0
20260216,140000,56.9,56.94,56.7,56.72,1504610,0
20260216,150000,56.71,56.76,56.56,56.73,1222710,0
20260216,160000,56.73,56.74,56.61,56.65,517560,0
20260216,170000,56.64,56.67,56.53,56.55,869250,0
20260216,180000,56.55,56.58,56.5,56.54,542270,0
20260216,190000,56.54,56.79,56.37,56.71,863380,0
20260216,200000,56.74,56.79,56.7,56.73,106960,0
20260216,210000,56.74,56.74,56.57,56.62,276430,0
20260216,220000,56.62,56.71,56.6,56.7,137880,0
20260216,230000,56.7,56.76,56.65,56.75,142400,0
20260217,070000,56.95,56.95,56.64,56.75,375870,0
20260217,080000,56.75,56.97,56.71,56.92,504090,0
20260217,090000,56.9,56.95,56.82,56.91,281960,0
20260217,100000,56.9,57.03,56.74,56.84,764240,0
20260217,110000,56.84,56.88,56.75,56.85,568910,0
20260217,120000,56.83,56.94,56.77,56.88,354170,0
20260217,130000,56.88,56.99,56.75,56.9,889560,0
20260217,140000,56.91,56.94,56.75,56.77,313460,0
20260217,150000,56.77,56.8,56.41,56.56,769560,0
20260217,160000,56.56,56.69,56.44,56.53,710010,0
20260217,170000,56.52,56.68,56.47,56.57,268180,0
20260217,180000,56.6,56.64,56.55,56.64,171640,0
20260217,190000,56.6,56.64,56.54,56.61,89980,0
20260217,200000,56.62,56.77,56.61,56.69,466280,0
20260217,210000,56.7,56.75,56.66,56.7,168190,0
20260217,220000,56.74,56.74,56.61,56.63,152890,0
20260217,230000,56.63,56.71,56.59,56.64,146670,0
20260218,070000,56.55,56.68,56.5,56.65,239150,0
20260218,080000,56.64,56.64,56.41,56.42,256980,0
20260218,090000,56.43,56.58,56.22,56.3,474200,0
20260218,100000,56.28,56.48,56.13,56.43,1470350,0
20260218,110000,56.43,56.48,56.33,56.38,383300,0
20260218,120000,56.38,56.52,56.02,56.09,1677730,0
20260218,130000,56.09,56.26,55.94,56.07,1316460,0
20260218,140000,56.07,56.11,55.94,56.02,424720,0
20260218,150000,56.03,56.14,55.83,55.95,845920,0
20260218,160000,55.94,56.16,55.94,56.16,479700,0
20260218,170000,56.15,56.19,56.11,56.17,292390,0
20260218,180000,56.15,56.29,56.15,56.27,451060,0
20260218,190000,56.2,56.28,56.14,56.17,266240,0
20260218,200000,56.17,56.35,56.15,56.26,404060,0
20260218,210000,56.28,56.35,56.23,56.31,174830,0
20260218,220000,56.3,56.38,56.3,56.35,307700,0
20260218,230000,56.35,56.63,56.35,56.51,601750,0
20260219,070000,56.5,56.86,56.36,56.6,1078760,0
20260219,080000,56.61,56.68,56.5,56.57,172120,0
20260219,090000,56.57,56.72,56.49,56.61,460540,0
20260219,100000,56.61,56.7,56.54,56.67,562050,0
20260219,110000,56.67,56.71,56.47,56.53,548000,0
20260219,120000,56.53,56.59,55.98,56.07,3855210,0
20260219,130000,56.07,56.27,56.01,56.18,1370590,0
20260219,140000,56.19,56.26,56.03,56.03,719910,0
20260219,150000,56.03,56.1,55.88,55.98,1258840,0
20260219,160000,55.99,55.99,55.85,55.93,762860,0
20260219,170000,55.93,56.05,55.9,56.01,584280,0
20260219,180000,56.01,56.03,55.94,55.94,305700,0
20260219,190000,55.95,55.99,55.86,55.88,298700,0
20260219,200000,55.88,55.95,55.86,55.86,290570,0
20260219,210000,55.86,55.88,55.81,55.85,363640,0
20260219,220000,55.84,55.85,55.81,55.84,87620,0
20260219,230000,55.83,55.84,55.65,55.69,692900,0
20260220,070000,55.7,55.85,55.64,55.81,311760,0
20260220,080000,55.81,55.9,55.73,55.75,190770,0
20260220,090000,55.75,56.03,55.75,55.98,888090,0
20260220,100000,55.96,56.1,55.86,55.96,1035760,0
20260220,110000,55.97,56.12,55.96,56,523810,0
20260220,120000,56.01,56.01,55.66,55.79,990540,0
20260220,130000,55.78,55.8,55.55,55.76,1073720,0
20260220,140000,55.75,55.78,55.7,55.76,258250,0
20260220,150000,55.76,55.96,55.75,55.88,758190,0
20260220,160000,55.86,55.88,55.75,55.83,288680,0
20260220,170000,55.83,55.93,55.45,55.72,1951850,0
20260220,180000,55.73,55.73,55.6,55.69,556460,0
20260220,190000,55.69,55.69,55.58,55.67,272860,0
20260220,200000,55.67,55.68,55.61,55.64,104340,0
20260220,210000,55.65,55.66,55.61,55.66,110680,0
20260220,220000,55.65,55.66,55.61,55.61,158440,0
20260220,230000,55.61,55.68,55.61,55.62,285100,0
20260221,090000,55.62,55.62,55.62,55.62,180,0
20260221,100000,55.64,55.79,55.6,55.65,55600,0
20260221,110000,55.65,55.65,55.57,55.65,75530,0
20260221,120000,55.65,55.66,55.6,55.64,35940,0
20260221,130000,55.64,55.66,55.62,55.63,33360,0
20260221,140000,55.63,55.65,55.62,55.63,22780,0
20260221,150000,55.65,55.66,55.63,55.66,15520,0
20260221,160000,55.66,55.73,55.65,55.68,37610,0
20260221,170000,55.68,55.7,55.65,55.69,16210,0
20260221,180000,55.66,55.69,55.65,55.66,21310,0
20260222,090000,55.89,55.89,55.89,55.89,14080,0
20260222,100000,55.86,56.18,55.72,55.9,675130,0
20260222,110000,55.91,56.04,55.9,55.99,274400,0
20260222,120000,55.99,55.99,55.91,55.97,71330,0
20260222,130000,55.98,56,55.93,55.94,108640,0
20260222,140000,55.94,55.95,55.88,55.89,84110,0
20260222,150000,55.94,55.95,55.88,55.91,36860,0
20260222,160000,55.93,56.03,55.89,55.93,124240,0
20260222,170000,55.93,56.08,55.91,56.08,207260,0
20260222,180000,56.08,56.13,55.96,55.96,175820,0
20260223,090000,56.16,56.16,56.16,56.16,2120,0
20260223,100000,56.13,56.13,55.97,56.06,252630,0
20260223,110000,56.06,56.06,56.04,56.05,31350,0
20260223,120000,56.06,56.07,56.01,56.05,90190,0
20260223,130000,56.05,56.08,55.99,55.99,53530,0
20260223,140000,56,56.06,55.99,56.05,50670,0
20260223,150000,56.04,56.05,55.99,56,119500,0
20260223,160000,56.02,56.05,56,56.01,32160,0
20260223,170000,56.01,56.1,56.01,56.1,48350,0
20260223,180000,56.1,56.2,56.06,56.15,336330,0
20260224,070000,56.03,56.2,56.03,56.08,442050,0
20260224,080000,56.07,56.33,55.87,56.22,726010,0
20260224,090000,56.19,56.19,56.06,56.14,347940,0
20260224,100000,56.13,56.15,55.83,55.91,1816570,0
20260224,110000,55.92,56.06,55.86,56.03,556990,0
20260224,120000,56.04,56.06,55.78,55.81,671430,0
20260224,130000,55.82,55.89,55.6,55.68,1117810,0
20260224,140000,55.69,55.83,55.55,55.79,492810,0
20260224,150000,55.79,55.84,55.72,55.77,198470,0
20260224,160000,55.79,55.84,55.6,55.6,766800,0
20260224,170000,55.6,55.72,55.52,55.64,794020,0
20260224,180000,55.63,55.7,55.5,55.62,1162810,0
20260224,190000,55.6,55.89,55.55,55.86,648640,0
20260224,200000,55.87,55.88,55.71,55.71,141540,0
20260224,210000,55.71,55.8,55.67,55.78,277310,0
20260224,220000,55.79,55.8,55.75,55.78,225900,0
20260224,230000,55.77,55.81,55.66,55.71,207250,0
20260225,070000,55.81,55.88,55.71,55.81,130670,0
20260225,080000,55.81,55.87,55.76,55.79,63080,0
20260225,090000,55.77,55.79,55.7,55.75,125340,0
20260225,100000,55.74,55.8,55.65,55.68,326970,0
20260225,110000,55.69,55.69,55.51,55.64,652740,0
20260225,120000,55.63,55.84,55.57,55.81,698860,0
20260225,130000,55.81,55.84,55.71,55.77,506070,0
20260225,140000,55.78,55.81,55.63,55.63,528980,0
20260225,150000,55.64,55.69,55.53,55.6,715580,0
20260225,160000,55.6,55.71,55.56,55.71,413700,0
20260225,170000,55.71,55.72,55.61,55.67,332620,0
20260225,180000,55.68,55.85,55.68,55.8,503130,0
20260225,190000,55.77,55.79,55.7,55.7,213430,0
20260225,200000,55.7,55.8,55.69,55.78,275240,0
20260225,210000,55.79,55.86,55.74,55.77,481930,0
20260225,220000,55.77,55.78,55.69,55.7,121730,0
20260225,230000,55.71,55.75,55.67,55.75,146540,0
20260226,070000,55.76,55.87,55.7,55.8,274320,0
20260226,080000,55.82,55.97,55.77,55.87,514920,0
20260226,090000,55.87,56.5,55.82,56.16,5506300,0
20260226,100000,56.15,56.3,56,56.2,1840420,0
20260226,110000,56.19,56.24,56.05,56.13,778910,0
20260226,120000,56.13,56.28,56.04,56.04,699380,0
20260226,130000,56.05,56.07,56,56.06,338580,0
20260226,140000,56.05,56.09,55.92,55.95,278650,0
20260226,150000,55.95,56.02,55.91,56.01,227170,0
20260226,160000,56,56.03,55.92,55.99,277810,0
20260226,170000,55.98,56.01,55.81,55.92,576780,0
20260226,180000,55.92,55.97,55.68,55.8,1142120,0
20260226,190000,55.8,55.86,55.76,55.77,134570,0
20260226,200000,55.77,55.81,55.71,55.77,140040,0
20260226,210000,55.79,55.83,55.62,55.67,296260,0
20260226,220000,55.67,55.75,55.61,55.74,109580,0
20260226,230000,55.73,55.74,55.7,55.7,168440,0
20260227,070000,55.81,55.83,55.63,55.68,227020,0
20260227,080000,55.65,55.8,55.65,55.79,122410,0
20260227,090000,55.79,55.98,55.77,55.81,746580,0
20260227,100000,55.8,55.94,55.77,55.94,736390,0
20260227,110000,55.94,55.98,55.85,55.89,446100,0
20260227,120000,55.89,55.92,55.77,55.77,480490,0
20260227,130000,55.78,55.8,55.74,55.75,374600,0
20260227,140000,55.74,55.88,55.74,55.81,585310,0
20260227,150000,55.83,55.85,55.77,55.78,188670,0
20260227,160000,55.79,56,55.79,55.91,1154090,0
20260227,170000,55.91,55.93,55.82,55.9,290980,0
20260227,180000,55.9,55.91,55.8,55.85,349400,0
20260227,190000,55.87,55.9,55.81,55.85,402620,0
20260227,200000,55.85,55.9,55.84,55.9,131110,0
20260227,210000,55.9,55.92,55.87,55.88,161320,0
20260227,220000,55.88,55.89,55.85,55.87,82120,0
20260227,230000,55.87,55.92,55.85,55.87,249800,0
20260228,090000,55.86,55.86,55.86,55.86,1350,0
20260228,100000,55.86,55.87,55.52,55.65,1279880,0
20260228,110000,55.65,55.72,55.21,55.5,1866840,0
20260228,120000,55.49,55.59,55.33,55.37,1831710,0
20260228,130000,55.37,55.45,55.2,55.34,1776430,0
20260228,140000,55.34,55.38,55.3,55.33,357880,0
20260228,150000,55.37,55.45,55.3,55.4,265900,0
20260228,160000,55.39,55.4,55.35,55.35,147950,0
20260228,170000,55.35,55.46,55.22,55.26,729830,0
20260228,180000,55.26,55.37,55.21,55.29,447200,0
20260301,090000,55.15,55.15,55.15,55.15,19960,0
20260301,100000,55.17,55.26,54.72,55.06,1965360,0
20260301,110000,55.07,55.2,55.02,55.08,383800,0
20260301,120000,55.08,55.08,54.91,55.01,510000,0
20260301,130000,55.01,55.05,54.98,55.05,237380,0
20260301,140000,55.04,55.1,55.03,55.06,94500,0
20260301,150000,55.05,55.15,55.03,55.05,189580,0
20260301,160000,55.06,55.08,54.96,55.02,207180,0
20260301,170000,55.02,55.06,54.87,55,308480,0
20260301,180000,54.99,55.04,54.89,54.98,243050,0
20260302,070000,54.98,55.08,54.3,54.41,3001620,0
20260302,080000,54.4,54.43,54.11,54.2,1692650,0
20260302,090000,54.21,54.23,54.04,54.11,2253360,0
20260302,100000,54.14,54.56,54.11,54.51,3117860,0
20260302,110000,54.51,55.05,54.49,54.74,3219920,0
20260302,120000,54.74,54.95,54.65,54.94,1138760,0
20260302,130000,54.94,54.94,54.37,54.37,3157590,0
20260302,140000,54.38,54.4,53.93,54.23,4418570,0
20260302,150000,54.23,54.43,54.13,54.37,2234810,0
20260302,160000,54.37,54.37,53.8,53.9,3128830,0
20260302,170000,53.89,54.12,53.8,54.1,2844340,0
20260302,180000,54.1,54.23,53.98,54.17,1317770,0
20260302,190000,54.18,54.18,53.9,54.05,921220,0
20260302,200000,54.06,54.37,54.05,54.13,1074380,0
20260302,210000,54.13,54.2,54.07,54.14,273910,0
20260302,220000,54.13,54.2,54.11,54.18,324430,0
20260302,230000,54.15,54.31,54.14,54.24,453090,0
20260303,070000,54.24,54.41,54.1,54.35,1211700,0
20260303,080000,54.35,54.58,54.19,54.28,1143230,0
20260303,090000,54.27,54.27,54.03,54.04,1301340,0
20260303,100000,54.04,54.29,54.02,54.25,1385430,0
20260303,110000,54.24,54.54,54.13,54.36,1858220,0
20260303,120000,54.38,54.38,54.15,54.23,1016130,0
20260303,130000,54.23,54.28,54.13,54.22,1276370,0
20260303,140000,54.23,54.55,54.2,54.23,1672950,0
20260303,150000,54.23,54.28,54.03,54.09,1870930,0
20260303,160000,54.09,54.1,54,54.03,633410,0
20260303,170000,54.02,54.1,53.94,53.95,908410,0
20260303,180000,53.95,54.16,53.8,54.11,1418150,0
20260303,190000,54.05,54.08,53.93,54.03,211660,0
20260303,200000,54.04,54.04,53.91,53.95,140720,0
20260303,210000,53.94,54.04,53.83,53.89,510970,0
20260303,220000,53.9,53.91,53.75,53.82,336000,0
20260303,230000,53.82,54.03,53.76,53.86,667680,0
20260304,070000,53.96,54.17,53.84,54.1,459600,0
20260304,080000,54.1,54.13,54,54.04,225310,0
20260304,090000,54.02,54.03,53.57,53.7,2188060,0
20260304,100000,53.7,53.89,53.45,53.45,1792490,0
20260304,110000,53.47,53.47,52.92,53.08,5590210,0
20260304,120000,53.08,53.34,53.07,53.27,1879660,0
20260304,130000,53.27,53.29,52.95,53.17,2654600,0
20260304,140000,53.17,53.24,53.1,53.22,745900,0
20260304,150000,53.22,53.47,53.2,53.46,1340950,0
20260304,160000,53.46,53.5,53.25,53.29,891550,0
20260304,170000,53.3,53.3,52.55,52.58,4928540,0
20260304,180000,52.58,52.72,52.56,52.61,1292560,0
20260304,190000,52.65,52.97,52.55,52.82,1257390,0
20260304,200000,52.82,52.9,52.76,52.8,300730,0
20260304,210000,52.8,52.86,52.68,52.76,628060,0
20260304,220000,52.74,52.79,52.7,52.75,430750,0
20260304,230000,52.74,52.87,52.73,52.85,311810,0
20260305,070000,52.69,53.23,52.69,53.12,1580620,0
20260305,080000,53.11,53.22,53.02,53.12,643800,0
20260305,090000,53.09,53.1,52.89,52.99,605110,0
20260305,100000,52.98,53.02,52.8,52.96,1593910,0
20260305,110000,52.95,53.01,52.85,52.94,579080,0
20260305,120000,52.94,52.94,52.56,52.7,1092810,0
20260305,130000,52.7,52.71,52.22,52.39,2511570,0
20260305,140000,52.39,52.7,52.31,52.43,2353570,0
20260305,150000,52.43,52.45,51.77,51.8,6434110,0
20260305,160000,51.8,52,51.78,51.94,2143940,0
20260305,170000,51.95,52.05,51.88,51.9,1768750,0
20260305,180000,51.89,51.93,51.62,51.7,2306820,0
20260305,190000,51.69,51.95,51.67,51.94,1344130,0
20260305,200000,51.94,52.02,51.93,52,996620,0
20260305,210000,52,52.15,51.95,52.14,1250600,0
20260305,220000,52.13,52.15,52.12,52.15,502870,0
20260305,230000,52.14,52.17,52.1,52.13,648380,0
20260306,070000,52.14,52.21,51.96,52,479670,0
20260306,080000,51.99,52.09,51.8,52.01,399230,0
20260306,090000,52.01,52.06,51.88,52.05,492470,0
20260306,100000,52.04,52.2,51.94,52.07,961100,0
20260306,110000,52.07,52.19,52.06,52.18,708380,0
20260306,120000,52.17,52.57,52.12,52.36,1802340,0
20260306,130000,52.35,52.36,52.01,52.03,1041470,0
20260306,140000,52.03,52.03,51.81,51.94,1467170,0
20260306,150000,51.94,51.95,51.64,51.76,3108120,0
20260306,160000,51.76,51.8,51.68,51.68,1093710,0
20260306,170000,51.7,52,51.67,51.69,2463930,0
20260306,180000,51.69,51.71,51.52,51.68,1940480,0
20260306,190000,51.67,51.8,51.65,51.79,581440,0
20260306,200000,51.79,51.81,51.65,51.75,727530,0
20260306,210000,51.75,51.81,51.62,51.81,596050,0
20260306,220000,51.81,51.84,51.67,51.83,406830,0
20260306,230000,51.82,51.84,51.7,51.8,545930,0
20260309,070000,51.4,51.79,50.75,51.3,1771080,0
20260309,080000,51.31,51.64,51.15,51.25,1664430,0
20260309,090000,51.2,51.33,50.65,50.92,4214750,0
20260309,100000,50.91,51.35,50.87,51.25,1868980,0
20260309,110000,51.25,51.32,51.02,51.04,659920,0
20260309,120000,51.03,51.14,50.89,51.04,1143430,0
20260309,130000,51.05,51.13,50.93,50.98,695020,0
20260309,140000,50.98,51.1,50.97,51.1,449020,0
20260309,150000,51.1,51.27,51,51.2,846620,0
20260309,160000,51.22,51.22,51.05,51.08,468320,0
20260309,170000,51.09,51.2,51.06,51.06,442820,0
20260309,180000,51.07,51.37,50.95,51.36,1150240,0
20260309,190000,51.35,51.5,51.16,51.25,1384510,0
20260309,200000,51.25,51.38,51.14,51.29,948810,0
20260309,210000,51.29,51.31,51,51.13,579150,0
20260309,220000,51.12,53.22,50.87,52.8,7183800,0
20260309,230000,52.79,53.18,52.25,52.57,3606860,0
20260310,070000,52.54,52.57,52.01,52.2,1938220,0
20260310,080000,52.23,52.3,52.01,52.24,888000,0
20260310,090000,52.24,52.66,52.14,52.37,3169360,0
20260310,100000,52.37,52.41,51.6,51.8,3476050,0
20260310,110000,51.79,51.96,51.61,51.94,3122020,0
20260310,120000,51.94,51.97,51.7,51.85,1218560,0
20260310,130000,51.85,51.97,51.76,51.94,689390,0
20260310,140000,51.94,52.1,51.87,52.06,1295010,0
20260310,150000,52.05,52.06,51.71,51.74,790670,0
20260310,160000,51.74,51.9,51.73,51.77,1064810,0
20260310,170000,51.76,51.76,51.47,51.54,1760340,0
20260310,180000,51.56,51.63,51.47,51.62,865210,0
20260310,190000,51.6,51.69,51.43,51.48,632170,0
20260310,200000,51.47,51.94,51.36,51.75,1355360,0
20260310,210000,51.75,51.97,51.51,51.74,1842710,0
20260310,220000,51.75,51.8,51.73,51.76,123470,0
20260310,230000,51.74,51.8,51.64,51.77,364370,0
20260311,070000,52.18,52.18,51.89,51.93,994960,0
20260311,080000,51.94,52.06,51.93,51.96,223180,0
20260311,090000,51.95,52,51.83,51.96,428430,0
20260311,100000,51.95,52.01,51.79,51.81,511590,0
20260311,110000,51.81,51.81,51.7,51.71,307660,0
20260311,120000,51.71,51.84,51.69,51.69,406930,0
20260311,130000,51.69,51.7,51.51,51.52,992510,0
20260311,140000,51.52,51.65,51.5,51.64,577580,0
20260311,150000,51.64,51.66,51.47,51.51,1415110,0
20260311,160000,51.5,51.53,51.33,51.38,904530,0
20260311,170000,51.38,51.45,51.23,51.41,1519230,0
20260311,180000,51.42,51.43,51.23,51.24,489950,0
20260311,190000,51.29,51.38,51.25,51.37,192800,0
20260311,200000,51.37,51.49,51.36,51.49,340150,0
20260311,210000,51.48,51.55,51.4,51.52,254910,0
20260311,220000,51.51,51.6,51.5,51.55,276150,0
20260311,230000,51.55,51.56,51.45,51.54,265760,0
20260312,070000,51.55,51.71,51.28,51.35,666710,0
20260312,080000,51.35,51.41,51.25,51.37,246800,0
20260312,090000,51.38,51.38,51.1,51.33,1332470,0
20260312,100000,51.33,51.56,51.25,51.5,1108550,0
20260312,110000,51.5,51.58,51.29,51.33,960760,0
20260312,120000,51.33,51.35,51.21,51.27,622140,0
20260312,130000,51.26,51.29,51.11,51.11,653750,0
20260312,140000,51.14,51.18,51.08,51.12,795000,0
20260312,150000,51.14,51.18,51.1,51.14,342540,0
20260312,160000,51.15,51.18,51.12,51.15,409410,0
20260312,170000,51.15,51.28,51.15,51.17,552410,0
20260312,180000,51.18,51.19,51.12,51.13,342210,0
20260312,190000,51.15,51.23,51.12,51.14,164800,0
20260312,200000,51.13,51.23,51.12,51.18,311390,0
20260312,210000,51.18,51.21,51.16,51.2,166550,0
20260312,220000,51.21,51.28,51.19,51.23,250590,0
20260312,230000,51.25,51.3,51.2,51.22,257280,0
20260313,070000,51.17,51.35,51.13,51.24,347530,0
20260313,080000,51.23,51.42,51.23,51.39,331040,0
20260313,090000,51.39,51.39,51.18,51.28,405440,0
20260313,100000,51.27,51.49,51.25,51.43,938940,0
20260313,110000,51.43,51.51,51.3,51.35,745220,0
20260313,120000,51.35,51.4,51.27,51.36,448540,0
20260313,130000,51.34,51.36,51.25,51.33,396080,0
20260313,140000,51.33,51.35,51.27,51.29,407690,0
20260313,150000,51.29,51.35,51.25,51.28,533740,0
20260313,160000,51.27,51.3,51.1,51.18,1307540,0
20260313,170000,51.18,51.22,51.12,51.15,563810,0
20260313,180000,51.17,51.24,51.13,51.24,264470,0
20260313,190000,51.22,51.45,51.14,51.4,990530,0
20260313,200000,51.4,51.5,51.33,51.47,427580,0
20260313,210000,51.47,51.47,51.36,51.39,161620,0
20260313,220000,51.39,51.39,51.32,51.35,86350,0
20260313,230000,51.35,51.5,51.32,51.41,259070,0
20260314,090000,51.38,51.38,51.38,51.38,680,0
20260314,100000,51.32,51.44,51.28,51.31,128240,0
20260314,110000,51.33,51.35,51.31,51.35,28520,0
20260314,120000,51.35,51.41,51.32,51.4,75840,0
20260314,130000,51.4,51.4,51.35,51.36,21510,0
20260314,140000,51.36,51.36,51.33,51.36,40550,0
20260314,150000,51.36,51.36,51.3,51.32,77080,0
20260314,160000,51.32,51.33,51.3,51.33,60840,0
20260314,170000,51.33,51.33,51.2,51.31,262070,0
20260314,180000,51.32,51.32,51.23,51.3,132030,0
20260315,090000,51.3,51.3,51.3,51.3,26780,0
20260315,100000,51.33,51.42,51.25,51.27,156720,0
20260315,110000,51.27,51.29,51.24,51.27,76560,0
20260315,120000,51.26,51.3,51.24,51.25,47760,0
20260315,130000,51.26,51.33,51.25,51.3,45410,0
20260315,140000,51.3,51.32,51.26,51.28,39650,0
20260315,150000,51.28,51.32,51.27,51.28,39390,0
20260315,160000,51.28,51.3,51.28,51.29,15560,0
20260315,170000,51.29,51.3,51.28,51.3,34870,0
20260315,180000,51.3,51.33,51.27,51.3,128310,0
20260316,070000,51.3,51.33,51.24,51.29,293310,0
20260316,080000,51.29,51.37,51.25,51.31,223800,0
20260316,090000,51.31,51.78,51.27,51.61,1577340,0
20260316,100000,51.63,51.72,51.55,51.55,639860,0
20260316,110000,51.55,51.61,51.36,51.39,1113190,0
20260316,120000,51.37,51.39,51.18,51.22,1555930,0
20260316,130000,51.24,51.29,50.91,51.07,2688780,0
20260316,140000,51.06,51.15,51.03,51.08,929970,0
20260316,150000,51.09,51.15,50.95,50.98,1082090,0
20260316,160000,50.98,51,50.76,50.86,2361410,0
20260316,170000,50.86,50.86,50.55,50.74,3473620,0
20260316,180000,50.75,50.87,50.69,50.76,666390,0
20260316,190000,50.75,50.83,50.71,50.81,354220,0
20260316,200000,50.8,50.85,50.71,50.83,243170,0
20260316,210000,50.83,50.85,50.71,50.8,151900,0
20260316,220000,50.78,50.84,50.71,50.77,174510,0
20260316,230000,50.75,50.76,50.7,50.76,172750,0
20260317,070000,50.76,50.84,50.66,50.74,448150,0
20260317,080000,50.71,50.75,50.7,50.75,129010,0
20260317,090000,50.74,50.75,50.69,50.75,322900,0
20260317,100000,50.72,50.94,50.7,50.9,1190470,0
20260317,110000,50.88,50.96,50.75,50.9,1340820,0
20260317,120000,50.9,50.96,50.76,50.77,773750,0
20260317,130000,50.77,50.93,50.74,50.83,635690,0
20260317,140000,50.83,50.86,50.72,50.82,621080,0
20260317,150000,50.82,50.86,50.68,50.68,712820,0
20260317,160000,50.68,50.73,50.51,50.52,1612680,0
20260317,170000,50.53,50.6,50.51,50.55,858130,0
20260317,180000,50.55,50.59,50.53,50.55,456050,0
20260317,190000,50.56,50.7,50.54,50.7,297450,0
20260317,200000,50.69,50.74,50.65,50.67,100800,0
20260317,210000,50.67,50.74,50.67,50.72,84140,0
20260317,220000,50.72,50.72,50.61,50.61,134390,0
20260317,230000,50.62,50.66,50.51,50.59,371410,0
20260317,070000,50.76,50.84,50.66,50.74,448150,0
20260317,080000,50.71,50.75,50.7,50.75,129010,0
20260317,090000,50.74,50.75,50.69,50.75,322900,0
20260317,100000,50.72,50.94,50.7,50.9,1190470,0
20260317,110000,50.88,50.96,50.75,50.9,1340820,0
20260317,120000,50.9,50.96,50.76,50.77,773750,0
20260317,130000,50.77,50.93,50.74,50.83,635690,0
20260317,140000,50.83,50.86,50.72,50.82,621080,0
20260317,150000,50.82,50.86,50.68,50.68,712820,0
20260317,160000,50.68,50.73,50.51,50.52,1612680,0
20260317,170000,50.53,50.6,50.51,50.55,858130,0
20260317,180000,50.55,50.59,50.53,50.55,456050,0
20260317,190000,50.56,50.7,50.54,50.7,297450,0
20260317,200000,50.69,50.74,50.65,50.67,100800,0
20260317,210000,50.67,50.74,50.67,50.72,84140,0
20260317,220000,50.72,50.72,50.61,50.61,134390,0
20260317,230000,50.62,50.66,50.51,50.59,371410,0
20260318,070000,50.58,50.73,50.5,50.72,486530,0
20260318,080000,50.73,50.74,50.58,50.7,495490,0
20260318,090000,50.7,50.87,50.59,50.72,1255950,0
20260318,100000,50.71,50.86,50.67,50.69,882740,0
20260318,110000,50.68,50.84,50.64,50.64,1424920,0
20260318,120000,50.66,50.69,50.54,50.59,922410,0
20260318,130000,50.59,50.65,50.55,50.56,556090,0
20260318,140000,50.56,50.61,50.51,50.53,690480,0
20260318,150000,50.51,50.6,50.44,50.44,1589730,0
20260318,160000,50.44,50.48,50.35,50.37,1591830,0
20260318,170000,50.39,50.42,50.34,50.38,877070,0
20260318,180000,50.38,50.4,50.31,50.4,419660,0
20260318,190000,50.39,50.46,50.32,50.43,422120,0
20260318,200000,50.43,50.48,50.42,50.47,183070,0
20260318,210000,50.47,50.48,50.42,50.45,365600,0
20260318,220000,50.45,50.48,50.41,50.43,291630,0
20260318,230000,50.44,50.46,50.3,50.44,748470,0
20260319,070000,50.44,50.59,50.2,50.38,615120,0
20260319,080000,50.38,50.44,50.31,50.37,223300,0
20260319,090000,50.36,50.47,50.26,50.37,771350,0
20260319,100000,50.35,50.39,50.1,50.21,2342290,0
20260319,110000,50.21,50.25,50.01,50.1,2788670,0
20260319,120000,50.09,50.16,50.03,50.07,1498330,0
20260319,130000,50.08,50.12,50.01,50.03,1026160,0
20260319,140000,50.05,50.14,50.01,50.11,1106710,0
20260319,150000,50.11,50.14,49.9,49.93,4042630,0
20260319,160000,49.95,50.15,49.94,49.98,942760,0
20260319,170000,49.98,50.08,49.96,50,902540,0
20260319,180000,50.01,50.06,49.91,50.04,784040,0
20260319,190000,50.03,50.05,49.92,49.98,389630,0
20260319,200000,49.97,50.09,49.97,50.06,424710,0
20260319,210000,50.06,50.18,50.03,50.17,648310,0
20260319,220000,50.16,50.32,50.13,50.26,521550,0
20260319,230000,50.28,50.36,50.2,50.2,368790,0
20260320,070000,50.22,50.39,50.18,50.28,582790,0
20260320,080000,50.3,50.31,50.14,50.26,200690,0
20260320,090000,50.27,50.32,50.15,50.17,476010,0
20260320,100000,50.16,50.52,50.06,50.49,1384060,0
20260320,110000,50.48,50.61,50.35,50.47,1151450,0
20260320,120000,50.49,50.57,50.42,50.55,580140,0
20260320,130000,50.55,50.6,50.38,50.4,1117390,0
20260320,140000,50.4,50.43,50.3,50.42,651940,0
20260320,150000,50.42,50.43,50.25,50.26,707090,0
20260320,160000,50.27,50.32,50.11,50.12,672860,0
20260320,170000,50.12,50.16,50.01,50.1,956110,0
20260320,180000,50.11,50.12,50.06,50.06,314900,0
20260320,190000,50.1,50.2,50.07,50.12,328120,0
20260320,200000,50.15,50.16,50.07,50.09,122880,0
20260320,210000,50.1,50.15,50.09,50.14,121810,0
20260320,220000,50.14,50.15,50.09,50.12,259390,0
20260320,230000,50.12,50.13,50.04,50.08,348190,0
20260323,070000,50.13,50.18,50.02,50.15,358490,0
20260323,080000,50.14,50.26,50,50.03,455220,0
20260323,090000,50.02,50.03,49.83,49.9,1360970,0
20260323,100000,49.92,49.95,49.71,49.79,1261840,0
20260323,110000,49.79,49.81,49.64,49.67,1633080,0
20260323,120000,49.67,49.69,49.47,49.49,2152150,0
20260323,130000,49.49,49.49,49.21,49.3,2331540,0
20260323,140000,49.29,49.88,49.2,49.68,4231320,0
20260323,150000,49.68,50,49.57,49.87,1277570,0
20260323,160000,49.86,49.91,49.63,49.76,753160,0
20260323,170000,49.76,49.77,49.6,49.63,407480,0
20260323,180000,49.63,49.87,49.59,49.84,591730,0
20260323,190000,49.83,49.96,49.78,49.82,401610,0
20260323,200000,49.82,50.16,49.78,50.09,910760,0
20260323,210000,50.13,50.14,49.93,50.07,334650,0
20260323,220000,50.07,50.19,50.02,50.17,429800,0
20260323,230000,50.17,50.5,50.08,50.5,1048370,0
20260324,070000,50.38,50.5,49.92,50.19,1311330,0
20260324,080000,50.19,50.22,50.12,50.18,156520,0
20260324,090000,50.15,50.36,50.05,50.31,529640,0
20260324,100000,50.31,50.43,50.11,50.13,668420,0
20260324,110000,50.13,50.2,49.95,50.06,931150,0
20260324,120000,50.07,50.16,49.93,49.95,925420,0
20260324,130000,49.95,49.98,49.65,49.78,1732560,0
20260324,140000,49.78,49.89,49.75,49.84,545220,0
20260324,150000,49.86,49.87,49.7,49.75,1146900,0
20260324,160000,49.77,49.77,49.65,49.7,498530,0
20260324,170000,49.7,49.75,49.65,49.7,697090,0
20260324,180000,49.68,49.76,49.58,49.71,930910,0
20260324,190000,49.7,49.74,49.64,49.74,273430,0
20260324,200000,49.74,49.75,49.61,49.67,407670,0
20260324,210000,49.66,49.71,49.6,49.69,291760,0
20260324,220000,49.69,49.9,49.69,49.89,511320,0
20260324,230000,49.88,49.98,49.71,49.85,528200,0
20260325,070000,49.78,50.2,49.77,50.06,1059300,0
20260325,080000,50.08,50.55,50.05,50.43,3338580,0
20260325,090000,50.43,50.86,50.35,50.7,3948590,0
20260325,100000,50.69,50.84,50.36,50.5,2760110,0
20260325,110000,50.48,50.8,50.33,50.65,2527620,0
20260325,120000,50.65,50.68,50.36,50.65,3155620,0
20260325,130000,50.64,50.68,50.44,50.47,1904980,0
20260325,140000,50.48,50.54,50.27,50.3,1552410,0
20260325,150000,50.3,50.37,50.2,50.23,1700450,0
20260325,160000,50.21,50.29,50.19,50.24,722950,0
20260325,170000,50.25,50.39,50.2,50.27,879520,0
20260325,180000,50.29,50.31,50.11,50.13,1123550,0
20260325,190000,50.15,50.22,49.9,50.17,2019140,0
20260325,200000,50.16,50.2,50.12,50.2,357640,0
20260325,210000,50.2,50.2,50.14,50.2,312090,0
20260325,220000,50.2,50.45,50.19,50.32,760990,0
20260325,230000,50.32,50.5,50.31,50.35,649130,0
20260326,070000,50.46,50.56,50.26,50.3,521650,0
20260326,080000,50.28,50.35,50.2,50.33,193800,0
20260326,090000,50.3,50.39,50.23,50.31,265440,0
20260326,100000,50.3,50.31,49.94,49.95,1427840,0
20260326,110000,49.95,49.97,49.75,49.82,2601280,0
20260326,120000,49.81,49.86,49.75,49.76,929890,0
20260326,130000,49.75,49.76,49.53,49.68,1762810,0
20260326,140000,49.68,49.8,49.57,49.65,1373170,0
20260326,150000,49.65,49.78,49.33,49.56,3640610,0
20260326,160000,49.54,49.77,49.4,49.57,1365270,0
20260326,170000,49.57,49.73,49.52,49.61,743280,0
20260326,180000,49.61,49.79,49.53,49.74,733340,0
20260326,190000,49.73,49.77,49.64,49.75,302890,0
20260326,200000,49.74,49.76,49.65,49.7,275670,0
20260326,210000,49.72,49.72,49.53,49.59,326520,0
20260326,220000,49.59,49.59,49.4,49.45,758870,0
20260326,230000,49.44,49.66,49.32,49.58,750210,0
20260327,070000,49.58,49.63,49.4,49.52,477030,0
20260327,080000,49.49,49.55,49.42,49.45,207430,0
20260327,090000,49.47,49.7,49.47,49.69,437130,0
20260327,100000,49.67,49.73,49.3,49.33,1373600,0
20260327,110000,49.32,49.38,48.72,48.84,4384000,0
20260327,120000,48.84,48.9,48.74,48.76,1094970,0
20260327,130000,48.76,48.83,48.56,48.6,1897510,0
20260327,140000,48.62,48.79,48.54,48.71,831450,0
20260327,150000,48.7,48.72,48.23,48.35,3217000,0
20260327,160000,48.35,48.52,48.17,48.17,3030290,0
20260327,170000,48.18,48.31,47.97,47.99,3135520,0
20260327,180000,47.99,48.33,47.97,48.31,1980650,0
20260327,190000,48.3,48.3,48.05,48.21,989920,0
20260327,200000,48.22,48.29,48.13,48.25,552590,0
20260327,210000,48.25,48.29,48.2,48.22,158880,0
20260327,220000,48.24,48.29,48.22,48.24,314320,0
20260327,230000,48.24,48.27,48.13,48.14,333370,0
20260328,090000,48.14,48.14,48.14,48.14,1010,0
20260328,100000,48.14,48.24,48.04,48.18,179630,0
20260328,110000,48.19,48.23,48.13,48.19,81810,0
20260328,120000,48.19,48.24,48.15,48.2,70300,0
20260328,130000,48.19,48.24,48.18,48.24,53760,0
20260328,140000,48.24,48.25,48.19,48.24,75970,0
20260328,150000,48.24,48.24,48.18,48.2,29310,0
20260328,160000,48.2,48.26,48.19,48.26,76090,0
20260328,170000,48.25,48.26,48.17,48.2,54580,0
20260328,180000,48.18,48.22,48.16,48.16,66510,0
20260329,090000,48.29,48.29,48.29,48.29,1530,0
20260329,100000,48.29,48.34,48.17,48.29,127700,0
20260329,110000,48.27,48.53,48.25,48.51,361200,0
20260329,120000,48.51,48.51,48.42,48.44,89730,0
20260329,130000,48.46,48.52,48.4,48.48,81740,0
20260329,140000,48.44,48.52,48.44,48.49,32030,0
20260329,150000,48.49,48.54,48.45,48.53,184120,0
20260329,160000,48.52,48.53,48.47,48.47,33670,0
20260329,170000,48.47,48.49,48.42,48.45,86800,0
20260329,180000,48.47,48.47,48.38,48.47,78690,0
20260330,070000,48.47,48.54,48.38,48.42,274660,0
20260330,080000,48.42,48.46,48.35,48.37,158490,0
20260330,090000,48.37,48.37,48.18,48.22,583810,0
20260330,100000,48.24,48.24,47.77,47.82,2467950,0
20260330,110000,47.82,48.15,47.78,48,1360740,0
20260330,120000,48.01,48.8,47.89,48.56,4310110,0
20260330,130000,48.56,48.59,48.37,48.44,785130,0
20260330,140000,48.46,48.46,48.18,48.2,889860,0
20260330,150000,48.2,48.3,47.97,48.1,2066650,0
20260330,160000,48.12,48.24,48,48.09,1139880,0
20260330,170000,48.1,48.11,47.85,47.92,1072910,0
20260330,180000,47.92,48.12,47.91,48.1,751630,0
20260330,190000,48.08,48.16,48.05,48.09,219130,0
20260330,200000,48.09,48.09,47.91,48,495070,0
20260330,210000,48.01,48.01,47.88,47.98,320050,0
20260330,220000,47.99,48.09,47.98,48.05,139180,0
20260330,230000,48.04,48.09,47.89,47.98,544520,0
20260331,070000,47.98,48.13,47.57,47.68,1106540,0
20260331,080000,47.67,47.81,47.66,47.7,370670,0
20260331,090000,47.68,47.83,47.66,47.74,363070,0
20260331,100000,47.75,47.83,47.7,47.8,332240,0
20260331,110000,47.8,47.83,47.68,47.72,570470,0
20260331,120000,47.71,48.09,47.68,47.99,1196600,0
20260331,130000,47.98,48.01,47.76,47.82,377580,0
20260331,140000,47.8,47.81,47.52,47.63,1511790,0
20260331,150000,47.61,47.65,47.52,47.53,528610,0
20260331,160000,47.53,47.56,47.3,47.35,1886730,0
20260331,170000,47.34,47.34,47.22,47.23,1868890,0
20260331,180000,47.23,47.43,47.21,47.4,609850,0
20260331,190000,47.4,47.57,47.29,47.53,865630,0
20260331,200000,47.54,47.6,47.47,47.53,353940,0
20260331,210000,47.55,47.55,47.31,47.47,584700,0
20260331,220000,47.43,47.49,47.39,47.48,200630,0
20260331,230000,47.48,47.49,47.4,47.45,120080,0
20260401,070000,47.36,47.48,47.36,47.4,210370,0
20260401,080000,47.4,47.4,47.21,47.31,529990,0
20260401,090000,47.31,47.47,47.31,47.42,785260,0
20260401,100000,47.42,47.85,47.39,47.61,1682210,0
20260401,110000,47.6,47.66,47.5,47.5,800020,0
20260401,120000,47.5,47.53,47.31,47.45,466230,0
20260401,130000,47.45,47.57,47.45,47.52,294590,0
20260401,140000,47.51,47.54,47.37,47.37,560810,0
20260401,150000,47.38,47.8,47.3,47.66,3031710,0
20260401,160000,47.67,47.71,47.55,47.65,548110,0
20260401,170000,47.66,48.33,47.65,47.91,6152660,0
20260401,180000,47.92,48.07,47.85,47.85,1986770,0
20260401,190000,47.84,48.02,47.84,47.89,536930,0
20260401,200000,47.89,48.04,47.87,48.04,324370,0
20260401,210000,48.03,48.08,47.96,48.08,582370,0
20260401,220000,48.07,48.29,48.05,48.21,1083740,0
20260401,230000,48.23,48.81,48.23,48.47,2513340,0
20260402,070000,48.2,48.39,47.9,47.98,1524000,0
20260402,080000,47.98,48.07,47.64,47.9,1275360,0
20260402,090000,47.9,47.9,47.7,47.82,758380,0
20260402,100000,47.82,47.84,47.69,47.71,431650,0
20260402,110000,47.7,48,47.69,47.76,1591980,0
20260402,120000,47.75,47.77,47.64,47.77,821280,0
20260402,130000,47.76,47.82,47.56,47.63,733100,0
20260402,140000,47.65,47.72,47.59,47.67,449650,0
20260402,150000,47.66,47.82,47.6,47.78,632670,0
20260402,160000,47.78,47.84,47.7,47.8,477850,0
20260402,170000,47.81,47.86,47.58,47.69,1117990,0
20260402,180000,47.68,47.78,47.65,47.72,435110,0
20260402,190000,47.72,47.75,47.64,47.69,263370,0
20260402,200000,47.69,47.77,47.68,47.77,103780,0
20260402,210000,47.77,47.79,47.74,47.79,124480,0
20260402,220000,47.79,47.87,47.76,47.8,278790,0
20260402,230000,47.77,47.79,47.58,47.59,374380,0
20260403,070000,47.6,48.06,47.6,48.01,589190,0
20260403,080000,48.05,48.06,47.9,48.04,395540,0
20260403,090000,48.02,48.02,47.85,47.9,484400,0
20260403,100000,47.9,48.03,47.75,47.78,718970,0
20260403,110000,47.8,47.91,47.74,47.82,573910,0
20260403,120000,47.82,47.83,47.61,47.65,1016310,0
20260403,130000,47.63,47.65,47.52,47.58,594620,0
20260403,140000,47.57,47.6,47.48,47.49,812610,0
20260403,150000,47.51,47.6,47.44,47.44,716870,0
20260403,160000,47.46,47.5,47.4,47.45,430710,0
20260403,170000,47.45,47.46,47.38,47.4,769730,0
20260403,180000,47.4,47.54,47.39,47.48,488610,0
20260403,190000,47.48,47.66,47.47,47.63,398020,0
20260403,200000,47.63,47.63,47.56,47.58,90400,0
20260403,210000,47.58,47.62,47.55,47.6,144840,0
20260403,220000,47.6,47.67,47.57,47.6,181600,0
20260403,230000,47.6,47.67,47.57,47.59,159100,0
20260404,090000,47.6,47.6,47.6,47.6,1090,0
20260404,100000,47.6,47.67,47.44,47.53,75750,0
20260404,110000,47.54,47.55,47.48,47.51,110360,0
20260404,120000,47.51,47.57,47.5,47.54,26060,0
20260404,130000,47.57,47.61,47.54,47.6,57550,0
20260404,140000,47.56,47.61,47.56,47.6,26700,0
20260404,150000,47.61,47.61,47.54,47.59,11400,0
20260404,160000,47.59,47.61,47.54,47.57,23960,0
20260404,170000,47.54,47.59,47.5,47.54,36520,0
20260404,180000,47.54,47.56,47.51,47.54,29240,0
20260405,090000,47.54,47.54,47.54,47.54,480,0
20260405,100000,47.58,47.66,47.53,47.58,121100,0
20260405,110000,47.6,47.61,47.58,47.6,45570,0
20260405,120000,47.59,47.6,47.58,47.58,84240,0
20260405,130000,47.58,47.59,47.58,47.59,78780,0
20260405,140000,47.59,47.59,47.58,47.59,23810,0
20260405,150000,47.58,47.6,47.56,47.57,60860,0
20260405,160000,47.57,47.61,47.55,47.6,95460,0
20260405,170000,47.61,47.65,47.6,47.64,46840,0
20260405,180000,47.65,47.68,47.63,47.66,56620,0
20260406,070000,47.63,47.77,47.54,47.63,82760,0
20260406,080000,47.65,48.03,47.62,48.01,978900,0
20260406,090000,48,48.18,47.64,47.85,1042820,0
20260406,100000,47.83,47.86,47.59,47.6,853140,0
20260406,110000,47.59,47.69,47.42,47.63,1033580,0
20260406,120000,47.64,47.9,47.45,47.71,1689900,0
20260406,130000,47.7,47.75,47.57,47.61,897630,0
20260406,140000,47.61,47.75,47.52,47.64,718440,0
20260406,150000,47.66,47.9,47.64,47.84,1013070,0
20260406,160000,47.86,47.94,47.62,47.8,1635080,0
20260406,170000,47.8,47.94,47.73,47.91,1309700,0
20260406,180000,47.91,48.03,47.83,47.9,1003710,0
20260406,190000,47.92,48.12,47.92,48.09,823120,0
20260406,200000,48.1,48.15,48.01,48.1,653910,0
20260406,210000,48.11,48.19,48.05,48.17,551320,0
20260406,220000,48.17,48.36,48.16,48.18,699120,0
20260406,230000,48.19,48.22,47.83,48.08,626070,0
20260407,070000,48.18,48.33,48.08,48.27,517980,0
20260407,080000,48.27,48.76,48.24,48.6,1859450,0
20260407,090000,48.59,48.69,48.44,48.47,859730,0
20260407,100000,48.48,49.19,48.4,48.99,4484400,0
20260407,110000,48.99,49.15,48.81,48.94,3257470,0
20260407,120000,48.96,49.02,48.81,48.84,1091200,0
20260407,130000,48.85,48.98,48.76,48.78,1212420,0
20260407,140000,48.79,48.84,48.52,48.56,1834180,0
20260407,150000,48.56,48.74,48.39,48.45,1102090,0
20260407,160000,48.44,48.58,48.38,48.51,755080,0
20260407,170000,48.53,48.73,48.53,48.6,871520,0
20260407,180000,48.62,48.96,48.59,48.9,1079650,0
20260407,190000,48.89,48.91,48.77,48.79,361400,0
20260407,200000,48.8,48.82,48.62,48.64,310760,0
20260407,210000,48.64,48.72,48.6,48.62,148760,0
20260407,220000,48.63,48.65,48.51,48.54,379710,0
20260407,230000,48.55,48.6,48.17,48.34,795110,0
20260408,070000,49.17,50.45,48.95,50.36,11224860,0
20260408,080000,50.36,50.75,50.18,50.26,7502530,0
20260408,090000,50.23,50.31,49.95,49.96,4271720,0
20260408,100000,49.97,50.14,49.8,50.02,3759050,0
20260408,110000,50.01,50.03,49.61,49.63,2425730,0
20260408,120000,49.63,50.06,49.62,49.98,2124680,0
20260408,130000,49.98,50.27,49.92,50.09,3155750,0
20260408,140000,50.08,50.15,49.61,49.64,3121780,0
20260408,150000,49.64,49.81,49.51,49.51,2614380,0
20260408,160000,49.53,49.76,49.51,49.67,1229390,0
20260408,170000,49.67,49.9,49.53,49.9,1619650,0
20260408,180000,49.9,49.94,49.66,49.79,966420,0
20260408,190000,49.76,49.88,49.68,49.82,582410,0
20260408,200000,49.83,49.86,49.75,49.82,426290,0
20260408,210000,49.81,49.88,49.8,49.83,296000,0
20260408,220000,49.83,49.97,49.83,49.92,470530,0
20260408,230000,49.91,49.97,49.83,49.96,445720,0
20260409,070000,49.95,50.23,49.6,49.84,1710320,0
20260409,080000,49.84,49.91,49.68,49.8,559040,0
20260409,090000,49.8,49.82,49.62,49.63,973400,0
20260409,100000,49.63,49.77,49.52,49.69,1142240,0
20260409,110000,49.69,49.7,49.32,49.39,1734930,0
20260409,120000,49.39,49.42,49.11,49.21,1941590,0
20260409,130000,49.2,49.34,49.19,49.32,518800,0
20260409,140000,49.32,49.35,49.05,49.28,1662160,0
20260409,150000,49.27,49.27,49.1,49.13,357300,0
20260409,160000,49.13,49.13,48.65,48.73,3775730,0
20260409,170000,48.73,48.95,48.7,48.79,1429450,0
20260409,180000,48.79,48.88,48.73,48.88,1633550,0
20260409,190000,48.87,49.12,48.8,49.01,4050910,0
20260409,200000,49.02,49.02,48.9,48.94,341180,0
20260409,210000,48.95,49,48.85,48.87,445570,0
20260409,220000,48.86,49.81,48.86,49.4,4897030,0
20260409,230000,49.4,49.53,49.37,49.42,584110,0
20260410,070000,49.42,49.59,49.16,49.18,697970,0
20260410,080000,49.18,49.26,49.13,49.22,113920,0
20260410,090000,49.2,49.2,48.72,48.8,1291160,0
20260410,100000,48.79,48.89,48.53,48.66,2124080,0
20260410,110000,48.66,48.77,48.51,48.73,1647690,0
20260410,120000,48.73,49.04,48.71,48.98,1883270,0
20260410,130000,48.96,49.02,48.87,49,412710,0
20260410,140000,48.99,49.12,48.81,48.97,1367020,0
20260410,150000,48.98,49.05,48.92,49,688140,0
20260410,160000,49.02,49.1,48.93,49.02,539780,0
20260410,170000,49.02,49.03,48.92,48.92,1390620,0
20260410,180000,48.92,49.21,48.92,49.15,832060,0
20260410,190000,49.15,49.15,48.92,49.03,620590,0
20260410,200000,49.03,49.04,48.93,48.96,202280,0
20260410,210000,48.96,49,48.94,48.99,175850,0
20260410,220000,48.99,49.03,48.94,48.94,254370,0
20260410,230000,48.95,49.02,48.92,48.99,290290,0
20260411,090000,49.34,49.34,49.34,49.34,50100,0
20260411,100000,49.15,49.29,48.92,49.1,232280,0
20260411,110000,49.11,49.12,49.06,49.07,37700,0
20260411,120000,49.11,49.11,48.92,49,545220,0
20260411,130000,49,49.08,48.97,49.06,180760,0
20260411,140000,49.04,49.15,49.02,49.02,67320,0
20260411,150000,49.06,49.09,49,49.02,35300,0
20260411,160000,49.02,49.07,49,49.07,55550,0
20260411,170000,49.07,49.09,49.05,49.07,47860,0
20260411,180000,49.06,49.16,49.05,49.15,91440,0
20260412,090000,49.01,49.01,49.01,49.01,12980,0
20260412,100000,49.12,49.15,48.35,48.54,1699180,0
20260412,110000,48.5,48.78,48.49,48.78,548640,0
20260412,120000,48.78,48.8,48.64,48.66,153960,0
20260412,130000,48.67,48.67,48.39,48.62,800720,0
20260412,140000,48.62,48.85,48.55,48.85,372590,0
20260412,150000,48.85,48.85,48.66,48.69,166450,0
20260412,160000,48.69,48.79,48.45,48.5,1350140,0
20260412,170000,48.5,48.51,48.17,48.3,2140690,0
20260412,180000,48.3,48.36,48.2,48.3,406250,0
20260413,070000,48.21,48.49,48.1,48.17,733580,0
20260413,080000,48.18,48.21,48,48.17,843510,0
20260413,090000,48.17,48.24,48.01,48.05,1454610,0
20260413,100000,48.06,48.06,47.65,47.76,2237630,0
20260413,110000,47.75,47.9,47.67,47.84,1181440,0
20260413,120000,47.84,47.98,47.75,47.97,778490,0
20260413,130000,47.96,48.24,47.8,48.04,1962220,0
20260413,140000,48.04,48.22,47.87,47.9,1138050,0
20260413,150000,47.9,48.07,47.9,47.96,318070,0
20260413,160000,47.96,47.96,47.62,47.77,1160340,0
20260413,170000,47.77,47.99,47.73,47.96,757680,0
20260413,180000,47.96,47.97,47.77,47.79,463250,0
20260413,190000,47.82,47.93,47.75,47.93,413110,0
20260413,200000,47.92,48.05,47.9,48.04,284750,0
20260413,210000,48.03,48.07,48,48.06,159480,0
20260413,220000,48.04,48.15,48.02,48.1,245190,0
20260413,230000,48.09,48.13,47.96,48.05,369290,0
20260414,070000,48.04,48.37,47.8,48.24,909700,0
20260414,080000,48.2,48.4,48.2,48.27,556910,0
20260414,090000,48.27,48.42,48.13,48.2,589750,0
20260414,100000,48.2,48.29,48.11,48.24,502570,0
20260414,110000,48.24,48.28,47.73,47.75,1851410,0
20260414,120000,47.74,47.89,47.65,47.81,1013290,0
20260414,130000,47.81,48.42,47.8,48.31,1981210,0
20260414,140000,48.31,48.57,48.13,48.26,2278860,0
20260414,150000,48.3,48.34,48.24,48.27,268340,0
20260414,160000,48.26,48.39,48.19,48.28,824470,0
20260414,170000,48.28,48.34,48.15,48.21,842350,0
20260414,180000,48.22,48.33,48.12,48.32,255370,0
20260414,190000,48.32,48.33,48.23,48.28,312500,0
20260414,200000,48.25,48.28,48.15,48.17,205890,0
20260414,210000,48.18,48.21,48.16,48.2,106150,0
20260414,220000,48.17,48.3,48.17,48.22,425560,0
20260414,230000,48.2,48.21,48.03,48.09,500220,0
20260415,070000,48.2,48.27,48.08,48.25,298850,0
20260415,080000,48.25,48.36,48.18,48.24,433400,0
20260415,090000,48.22,48.36,48.05,48.29,599650,0
20260415,100000,48.29,48.31,47.9,48,911890,0
20260415,110000,48,48.17,47.96,48.03,597340,0
20260415,120000,48.04,48.11,47.96,48.03,594940,0
20260415,130000,48.03,48.96,48.03,48.72,5189180,0
20260415,140000,48.72,48.79,48.56,48.64,1648360,0
20260415,150000,48.64,48.74,48.38,48.41,2013200,0
20260415,160000,48.41,48.63,48.41,48.61,1044270,0
20260415,170000,48.61,48.9,48.58,48.9,2067380,0
20260415,180000,48.9,49.5,48.88,49.25,4692740,0
20260415,190000,49.23,49.4,49.21,49.24,1599960,0
20260415,200000,49.24,49.4,49.24,49.27,571800,0
20260415,210000,49.29,49.33,49.21,49.31,489950,0
20260415,220000,49.33,49.61,49.28,49.55,1343550,0
20260415,230000,49.56,49.56,49.29,49.46,773960,0
20260416,070000,49.41,49.44,49.14,49.21,681750,0
20260416,080000,49.25,49.43,49.18,49.4,541650,0
20260416,090000,49.39,49.39,49.15,49.15,614430,0
20260416,100000,49.15,49.71,49.04,49.43,3774830,0
20260416,110000,49.43,49.62,49.32,49.36,1363440,0
20260416,120000,49.35,49.44,49.25,49.38,367490,0
20260416,130000,49.4,49.53,49.38,49.46,320430,0
20260416,140000,49.46,49.52,49.29,49.43,1034610,0
20260416,150000,49.43,49.55,49.39,49.41,788200,0
20260416,160000,49.41,49.47,49.31,49.42,517590,0
20260416,170000,49.43,49.5,49.06,49.18,1568400,0
20260416,180000,49.17,49.24,48.62,48.88,3051420,0
20260416,190000,48.87,48.98,48.64,48.74,1046860,0
20260416,200000,48.74,48.89,48.7,48.85,357160,0
20260416,210000,48.85,48.85,48.7,48.75,504420,0
20260416,220000,48.73,48.97,48.69,48.92,316470,0
20260416,230000,48.93,48.94,48.76,48.79,329030,0
20260417,070000,48.8,49.1,48.53,48.61,920870,0
20260417,080000,48.6,48.84,48.6,48.83,307050,0
20260417,090000,48.83,48.84,48.59,48.74,579790,0
20260417,100000,48.7,49.01,48.55,48.9,1022370,0
20260417,110000,48.92,49.01,48.67,48.67,902410,0
20260417,120000,48.67,48.97,48.65,48.82,722690,0
20260417,130000,48.82,48.9,48.75,48.82,474350,0
20260417,140000,48.82,49.59,48.82,49.53,6330810,0
20260417,150000,49.53,50,49.25,49.99,6806870,0
20260417,160000,49.96,50.11,49.31,49.74,10262170,0
20260417,170000,49.73,50,49.53,49.73,4553050,0
20260417,180000,49.75,50.25,49.49,49.94,3242570,0
20260417,190000,49.94,50.22,49.87,49.94,1884710,0
20260417,200000,49.93,49.99,49.76,49.84,930020,0
20260417,210000,49.82,49.91,49.8,49.86,355300,0
20260417,220000,49.89,49.93,49.86,49.89,250910,0
20260417,230000,49.91,49.93,49.86,49.9,482940,0
20260418,090000,50,50,50,50,8010,0
20260418,100000,50.01,50.01,49.56,49.72,761160,0
20260418,110000,49.7,49.8,49.6,49.7,444750,0
20260418,120000,49.7,49.89,49.69,49.86,396470,0
20260418,130000,49.88,49.89,49.7,49.71,376190,0
20260418,140000,49.71,49.73,49.55,49.61,556420,0
20260418,150000,49.61,49.64,49.43,49.46,1274800,0
20260418,160000,49.48,49.7,49.43,49.58,298890,0
20260418,170000,49.59,49.76,49.58,49.71,157060,0
20260418,180000,49.73,49.74,49.58,49.66,234170,0
20260419,090000,49.66,49.66,49.66,49.66,1420,0
20260419,100000,49.7,49.71,49.41,49.53,427900,0
20260419,110000,49.53,49.63,49.51,49.6,43300,0
20260419,120000,49.59,49.6,49.55,49.6,39820,0
20260419,130000,49.57,49.61,49.56,49.61,44610,0
20260419,140000,49.58,50,49.56,49.95,916600,0
20260419,150000,49.92,50.07,49.85,50.07,387000,0
20260419,160000,50.06,50.3,49.94,50.04,1478230,0
20260419,170000,50.07,50.26,49.9,50.08,725750,0
20260419,180000,50.1,50.24,50.01,50.01,590270,0
20260420,070000,49.8,50.07,49.8,49.99,1203040,0
20260420,080000,49.99,50.48,49.93,50.21,1636020,0
20260420,090000,50.19,50.3,49.97,50.02,1373720,0
20260420,100000,50,50.24,49.89,49.96,1971700,0
20260420,110000,49.96,49.96,49.07,49.15,6943650,0
20260420,120000,49.13,49.33,49.01,49.18,2112910,0
20260420,130000,49.18,49.18,48.8,49.15,2167160,0
20260420,140000,49.15,49.3,49.09,49.15,856360,0
20260420,150000,49.15,49.6,49.12,49.45,1766470,0
20260420,160000,49.45,49.7,49.41,49.61,1025580,0
20260420,170000,49.61,50.3,49.49,50.2,4060230,0
20260420,180000,50.2,50.3,50.09,50.18,2525000,0
20260420,190000,50.15,50.19,49.91,50,1340280,0
20260420,200000,49.99,50.26,49.99,50.22,600090,0
20260420,210000,50.21,50.23,50.09,50.14,345430,0
20260420,220000,50.14,50.2,50.1,50.19,326050,0
20260420,230000,50.2,50.3,50.13,50.29,1086970,0
20260421,070000,50.37,50.37,49.92,50.12,1762080,0
20260421,080000,50.15,50.24,49.98,50.08,560710,0
20260421,090000,50.08,50.6,50.08,50.48,2268510,0
20260421,100000,50.49,50.7,50.1,50.16,2157150,0
20260421,110000,50.16,50.4,50.03,50.3,1502360,0
20260421,120000,50.28,50.44,50.08,50.11,903930,0
20260421,130000,50.11,50.17,49.86,49.94,1468400,0
20260421,140000,49.94,50.17,49.79,50.16,711630,0
20260421,150000,50.16,50.26,49.86,49.89,1146930,0
20260421,160000,49.87,49.97,49.43,49.59,2372840,0
20260421,170000,49.59,50.55,49.56,50.43,5724570,0
20260421,180000,50.41,50.45,50.07,50.11,1403870,0
20260421,190000,50.13,50.23,50.08,50.19,536310,0
20260421,200000,50.18,50.4,50.1,50.18,1186200,0
20260421,210000,50.18,50.2,50.05,50.14,271240,0
20260421,220000,50.14,50.2,49.8,49.81,1100760,0
20260421,230000,49.81,49.94,49.75,49.84,1232560,0
20260422,070000,50,50.18,49.91,50.1,949640,0
20260422,080000,50.13,50.15,49.97,50.1,251980,0
20260422,090000,50.1,50.49,50.03,50.41,1845260,0
20260422,100000,50.39,50.56,50.27,50.35,1930110,0
20260422,110000,50.36,50.37,50.1,50.17,1175610,0
20260422,120000,50.15,50.23,50.06,50.14,805720,0
20260422,130000,50.14,50.27,50.13,50.18,684810,0
20260422,140000,50.18,50.19,50.01,50.04,698180,0
20260422,150000,50.04,50.08,49.9,50.04,896220,0
20260422,160000,50.04,50.06,49.91,49.93,470180,0
20260422,170000,49.95,50.46,49.93,50.15,1800700,0
20260422,180000,50.16,50.21,50.08,50.12,641240,0
20260422,190000,50.12,50.39,50.1,50.2,657980,0
20260422,200000,50.2,50.21,49.92,50.07,1149110,0
20260422,210000,50.06,50.15,50.01,50.13,184430,0
20260422,220000,50.13,50.16,50.05,50.06,210150,0
20260422,230000,50.06,50.17,50.06,50.16,335260,0
20260423,070000,50.16,50.21,49.8,50.04,1164550,0
20260423,080000,50.03,50.11,49.94,50.01,465180,0
20260423,090000,50,50.17,49.94,50.08,547570,0
20260423,100000,50.08,50.09,49.96,50,365420,0
20260423,110000,50,50.1,49.99,50,247960,0
20260423,120000,50.01,50.02,49.9,49.97,699760,0
20260423,130000,49.97,49.98,49.7,49.75,1276420,0
20260423,140000,49.75,49.83,49.56,49.6,1225590,0
20260423,150000,49.6,49.73,49.49,49.53,2505590,0
20260423,160000,49.53,49.62,49.5,49.5,802220,0
20260423,170000,49.52,49.68,49.5,49.52,756790,0
20260423,180000,49.53,49.67,49.52,49.54,433910,0
20260423,190000,49.59,49.64,49.56,49.63,184590,0
20260423,200000,49.64,49.65,49.5,49.53,512020,0
20260423,210000,49.53,49.65,49.49,49.57,594500,0
20260423,220000,49.6,49.6,49.2,49.31,1436210,0
20260423,230000,49.31,49.45,49.28,49.35,608860,0
20260424,070000,49.4,49.84,49.35,49.72,1188820,0
20260424,080000,49.76,49.78,49.61,49.62,518430,0
20260424,090000,49.61,49.68,49.51,49.55,406700,0
20260424,100000,49.53,49.6,49.51,49.55,328580,0
20260424,110000,49.54,49.67,49.4,49.63,871400,0
20260424,120000,49.63,49.71,49.55,49.66,406000,0
20260424,130000,49.68,49.8,49.04,49.09,6412360,0
20260424,140000,49.1,49.22,48.9,49.13,2353340,0
20260424,150000,49.12,49.22,48.89,48.93,1428340,0
20260424,160000,48.93,48.96,48.3,48.54,5624570,0
20260424,170000,48.54,48.89,48.38,48.83,2149890,0
20260424,180000,48.83,48.96,48.72,48.72,1229320,0
20260424,190000,48.78,49.03,48.76,48.98,516610,0
20260424,200000,48.97,49.01,48.86,48.91,373460,0
20260424,210000,48.88,48.96,48.84,48.86,232980,0
20260424,220000,48.87,48.91,48.76,48.89,385240,0
20260424,230000,48.89,49.07,48.85,48.99,321800,0
20260425,090000,48.99,48.99,48.99,48.99,610,0
20260425,100000,48.99,49.03,48.91,49,62770,0
20260425,110000,49.02,49.02,49,49.02,65190,0
20260425,120000,49.02,49.02,48.95,48.99,101450,0
20260425,130000,48.98,48.99,48.97,48.97,26050,0
20260425,140000,48.97,48.99,48.89,48.89,32430,0
20260425,150000,48.91,48.92,48.84,48.85,41110,0
20260425,160000,48.87,48.93,48.85,48.9,11980,0
20260425,170000,48.9,48.93,48.83,48.9,42080,0
20260425,180000,48.88,48.94,48.81,48.81,65710,0
20260426,090000,48.82,48.82,48.82,48.82,190,0
20260426,100000,48.95,49.02,48.8,48.97,244340,0
20260426,110000,48.98,48.98,48.9,48.93,28600,0
20260426,120000,48.92,48.95,48.91,48.95,12460,0
20260426,130000,48.94,48.95,48.91,48.94,29330,0
20260426,140000,48.94,48.97,48.93,48.97,28340,0
20260426,150000,48.98,48.98,48.9,48.91,22320,0
20260426,160000,48.91,48.96,48.9,48.92,59340,0
20260426,170000,48.94,48.96,48.91,48.93,16970,0
20260426,180000,48.92,48.96,48.91,48.91,55330,0
20260427,070000,48.92,48.98,48.75,48.84,328670,0
20260427,080000,48.85,48.87,48.77,48.82,60340,0
20260427,090000,48.81,48.81,48.53,48.63,808780,0
20260427,100000,48.62,48.83,48.53,48.74,811270,0
20260427,110000,48.75,48.98,48.74,48.86,568870,0
20260427,120000,48.87,48.97,48.86,48.91,407970,0
20260427,130000,48.91,48.93,48.58,48.65,961650,0
20260427,140000,48.65,48.7,48.52,48.7,521000,0
20260427,150000,48.7,48.7,48.55,48.6,501910,0
20260427,160000,48.6,48.82,48.55,48.72,815210,0
20260427,170000,48.73,48.81,48.6,48.71,649880,0
20260427,180000,48.72,48.73,48.52,48.54,377810,0
20260427,190000,48.58,48.62,48.5,48.52,418800,0
20260427,200000,48.55,48.59,48.4,48.44,463180,0
20260427,210000,48.44,48.46,48.35,48.41,312310,0
20260427,220000,48.41,48.5,48.38,48.47,188650,0
20260427,230000,48.46,48.51,48.42,48.48,102290,0
20260428,070000,48.48,48.58,48.32,48.45,205700,0
20260428,080000,48.45,48.45,48.1,48.21,799550,0
20260428,090000,48.21,48.29,48,48.27,1155200,0
20260428,100000,48.28,48.38,48.08,48.08,911110,0
20260428,110000,48.08,48.26,48.06,48.15,376320,0
20260428,120000,48.14,48.23,48.04,48.04,538480,0
20260428,130000,48.06,48.19,48,48.06,953590,0
20260428,140000,48.06,48.4,48.03,48.24,1398690,0
20260428,150000,48.24,48.31,48,48.05,1067420,0
20260428,160000,48.04,48.05,47.8,47.83,1296320,0
20260428,170000,47.82,48.08,47.81,48.02,803580,0
20260428,180000,48,48.14,47.9,47.9,660780,0
20260428,190000,47.96,47.98,47.82,47.87,605010,0
20260428,200000,47.87,47.97,47.84,47.97,219390,0
20260428,210000,47.97,47.98,47.95,47.96,240830,0
20260428,220000,47.96,47.97,47.88,47.91,261680,0
20260428,230000,47.93,47.97,47.9,47.91,201110,0
20260429,070000,47.9,47.97,47.7,47.91,728520,0
20260429,080000,47.91,48.14,47.9,48.03,463880,0
20260429,090000,48.03,48.34,47.97,48.23,1091610,0
20260429,100000,48.21,48.25,47.8,47.86,1212400,0
20260429,110000,47.85,47.9,47.82,47.88,826780,0
20260429,120000,47.88,48,47.83,47.85,737620,0
20260429,130000,47.85,47.87,47.55,47.67,1894240,0
20260429,140000,47.67,47.79,47.55,47.61,955160,0
20260429,150000,47.58,47.62,47.41,47.5,2226300,0
20260429,160000,47.5,47.55,47.22,47.23,2004990,0
20260429,170000,47.22,47.38,47.05,47.09,2481770,0
20260429,180000,47.09,47.14,46.32,46.85,5558110,0
20260429,190000,46.82,46.98,46.77,46.93,958410,0
20260429,200000,46.91,48,46.9,47.69,4227950,0
20260429,210000,47.68,48.09,47.68,47.97,2041090,0
20260429,220000,47.98,48.01,47.6,47.63,1101150,0
20260429,230000,47.64,47.79,47.51,47.51,414950,0
20260430,070000,47.52,47.95,47.51,47.72,1218310,0
20260430,080000,47.7,47.74,47.5,47.63,443600,0
20260430,090000,47.63,47.7,47.05,47.31,1788720,0
20260430,100000,47.31,47.94,47.17,47.93,1741340,0
20260430,110000,47.93,47.97,47.68,47.77,1129170,0
20260430,120000,47.76,47.76,46.7,46.83,3448080,0
20260430,130000,46.84,47.32,46.7,47.05,2471710,0
20260430,140000,47.03,47.09,46.77,47.02,1366770,0
20260430,150000,47.03,47.27,47,47.11,638260,0
20260430,160000,47.11,47.19,46.92,47.08,368720,0
20260430,170000,47.06,47.25,46.96,47.19,409990,0
20260430,180000,47.19,47.2,46.93,47.06,583380,0
20260430,190000,47.05,47.11,47.01,47.08,192230,0
20260430,200000,47.1,47.38,47.01,47.34,765430,0
20260430,210000,47.34,47.35,47.25,47.32,248900,0
20260430,220000,47.33,47.34,47.25,47.27,196040,0
20260430,230000,47.25,47.34,47.2,47.34,486160,0
20260501,090000,47.48,47.48,47.48,47.48,13060,0
20260501,100000,47.48,47.48,47.23,47.42,167110,0
20260501,110000,47.41,47.43,47.38,47.43,76580,0
20260501,120000,47.43,47.44,47.37,47.4,42530,0
20260501,130000,47.39,47.41,47.36,47.37,32010,0
20260501,140000,47.4,47.4,47.26,47.26,102750,0
20260501,150000,47.28,47.28,47.16,47.17,76560,0
20260501,160000,47.17,47.19,47.14,47.14,57910,0
20260501,170000,47.14,47.18,47.03,47.11,93100,0
20260501,180000,47.11,47.16,47.08,47.14,92540,0
20260502,090000,47.15,47.15,47.15,47.15,6210,0
20260502,100000,47.18,47.24,46.96,47.09,256680,0
20260502,110000,47.09,47.1,47.03,47.08,72310,0
20260502,120000,47.1,47.1,47.05,47.09,14830,0
20260502,130000,47.06,47.11,47.05,47.07,58380,0
20260502,140000,47.07,47.1,47.07,47.1,20260,0
20260502,150000,47.08,47.13,47.08,47.13,45940,0
20260502,160000,47.1,47.14,47.09,47.09,11880,0
20260502,170000,47.11,47.14,47.09,47.1,14650,0
20260502,180000,47.1,47.13,47.04,47.05,36150,0
20260503,090000,47.19,47.19,47.19,47.19,10000,0
20260503,100000,47.18,47.18,47.04,47.13,63540,0
20260503,110000,47.13,47.21,47.11,47.15,88430,0
20260503,120000,47.15,47.17,47.11,47.15,27620,0
20260503,130000,47.15,47.19,47.13,47.18,18730,0
20260503,140000,47.19,47.21,47.14,47.17,27550,0
20260503,150000,47.17,47.19,47.14,47.15,15010,0
20260503,160000,47.14,47.18,47.14,47.17,14460,0
20260503,170000,47.15,47.22,47.15,47.19,14490,0
20260503,180000,47.21,47.23,47.13,47.21,36090,0
20260504,070000,47.26,47.36,47.12,47.24,161270,0
20260504,080000,47.23,47.33,47.23,47.32,91500,0
20260504,090000,47.3,47.36,47.07,47.19,459010,0
20260504,100000,47.18,47.28,47.06,47.19,548800,0
20260504,110000,47.19,47.44,47.07,47.17,1393810,0
20260504,120000,47.16,47.25,46.83,46.86,1941820,0
20260504,130000,46.86,47.09,46.27,46.49,2783070,0
20260504,140000,46.47,46.72,46.3,46.38,2440560,0
20260504,150000,46.37,46.44,46.26,46.38,1069740,0
20260504,160000,46.39,46.39,46.22,46.29,568980,0
20260504,170000,46.29,46.51,46.25,46.5,867730,0
20260504,180000,46.48,46.59,46.42,46.49,606920,0
20260504,190000,46.48,46.62,46.38,46.39,464340,0
20260504,200000,46.38,46.47,46.34,46.35,257100,0
20260504,210000,46.34,46.57,46.34,46.54,608120,0
20260504,220000,46.52,46.57,46.34,46.39,382380,0
20260504,230000,46.38,46.46,46.34,46.34,208100,0
20260505,070000,46.37,46.45,46.27,46.34,272590,0
20260505,080000,46.38,46.48,46.34,46.42,111430,0
20260505,090000,46.4,46.49,46.34,46.46,453120,0
20260505,100000,46.46,46.62,46.08,46.22,2649330,0
20260505,110000,46.22,46.26,45.85,46.02,2091360,0
20260505,120000,46.02,46.52,45.95,46.42,1647120,0
20260505,130000,46.42,46.59,46.13,46.45,1413320,0
20260505,140000,46.46,46.7,46.39,46.6,751520,0
20260505,150000,46.61,46.82,46.54,46.71,972990,0
20260505,160000,46.71,47,46.62,46.95,1357440,0
20260505,170000,46.97,47,46.83,46.85,698680,0
20260505,180000,46.86,46.96,46.65,46.92,1024890,0
20260505,190000,46.93,46.94,46.73,46.85,297220,0
20260505,200000,46.85,46.94,46.8,46.92,166730,0
20260505,210000,46.91,47.18,46.86,47.14,803010,0
20260505,220000,47.14,47.16,47.03,47.11,386080,0
20260505,230000,47.1,47.16,47.05,47.16,172200,0
20260506,070000,47.16,47.25,47.01,47.03,406260,0
20260506,080000,47.06,47.18,46.93,46.95,394640,0
20260506,090000,46.94,46.98,46.54,46.78,1422140,0
20260506,100000,46.78,47.23,46.78,47.05,1651520,0
20260506,110000,47.05,47.76,47.02,47.4,2249800,0
20260506,120000,47.4,47.46,47.01,47.08,1003740,0
20260506,130000,47.06,47.46,46.86,47.37,1619330,0
20260506,140000,47.37,47.9,47.32,47.8,2105070,0
20260506,150000,47.81,47.94,47.5,47.54,997570,0
20260506,160000,47.52,47.72,47.5,47.58,634370,0
20260506,170000,47.58,48.02,47.49,47.89,1244960,0
20260506,180000,47.91,47.96,47.71,47.73,314940,0
20260506,190000,47.74,47.92,47.64,47.7,787360,0
20260506,200000,47.7,47.7,47.59,47.6,150910,0
20260506,210000,47.6,47.64,47.52,47.54,278990,0
20260506,220000,47.54,47.74,47.52,47.68,238020,0
20260506,230000,47.67,47.81,47.65,47.69,310360,0
20260507,070000,47.73,47.8,47.55,47.57,173100,0
20260507,080000,47.57,47.73,47.56,47.66,97400,0
20260507,090000,47.66,47.76,47.5,47.53,551960,0
20260507,100000,47.54,48.27,47.5,48.04,2874420,0
20260507,110000,48.04,48.13,47.81,47.94,1016010,0
20260507,120000,47.92,48.12,47.87,48.07,351910,0
20260507,130000,48.07,48.19,47.87,47.94,539340,0
20260507,140000,47.94,48.21,47.93,48.18,755850,0
20260507,150000,48.17,48.24,48.02,48.08,614240,0
20260507,160000,48.09,48.11,47.82,47.88,701650,0
20260507,170000,47.87,47.9,47.7,47.85,611850,0
20260507,180000,47.86,47.99,47.56,47.93,1323150,0
20260507,190000,47.89,48.07,47.74,47.92,513410,0
20260507,200000,47.91,47.92,47.68,47.73,355540,0
20260507,210000,47.7,47.79,47.65,47.65,327770,0
20260507,220000,47.65,47.77,47.6,47.77,426270,0
20260507,230000,47.77,47.78,47.56,47.73,326150,0
20260508,070000,47.7,47.86,47.64,47.76,244270,0
20260508,080000,47.75,47.79,47.63,47.63,135590,0
20260508,090000,47.65,47.67,47.18,47.25,1432420,0
20260508,100000,47.24,47.24,46.7,46.99,2706570,0
20260508,110000,46.98,47.18,46.73,46.8,887950,0
20260508,120000,46.79,46.9,46.79,46.87,232470,0
