20231228,090000,5927.3,5929.9,5900.5,5915.1,992,0
20231228,100000,5920,5920,5869.2,5874,7763,0
20231228,110000,5874,5874,5826.4,5847,7332,0
20231228,120000,5847,5869.6,5830.9,5868,4526,0
20231228,130000,5867.5,5868,5845.7,5853.1,3003,0
20231228,140000,5853.3,5853.3,5841.2,5846.1,1214,0
20231228,150000,5846.9,5847.3,5835.1,5847.2,4053,0
20231228,160000,5846.8,5847.7,5832.7,5843.4,5740,0
20231228,170000,5843.4,5878.1,5839.3,5878.1,2774,0
20231228,180000,5879,5886,5873.3,5873.3,5374,0
20231228,190000,5874.5,5883.2,5853.9,5853.9,771,0
20231228,200000,5852.5,5857.4,5850.5,5850.6,1477,0
20231228,210000,5853.3,5859.1,5846.9,5855.1,603,0
20231228,220000,5859.4,5859.4,5844.7,5844.7,452,0
20231228,230000,5844.5,5848.9,5840.1,5847.4,29,0
20231229,090000,5875.3,5882.5,5866.6,5874.2,977,0
20231229,100000,5874.1,5882.5,5850,5852.5,4775,0
20231229,110000,5851.3,5858.5,5840.1,5853.9,2682,0
20231229,120000,5858,5893.5,5848.7,5884.6,1908,0
20231229,130000,5884.6,5884.6,5872.5,5874.4,1435,0
20231229,140000,5875.5,5905.5,5872.5,5900.7,1014,0
20231229,150000,5900,5903.4,5891.9,5899,1312,0
20231229,160000,5899,5900,5888.1,5895.1,405,0
20231229,170000,5897.2,5915.1,5897.2,5914.6,2350,0
20231229,180000,5914.6,5923.3,5909.4,5914.6,2230,0
20231229,190000,5924.2,5939.3,5921.4,5932.1,1362,0
20231229,200000,5930,5932,5926.6,5929,143,0
20231229,210000,5926.6,5929.1,5914.5,5918.9,396,0
20231229,220000,5914.5,5921.8,5910.8,5921.8,102,0
20231229,230000,5920,5920,5910.6,5919,245,0
20240103,090000,5913.1,5927.6,5913.1,5924.2,421,0
20240103,100000,5924.1,5933,5922.8,5933,697,0
20240103,110000,5933.3,5933.3,5920.4,5927.2,241,0
20240103,120000,5926.6,5931,5921,5927,824,0
20240103,130000,5926.2,5942.4,5925.5,5940.9,1358,0
20240103,140000,5937.3,5942.5,5927.6,5934.5,779,0
20240103,150000,5930.6,5930.6,5910.6,5929.5,2793,0
20240103,160000,5929.8,5935.4,5915,5915,638,0
20240103,170000,5916,5920,5910.7,5918.6,828,0
20240103,180000,5918.6,5931.7,5916.5,5918.3,371,0
20240103,190000,5921.5,5924,5915,5920.5,207,0
20240103,200000,5920.7,5929.2,5920.7,5927.4,346,0
20240103,210000,5927.3,5931.7,5923,5931.7,485,0
20240103,220000,5929.4,5932,5921.4,5931.9,426,0
20240103,230000,5927.3,5932,5927.3,5928.1,23,0
20240104,090000,5933,5942.5,5923.8,5928.2,887,0
20240104,100000,5925.4,5929.5,5912.5,5915.1,965,0
20240104,110000,5915.1,5915.1,5900,5903.3,2341,0
20240104,120000,5907.2,5912.8,5899.5,5899.5,1838,0
20240104,130000,5898.7,5902.6,5893.9,5902.6,349,0
20240104,140000,5902.7,5907.2,5901.3,5907.1,82,0
20240104,150000,5907.5,5907.5,5898.8,5904.2,384,0
20240104,160000,5904.2,5904.2,5880.9,5880.9,1316,0
20240104,170000,5880.6,5888.1,5874.5,5878.6,1186,0
20240104,180000,5878.5,5889.4,5877.3,5889.4,256,0
20240104,190000,5890,5891.5,5885,5888.1,140,0
20240104,200000,5888.1,5908.8,5887.7,5908.8,1369,0
20240104,210000,5907.9,5909.8,5896.5,5896.5,145,0
20240104,220000,5899.8,5903.4,5896.5,5900,152,0
20240104,230000,5900.1,5906.1,5900.1,5906.1,30,0
20240105,090000,5904.9,5907.4,5895.7,5897.9,527,0
20240105,100000,5897.4,5905.4,5887.5,5889.3,707,0
20240105,110000,5889.3,5889.3,5864.1,5874.6,917,0
20240105,120000,5874.8,5874.8,5858,5863,732,0
20240105,130000,5862,5863.5,5856.1,5863.5,894,0
20240105,140000,5863.9,5864.9,5852.7,5861.9,823,0
20240105,150000,5863.4,5889.8,5848.1,5858,4593,0
20240105,160000,5857,5862.1,5828.6,5845.8,3852,0
20240105,170000,5845.7,5859.5,5844.6,5856,804,0
20240105,180000,5856,5899.3,5856,5885.6,3613,0
20240105,190000,5882.5,5882.5,5864.5,5864.5,412,0
20240105,200000,5864.5,5866.3,5850,5863,490,0
20240105,210000,5862.9,5869,5854.6,5869,90,0
20240105,220000,5869,5877.1,5865,5870.5,54,0
20240105,230000,5869,5869,5862,5862,136,0
20240108,090000,5857.3,5857.3,5839.2,5845.1,1889,0
20240108,100000,5842.1,5850.5,5833.4,5848.2,2278,0
20240108,110000,5847.5,5847.5,5833,5841,1628,0
20240108,120000,5841,5841,5807.3,5817.8,2104,0
20240108,130000,5816.7,5819.9,5808.6,5810,1712,0
20240108,140000,5810.1,5833.5,5809,5830.6,2320,0
20240108,150000,5830.8,5847.8,5824,5843.5,1985,0
20240108,160000,5844.5,5861.8,5844.5,5847.4,1207,0
20240108,170000,5847.3,5847.6,5817.4,5827.7,2771,0
20240108,180000,5838.7,5849.7,5832.7,5846.8,1437,0
20240108,190000,5849.5,5857,5844.6,5853,762,0
20240108,200000,5852.8,5852.8,5838.5,5838.5,345,0
20240108,210000,5841.2,5849.3,5838,5849.3,141,0
20240108,220000,5849.3,5852.6,5842.6,5852.6,221,0
20240108,230000,5852.7,5853,5848.1,5848.1,23,0
20240109,090000,5852.6,5859.9,5851.2,5853.8,744,0
20240109,100000,5855.8,5858.1,5847.4,5853.2,599,0
20240109,110000,5852.1,5852.1,5828.3,5837.6,1147,0
20240109,120000,5839.2,5840.8,5825.2,5832,664,0
20240109,130000,5831,5836.8,5824.1,5824.8,1404,0
20240109,140000,5828.9,5837.4,5824.7,5831.1,1321,0
20240109,150000,5831,5831,5818.4,5819.6,2740,0
20240109,160000,5819.3,5824.9,5811.7,5824.9,1744,0
20240109,170000,5824.9,5832.4,5815.2,5817.2,2056,0
20240109,180000,5818.9,5825.3,5814.3,5820.7,1299,0
20240109,190000,5818.6,5829,5816,5828.9,261,0
20240109,200000,5828.9,5831.1,5820.5,5822.5,249,0
20240109,210000,5822.5,5824.3,5820.5,5822.5,73,0
20240109,220000,5822.5,5822.5,5820.1,5822.5,32,0
20240109,230000,5822.5,5827.7,5822.5,5822.6,42,0
20240110,090000,5822.6,5822.6,5805.6,5811.5,2257,0
20240110,100000,5806.9,5818.5,5803.3,5816,2203,0
20240110,110000,5816.4,5817.2,5807.3,5811.6,856,0
20240110,120000,5808.2,5825.1,5808.2,5815,1427,0
20240110,130000,5818.8,5820.4,5813.3,5813.3,326,0
20240110,140000,5813,5820.9,5813,5819,533,0
20240110,150000,5816.1,5819,5813,5813,215,0
20240110,160000,5812.5,5817.2,5809.8,5813,1705,0
20240110,170000,5813.5,5815,5809,5809,302,0
20240110,180000,5808.5,5812.8,5803.1,5812.8,209,0
20240110,190000,5825.9,5825.9,5803,5813.4,284,0
20240110,200000,5810.1,5813.9,5806.4,5806.4,102,0
20240110,210000,5810.4,5810.4,5804.4,5808,164,0
20240110,220000,5805.9,5809.8,5803.8,5808,57,0
20240110,230000,5808.1,5808.1,5808,5808.1,7,0
20240111,090000,5813.3,5821.9,5807.8,5808,3545,0
20240111,100000,5808,5813.4,5782.2,5785.5,5552,0
20240111,110000,5784.1,5793.4,5772,5789.7,2249,0
20240111,120000,5789.8,5792.9,5781.5,5785.7,445,0
20240111,130000,5788,5789.4,5783.6,5789.4,421,0
20240111,140000,5789.1,5798.3,5784,5789,755,0
20240111,150000,5789,5796.4,5786.5,5790.3,599,0
20240111,160000,5790.4,5811.6,5767.2,5781.8,3605,0
20240111,170000,5781.3,5781.3,5761.6,5768,4683,0
20240111,180000,5770.8,5770.9,5762.9,5763,1208,0
20240111,190000,5777.3,5804.5,5750,5773.4,7937,0
20240111,200000,5773.4,5773.5,5766.6,5766.6,1194,0
20240111,210000,5771.7,5774.9,5766.6,5772.3,136,0
20240111,220000,5773.5,5785.5,5773.5,5783.8,188,0
20240111,230000,5783.9,5783.9,5776.5,5783.2,46,0
20240112,090000,5783.5,5821.9,5782.2,5782.2,2919,0
20240112,100000,5783.6,5785.3,5774.1,5781.4,3207,0
20240112,110000,5780.8,5781.9,5774.7,5776.2,1137,0
20240112,120000,5776.8,5776.9,5772.1,5774.1,964,0
20240112,130000,5774.7,5793.5,5771.9,5790.6,4130,0
20240112,140000,5793.5,5803,5790.7,5800.9,2675,0
20240112,150000,5800,5826.2,5799.9,5818.1,4259,0
20240112,160000,5818.4,5836.3,5818,5831.2,1381,0
20240112,170000,5831.8,5838,5828.1,5835.8,2182,0
20240112,180000,5835.8,5848,5827.7,5832.2,1875,0
20240112,190000,5825.6,5837,5825.5,5835,463,0
20240112,200000,5830.5,5830.7,5814.6,5821.9,421,0
20240112,210000,5822,5825.8,5822,5825.2,87,0
20240112,220000,5825.8,5835.5,5825.8,5830.6,138,0
20240112,230000,5835.3,5835.3,5800,5831.4,562,0
20240115,090000,5837.4,5843.4,5809.6,5818,1568,0
20240115,100000,5817.9,5818,5805.1,5812.6,1263,0
20240115,110000,5812.4,5812.4,5798,5799,1750,0
20240115,120000,5799,5804.7,5786.7,5790.1,1602,0
20240115,130000,5790.1,5793.4,5785.2,5787.7,1731,0
20240115,140000,5788.1,5788.1,5775,5782,2597,0
20240115,150000,5782,5801.1,5779.8,5800.8,2565,0
20240115,160000,5800.8,5800.8,5790,5797.8,551,0
20240115,170000,5796.5,5798,5791.5,5797.5,567,0
20240115,180000,5797.5,5797.5,5785,5787.9,220,0
20240115,190000,5791.5,5798.3,5784.6,5794,250,0
20240115,200000,5798.2,5799.3,5794.1,5798.2,169,0
20240115,210000,5798.2,5798.2,5794.3,5794.3,5,0
20240115,220000,5794.3,5798.2,5794.1,5798.1,344,0
20240115,230000,5798.1,5798.2,5797,5797,58,0
20240116,090000,5793.3,5800.1,5779.4,5789.6,2116,0
20240116,100000,5792.1,5792.1,5770,5780.3,4426,0
20240116,110000,5780.3,5781.3,5774.1,5781,583,0
20240116,120000,5781.1,5782.3,5772,5775.6,796,0
20240116,130000,5777,5782.1,5772.4,5782.1,422,0
20240116,140000,5782.1,5789.5,5777.8,5786.8,1118,0
20240116,150000,5788.6,5791,5778.5,5780.5,646,0
20240116,160000,5781,5785.3,5771,5777.9,869,0
20240116,170000,5777.7,5791,5768,5770.6,2631,0
20240116,180000,5773,5779,5760.4,5769.4,2545,0
20240116,190000,5763,5773.5,5750.2,5765,2117,0
20240116,200000,5765,5765,5751.6,5759.9,1080,0
20240116,210000,5759.8,5759.8,5753.1,5758,104,0
20240116,220000,5757.5,5774.1,5757.5,5772.8,1551,0
20240116,230000,5766.5,5772.7,5765.4,5771.4,115,0
20240117,090000,5769.8,5772.8,5725.5,5740,4160,0
20240117,100000,5741,5777.8,5741,5777.8,2982,0
20240117,110000,5777.8,5787.9,5763.6,5765.4,2995,0
20240117,120000,5766.3,5767.4,5743.1,5759.1,3093,0
20240117,130000,5763.4,5772.7,5756.6,5770.8,576,0
20240117,140000,5770.5,5782.3,5766.5,5774.9,1190,0
20240117,150000,5775,5778.4,5767,5777.9,2641,0
20240117,160000,5778,5780,5772.2,5776.1,527,0
20240117,170000,5776.4,5779.5,5768,5770,638,0
20240117,180000,5770,5772.5,5742,5753.5,3183,0
20240117,190000,5753.4,5763.9,5753.4,5755.2,583,0
20240117,200000,5755,5760.7,5753.2,5760.7,129,0
20240117,210000,5760.8,5761.2,5755.1,5759.3,270,0
20240117,220000,5761,5761.2,5757.2,5758.4,86,0
20240117,230000,5758.4,5761.2,5755,5758.7,151,0
20240118,090000,5760.1,5768,5760,5764.7,561,0
20240118,100000,5764.7,5772,5750.3,5758,2177,0
20240118,110000,5758,5760,5744,5750,714,0
20240118,120000,5750,5752.7,5742.8,5746.5,379,0
20240118,130000,5748.5,5750.2,5740,5749.4,472,0
20240118,140000,5748.9,5751.2,5745,5748.4,238,0
20240118,150000,5750.9,5752.9,5749.9,5750.3,903,0
20240118,160000,5750.3,5755.6,5733,5748.7,3446,0
20240118,170000,5749.9,5768,5749.9,5762.2,1124,0
20240118,180000,5764,5774,5762,5767.4,461,0
20240118,190000,5770,5772.8,5764.7,5771.5,449,0
20240118,200000,5771.5,5773.9,5768.9,5771,324,0
20240118,210000,5771,5774.8,5732,5745.4,4689,0
20240118,220000,5745.4,5758.9,5742.6,5758.9,1431,0
20240118,230000,5758.9,5763.8,5755.2,5755.2,237,0
20240119,090000,5758,5779.4,5758,5770,2655,0
20240119,100000,5771.8,5782.7,5770,5776.6,2632,0
20240119,110000,5779.9,5780.9,5772.7,5778,662,0
20240119,120000,5778,5784.5,5718.4,5735.6,7658,0
20240119,130000,5737.3,5738.9,5715,5738.9,11109,0
20240119,140000,5738.9,5745.1,5735.5,5741.2,2629,0
20240119,150000,5740.7,5746.1,5730.5,5739.5,1985,0
20240119,160000,5739.6,5757.5,5736.8,5755.8,2584,0
20240119,170000,5757.4,5757.4,5729.5,5738,3567,0
20240119,180000,5732.6,5738.6,5718.9,5736.8,2717,0
20240119,190000,5736.9,5736.9,5725.3,5730.2,238,0
20240119,200000,5730.2,5733.5,5722.7,5733.5,582,0
20240119,210000,5733.5,5733.5,5726.7,5733.3,149,0
20240119,220000,5733.3,5735.9,5730,5735.9,222,0
20240119,230000,5731,5734.5,5728,5728,165,0
20240122,090000,5718,5719.9,5704.6,5705,1770,0
20240122,100000,5704.6,5708.5,5700,5700,1642,0
20240122,110000,5700,5700.1,5680,5685,2366,0
20240122,120000,5684.9,5701,5683.2,5700.7,2921,0
20240122,130000,5700,5703.9,5693,5698.2,3071,0
20240122,140000,5694.2,5710.8,5693.9,5710.8,1024,0
20240122,150000,5711.6,5717.6,5710,5715,383,0
20240122,160000,5715,5715,5700.5,5700.5,205,0
20240122,170000,5701.2,5701.2,5682.1,5695.5,2729,0
20240122,180000,5697.6,5709,5697.6,5703.7,201,0
20240122,190000,5703.5,5708.5,5703.5,5705.7,61,0
20240122,200000,5706.4,5706.4,5696,5700,709,0
20240122,210000,5702.2,5704.1,5698.7,5702.5,288,0
20240122,220000,5703.3,5715.4,5698.7,5715.4,288,0
20240122,230000,5715.3,5715.3,5708.6,5708.6,144,0
20240123,090000,5713.6,5722.4,5710.9,5722.4,984,0
20240123,100000,5722.9,5728.6,5700.1,5711.7,1367,0
20240123,110000,5711.6,5711.7,5704.9,5709.3,306,0
20240123,120000,5708.8,5709,5694,5706.4,930,0
20240123,130000,5707.4,5709.9,5705,5709.3,238,0
20240123,140000,5709.3,5723.6,5708.4,5716.7,437,0
20240123,150000,5717.1,5723.1,5717.1,5722.2,277,0
20240123,160000,5722.1,5725,5717,5717.3,921,0
20240123,170000,5719,5725,5712.5,5718.4,414,0
20240123,180000,5718.3,5741.4,5714.3,5723.9,2389,0
20240123,190000,5728.9,5731.9,5728.9,5730.9,174,0
20240123,200000,5730.7,5730.7,5729,5729.1,90,0
20240123,210000,5729.5,5745.9,5729,5744.9,736,0
20240123,220000,5742.6,5742.6,5733.9,5741.3,256,0
20240123,230000,5741.3,5744.7,5736.8,5736.8,935,0
20240124,090000,5740.9,5742.3,5720.4,5725.3,1752,0
20240124,100000,5722.1,5731,5716.1,5724.4,657,0
20240124,110000,5726.1,5737.5,5725,5737.5,1477,0
20240124,120000,5737.5,5745,5733.7,5739.1,964,0
20240124,130000,5737.8,5737.8,5724.9,5730.4,601,0
20240124,140000,5730.5,5739.9,5728.4,5736.8,424,0
20240124,150000,5739.4,5745,5739.4,5744.5,808,0
20240124,160000,5744.5,5760,5744,5759.8,1545,0
20240124,170000,5759.9,5763.3,5746.6,5755.2,1142,0
20240124,180000,5755.5,5759.7,5750.3,5757,1102,0
20240124,190000,5752.5,5756.8,5737.2,5741.5,371,0
20240124,200000,5742.9,5753.4,5741.8,5753.4,156,0
20240124,210000,5747.5,5749.3,5744,5745.2,131,0
20240124,220000,5744.1,5745.6,5735.3,5735.3,410,0
20240124,230000,5736.9,5741.4,5730,5736.5,150,0
20240125,090000,5736.5,5747.6,5730.6,5742.6,861,0
20240125,100000,5742.5,5750.4,5740.5,5743.4,1622,0
20240125,110000,5741.1,5742.8,5731,5734.9,1972,0
20240125,120000,5734.9,5742,5734.5,5742,1389,0
20240125,130000,5742,5750.4,5742,5745.9,873,0
20240125,140000,5747.5,5754.6,5747.5,5754.6,575,0
20240125,150000,5753.6,5765,5753.6,5765,1708,0
20240125,160000,5764.9,5796.3,5764.8,5784.9,4105,0
20240125,170000,5787.2,5802,5787.2,5795.6,2550,0
20240125,180000,5795.2,5795.6,5769.1,5773.3,1645,0
20240125,190000,5774.5,5777.4,5761.6,5767.8,292,0
20240125,200000,5767.8,5767.8,5761.6,5765,109,0
20240125,210000,5765,5767.5,5765,5767.5,70,0
20240125,220000,5767.5,5769.1,5767,5769.1,58,0
20240125,230000,5769.1,5772,5769.1,5771.9,37,0
20240126,090000,5790,5792.2,5779.6,5783,1132,0
20240126,100000,5786,5786.4,5775,5778.1,663,0
20240126,110000,5778,5810,5777.4,5809.9,2435,0
20240126,120000,5809.8,5821,5809.5,5813,1584,0
20240126,130000,5812.8,5836.5,5808.7,5836.5,5513,0
20240126,140000,5832,5832.4,5821.9,5829.1,1061,0
20240126,150000,5828.8,5829.4,5820,5820.1,1248,0
20240126,160000,5820.1,5823,5810.1,5816.5,2859,0
20240126,170000,5818.7,5821.2,5809.5,5810.3,1633,0
20240126,180000,5810.1,5810.8,5802,5802,1170,0
20240126,190000,5803,5805,5801.8,5801.9,884,0
20240126,200000,5801.9,5807.4,5801.9,5807.4,122,0
20240126,210000,5805,5811.4,5805,5811.4,84,0
20240126,220000,5811.4,5812,5806.2,5806.2,110,0
20240126,230000,5810.3,5812.4,5805.4,5811.9,326,0
20240129,090000,5817.5,5837.7,5817.5,5831.4,1643,0
20240129,100000,5831.4,5844,5831.4,5833.5,3018,0
20240129,110000,5835,5835.4,5818,5818,1270,0
20240129,120000,5820,5820.9,5800,5815.8,1172,0
20240129,130000,5815.9,5819.5,5809.8,5818.5,535,0
20240129,140000,5817.8,5819,5809.9,5819,850,0
20240129,150000,5817.9,5828.1,5814.2,5823.2,903,0
20240129,160000,5823,5823.2,5812.7,5822.4,378,0
20240129,170000,5821.9,5821.9,5772,5780.1,2666,0
20240129,180000,5780.5,5790,5770,5773,2135,0
20240129,190000,5770.3,5785.7,5770.3,5780.5,461,0
20240129,200000,5780.5,5784,5780,5781.3,111,0
20240129,210000,5781.3,5782.9,5777.7,5781,64,0
20240129,220000,5781,5781,5775.6,5781,63,0
20240129,230000,5779.4,5790,5779.2,5787,240,0
20240130,090000,5784.1,5787.4,5772.6,5785,1101,0
20240130,100000,5785.4,5817.8,5783.4,5808.1,3164,0
20240130,110000,5808.1,5812.9,5808.1,5812.4,591,0
20240130,120000,5810.9,5812.3,5808.2,5811.4,207,0
20240130,130000,5812.1,5812.3,5806,5810.8,248,0
20240130,140000,5810.4,5820.9,5808,5819.9,1430,0
20240130,150000,5819.9,5819.9,5805,5814.4,273,0
20240130,160000,5810,5816.2,5806.7,5814.9,307,0
20240130,170000,5814.4,5832.8,5812.9,5832,1514,0
20240130,180000,5832,5833,5806.8,5811,733,0
20240130,190000,5816.7,5817.3,5810,5817.3,289,0
20240130,200000,5815.4,5817.3,5810.7,5815,125,0
20240130,210000,5810.3,5815,5810.3,5810.3,118,0
20240130,220000,5810.3,5814.5,5807.4,5814,243,0
20240130,230000,5813.1,5815,5808.1,5815,198,0
20240131,090000,5810,5818.8,5809.2,5814,568,0
20240131,100000,5814,5828.5,5811.4,5822.7,1334,0
20240131,110000,5824.5,5825.7,5820,5822.6,1402,0
20240131,120000,5823.5,5839.6,5822.6,5834.4,2146,0
20240131,130000,5833.9,5834,5821.7,5825.8,478,0
20240131,140000,5827.4,5830.9,5822,5825.5,404,0
20240131,150000,5826,5826,5822,5824.4,54,0
20240131,160000,5825.8,5826,5823,5826,127,0
20240131,170000,5826,5858.5,5826,5855,2652,0
20240131,180000,5851.6,5860,5847,5856.9,1439,0
20240131,190000,5855.9,5857,5850,5854.9,899,0
20240131,200000,5850.5,5850.5,5847.1,5847.9,478,0
20240131,210000,5847.9,5855.4,5845,5848.4,826,0
20240131,220000,5845.6,5847,5834.8,5845.4,1043,0
20240131,230000,5839.6,5843.2,5820,5823,1814,0
20240201,090000,5844.1,5857.6,5844.1,5852.1,885,0
20240201,100000,5851.9,5858,5835.2,5857.2,5127,0
20240201,110000,5857,5869.6,5852.3,5869.6,2893,0
20240201,120000,5869.6,5874.6,5862.3,5862.3,937,0
20240201,130000,5862.1,5864.2,5851.5,5851.5,280,0
20240201,140000,5851.5,5856.4,5836.1,5852.2,1188,0
20240201,150000,5849.6,5854,5846.3,5854,518,0
20240201,160000,5854,5862,5850.1,5861.3,977,0
20240201,170000,5860.2,5869.9,5854.1,5869.9,1205,0
20240201,180000,5869.5,5873.9,5862.5,5873.1,745,0
20240201,190000,5860.1,5889.6,5860,5889.2,2056,0
20240201,200000,5886,5889,5866.2,5873.4,2465,0
20240201,210000,5873.4,5875.5,5867.7,5875,405,0
20240201,220000,5875.1,5877.9,5859.2,5860,1989,0
20240201,230000,5860.1,5867,5859,5867,281,0
20240202,090000,5867.4,5871.4,5867.1,5869,505,0
20240202,100000,5870.4,5888,5868.9,5880,1695,0
20240202,110000,5880.3,5890,5879.6,5885.3,1409,0
20240202,120000,5887.9,5900.7,5883.7,5895.8,5830,0
20240202,130000,5895.5,5898,5887.2,5896.4,1025,0
20240202,140000,5896.4,5925,5894,5920.2,5141,0
20240202,150000,5920.1,5937.3,5920,5934.1,1032,0
20240202,160000,5934.3,5936.3,5910.8,5910.8,4710,0
20240202,170000,5910.8,5910.8,5865,5878,30946,0
20240202,180000,5877,5880.2,5866,5880.2,743,0
20240202,190000,5889.9,5889.9,5872.4,5887.5,283,0
20240202,200000,5887.5,5887.9,5880,5885.7,297,0
20240202,210000,5882.1,5883.9,5877.1,5877.1,79,0
20240202,220000,5882.9,5883,5872.5,5872.5,176,0
20240202,230000,5872.4,5873,5870.3,5870.3,104,0
20240205,090000,5873,5873,5856,5872,1132,0
20240205,100000,5872,5893.5,5872,5891,2831,0
20240205,110000,5891,5894,5877.1,5879.9,829,0
20240205,120000,5879,5880.9,5856.1,5865.3,2009,0
20240205,130000,5866,5872,5857.6,5868.5,1130,0
20240205,140000,5870.7,5878.7,5869.1,5873,515,0
20240205,150000,5872.9,5874.5,5842.2,5843,1825,0
20240205,160000,5843,5845.2,5829.5,5832.9,5898,0
20240205,170000,5832.9,5849.8,5818.5,5848.8,2544,0
20240205,180000,5844,5847.9,5835,5841,760,0
20240205,190000,5840,5840,5835,5838.7,274,0
20240205,200000,5838.8,5839.8,5835.5,5836.6,320,0
20240205,210000,5836.6,5836.6,5836,5836.6,219,0
20240205,220000,5836.6,5836.6,5835.9,5835.9,47,0
20240205,230000,5836.6,5836.6,5835.8,5836.6,112,0
20240206,090000,5840,5848.2,5835.3,5838.3,797,0
20240206,100000,5839.9,5851.5,5837.4,5850,312,0
20240206,110000,5850.4,5850.5,5839.2,5847.5,670,0
20240206,120000,5847.6,5849.2,5835.4,5845.2,1234,0
20240206,130000,5845.9,5853.8,5845,5845.2,549,0
20240206,140000,5847.2,5853.6,5845.1,5852,470,0
20240206,150000,5852.7,5865.4,5850.5,5862,886,0
20240206,160000,5863,5867,5857.3,5860.7,439,0
20240206,170000,5862.9,5870.3,5858.2,5870,468,0
20240206,180000,5869.9,5894.1,5869.5,5890,1096,0
20240206,190000,5892.9,5894.5,5888,5892,502,0
20240206,200000,5890.9,5891.9,5882.7,5891.7,235,0
20240206,210000,5891.7,5893.6,5885,5885.1,238,0
20240206,220000,5885.8,5892.9,5885,5892.9,124,0
20240206,230000,5892.9,5892.9,5887.1,5891.3,75,0
20240207,090000,5874.7,5879,5867.4,5868.1,1121,0
20240207,100000,5871.5,5887.7,5868,5887.7,515,0
20240207,110000,5886.8,5889.8,5873.8,5880.9,1543,0
20240207,120000,5881.4,5888.3,5878.9,5884.4,693,0
20240207,130000,5884.4,5893.2,5880,5887.1,884,0
20240207,140000,5890.8,5894.3,5879.4,5879.4,683,0
20240207,150000,5879.4,5880.1,5859.4,5859.5,1175,0
20240207,160000,5859.4,5867.9,5850.2,5864.2,942,0
20240207,170000,5867.6,5894.2,5863.6,5892,1801,0
20240207,180000,5891.9,5894.3,5875,5884.3,670,0
20240207,190000,5884.2,5893.4,5880.7,5888,180,0
20240207,200000,5887.1,5887.9,5883.2,5887.9,100,0
20240207,210000,5885.1,5886,5881.1,5882,95,0
20240207,220000,5882,5885,5880,5884.9,246,0
20240207,230000,5880.2,5883.1,5880,5883.1,12,0
20240208,090000,5880,5880,5873.3,5877.9,469,0
20240208,100000,5877.8,5877.8,5860.1,5860.1,1042,0
20240208,110000,5863.3,5865.9,5861,5865.9,455,0
20240208,120000,5865,5865,5851,5860.7,868,0
20240208,130000,5862.9,5878,5860.4,5869.1,707,0
20240208,140000,5869.2,5869.4,5853.2,5857.4,606,0
20240208,150000,5858.1,5859,5848,5848,601,0
20240208,160000,5850,5855.5,5844.2,5847,1874,0
20240208,170000,5846.3,5860.1,5840,5847,1598,0
20240208,180000,5846.2,5846.2,5824.1,5831.2,2381,0
20240208,190000,5832,5833,5822.4,5830.2,523,0
20240208,200000,5830.2,5839.3,5829.9,5839.2,171,0
20240208,210000,5839.2,5848.6,5836,5839,648,0
20240208,220000,5837,5838.9,5835,5838.9,29,0
20240208,230000,5838.8,5838.8,5831.1,5831.1,82,0
20240209,090000,5832,5844.1,5831.1,5837.6,573,0
20240209,100000,5835,5835.3,5820.1,5821,1863,0
20240209,110000,5821,5826.6,5811.2,5826.6,1356,0
20240209,120000,5823.5,5826.2,5822,5823,227,0
20240209,130000,5826.7,5836,5826.7,5830,380,0
20240209,140000,5830,5860.3,5824,5829.7,1641,0
20240209,150000,5830.4,5834.7,5826.4,5827,429,0
20240209,160000,5827,5845,5821,5836.2,590,0
20240209,170000,5836.1,5848.9,5831.8,5831.8,501,0
20240209,180000,5830.8,5835.8,5825.8,5825.8,607,0
20240209,190000,5825,5831.7,5821,5821.1,779,0
20240209,200000,5826.9,5828.5,5823.1,5827.7,146,0
20240209,210000,5825.1,5829.9,5825.1,5829.9,405,0
20240209,220000,5829.9,5831.9,5825.9,5831.9,25,0
20240209,230000,5831.9,5834.9,5829.6,5829.6,39,0
20240212,090000,5829.5,5834.6,5820.2,5823.9,1030,0
20240212,100000,5824.7,5826.2,5805,5805.8,2072,0
20240212,110000,5807.4,5809.9,5805,5807.7,1308,0
20240212,120000,5808.1,5810.9,5805.1,5805.5,436,0
20240212,130000,5807.8,5810.7,5803.2,5807.7,667,0
20240212,140000,5807.7,5827,5807.7,5823,1414,0
20240212,150000,5825.9,5833.5,5825.9,5833.5,458,0
20240212,160000,5833.5,5845.8,5827.7,5829.7,2006,0
20240212,170000,5830,5830,5810,5819.3,1335,0
20240212,180000,5820.3,5823.7,5815,5816.1,788,0
20240212,190000,5815,5822.1,5809.7,5821,644,0
20240212,200000,5822.2,5828.7,5819.2,5824.7,215,0
20240212,210000,5829,5829.9,5821.6,5821.6,237,0
20240212,220000,5822,5827.7,5821.3,5823,143,0
20240212,230000,5823,5826.3,5812.5,5812.5,324,0
20240213,090000,5812.6,5832.4,5812.5,5820,784,0
20240213,100000,5823,5835.1,5822.3,5828.5,701,0
20240213,110000,5828.5,5839.2,5820,5836.2,1307,0
20240213,120000,5836.2,5850,5836.2,5850,998,0
20240213,130000,5850,5852.1,5847.6,5851.7,313,0
20240213,140000,5851.9,5855,5845.8,5846.1,474,0
20240213,150000,5846,5847.2,5836.6,5841.6,353,0
20240213,160000,5838.1,5841.7,5805.5,5806.3,3849,0
20240213,170000,5806.3,5819.9,5800,5801.1,9261,0
20240213,180000,5801,5808.9,5794.4,5802.9,2181,0
20240213,190000,5801.1,5812,5795.5,5805.9,858,0
20240213,200000,5806.1,5813.9,5806,5813.8,183,0
20240213,210000,5811.1,5815,5811,5813.3,390,0
20240213,220000,5813.3,5813.3,5801.3,5806.9,859,0
20240213,230000,5807.2,5816.6,5803.1,5811.2,352,0
20240214,090000,5810.9,5818,5805.8,5807.2,1024,0
20240214,100000,5807.1,5813.8,5798.1,5813,655,0
20240214,110000,5813,5813.3,5805.4,5806.4,978,0
20240214,120000,5805.9,5810.8,5801.6,5803.9,431,0
20240214,130000,5805.8,5808.7,5796,5803,933,0
20240214,140000,5801.9,5802.3,5790,5797.6,3418,0
20240214,150000,5798,5801.5,5794.3,5801.5,1123,0
20240214,160000,5801.9,5808.7,5801.9,5804,687,0
20240214,170000,5804,5812.2,5800.5,5810.9,3119,0
20240214,180000,5810.1,5810.1,5800.5,5803.1,488,0
20240214,190000,5803.1,5811.9,5803,5811.9,185,0
20240214,200000,5812,5820.9,5808.2,5820.9,1685,0
20240214,210000,5820.8,5830,5814,5817,611,0
20240214,220000,5819.8,5820,5814,5819.9,193,0
20240214,230000,5819.8,5819.9,5813.9,5813.9,28,0
20240215,090000,5813.8,5818.7,5805.2,5813.8,472,0
20240215,100000,5810.3,5820.4,5808.1,5818.8,3920,0
20240215,110000,5819.8,5824.3,5818,5823.6,2022,0
20240215,120000,5822.6,5836.8,5822.4,5828,743,0
20240215,130000,5830.5,5848,5826.9,5832.2,1915,0
20240215,140000,5833,5850,5830.7,5845,2525,0
20240215,150000,5845.7,5849.1,5833.6,5844.4,1689,0
20240215,160000,5847.6,5859.9,5844.4,5855.1,1339,0
20240215,170000,5857.9,5869.8,5848.4,5861.1,1927,0
20240215,180000,5861.8,5879.9,5860.7,5870.9,2539,0
20240215,190000,5871,5871,5848.9,5850.4,472,0
20240215,200000,5852.5,5861.9,5852.5,5861.9,34,0
20240215,210000,5861.9,5864.9,5858.9,5861.5,63,0
20240215,220000,5861.5,5868.9,5858.9,5862.5,204,0
20240215,230000,5864.8,5868,5861.1,5868,112,0
20240216,090000,5863,5870,5855.3,5861.4,398,0
20240216,100000,5858,5861.2,5845.2,5853.9,950,0
20240216,110000,5850.9,5878.4,5850.4,5867.6,1753,0
20240216,120000,5866.8,5866.8,5854.5,5855.5,554,0
20240216,130000,5861,5872.9,5861,5871,1896,0
20240216,140000,5870.2,5898,5870.2,5886,2262,0
20240216,150000,5888.9,5901.8,5885,5890,1192,0
20240216,160000,5889.9,5894,5866,5878.1,1335,0
20240216,170000,5878.1,5879.6,5864.4,5868.8,4377,0
20240216,180000,5870.9,5880.5,5870.9,5875,2032,0
20240216,190000,5873.4,5880,5855,5878,182,0
20240216,200000,5879.8,5882.5,5875.7,5880.6,224,0
20240216,210000,5883.5,5885.5,5879.6,5881.4,219,0
20240216,220000,5879.7,5886.4,5879.7,5882.8,79,0
20240216,230000,5882.7,5888,5882.7,5888,72,0
20240219,090000,5888,5906.2,5883.2,5897.8,2668,0
20240219,100000,5897.8,5910.7,5893.2,5909.3,1544,0
20240219,110000,5907.4,5920,5903.1,5910.1,1089,0
20240219,120000,5911.4,5915,5905.8,5910.1,732,0
20240219,130000,5909.7,5909.7,5898.5,5900,647,0
20240219,140000,5900,5903.8,5899.9,5900,350,0
20240219,150000,5899.6,5903.2,5895.4,5895.4,361,0
20240219,160000,5895.6,5902.9,5895.6,5900.2,160,0
20240219,170000,5903.8,5906.8,5900.2,5906,375,0
20240219,180000,5906,5914.6,5906,5913,559,0
20240219,190000,5900.1,5911.9,5896,5908.9,160,0
20240219,200000,5908.9,5914.3,5908.6,5914.3,295,0
20240219,210000,5914.8,5914.8,5908.9,5913.9,64,0
20240219,220000,5910.1,5910.1,5908.8,5908.8,19,0
20240219,230000,5910,5915,5910,5915,216,0
20240220,090000,5913.9,5913.9,5907,5907.6,138,0
20240220,100000,5907.6,5909.8,5900,5907.8,860,0
20240220,110000,5906.9,5912.8,5898,5909.1,1202,0
20240220,120000,5909.9,5935,5909.1,5927.8,2930,0
20240220,130000,5932.8,5933,5926.1,5926.9,712,0
20240220,140000,5926.8,5926.9,5918,5920,428,0
20240220,150000,5923.1,5923.1,5919.6,5922.6,149,0
20240220,160000,5922.6,5925.8,5917.9,5922.1,2836,0
20240220,170000,5922,5922,5918,5920.6,246,0
20240220,180000,5921.6,5924.8,5920,5921.3,2976,0
20240220,190000,5921.3,5923.7,5920,5920,156,0
20240220,200000,5920,5923.8,5918,5918.9,638,0
20240220,210000,5919,5919.8,5917,5918,1314,0
20240220,220000,5918,5919.8,5917.9,5919.6,110,0
20240220,230000,5919.6,5919.6,5912,5919.4,131,0
20240221,090000,5930,5930,5907.7,5920,2339,0
20240221,100000,5920.6,5930.4,5918.1,5928.1,3200,0
20240221,110000,5928.2,5938.1,5921.6,5921.7,2292,0
20240221,120000,5923.5,5939.8,5908.5,5927,1939,0
20240221,130000,5929.8,5930.1,5924,5929.4,1001,0
20240221,140000,5929.5,5929.9,5923.3,5923.3,2378,0
20240221,150000,5923.9,5924.9,5910.4,5918.1,2668,0
20240221,160000,5917.4,5934.9,5915,5928.6,2751,0
20240221,170000,5928.6,5934.9,5920.1,5932,2391,0
20240221,180000,5934.4,5937,5931.7,5937,771,0
20240221,190000,5925,5937.9,5905,5913.4,934,0
20240221,200000,5919.8,5919.8,5912.7,5917.9,161,0
20240221,210000,5918,5919.7,5915.4,5915.4,162,0
20240221,220000,5917.9,5919.8,5916.2,5919.8,71,0
20240221,230000,5919.7,5920.4,5919.7,5920.4,168,0
20240222,090000,5940.4,5978.4,5928.8,5937.6,2828,0
20240222,100000,5935.7,5939.4,5916.1,5920,2997,0
20240222,110000,5920,5945.2,5920,5945.2,2474,0
20240222,120000,5945.2,5973,5942.8,5958.3,2516,0
20240222,130000,5957.3,5966.9,5957.3,5962.9,1930,0
20240222,140000,5960.1,5965,5950,5958.7,3851,0
20240222,150000,5958.6,5958.7,5940.1,5943.7,2906,0
20240222,160000,5940.2,5962.1,5930.4,5957.4,2212,0
20240222,170000,5956.1,5973.5,5949.4,5965,1965,0
20240222,180000,5964,5968.9,5949.4,5961,870,0
20240222,190000,5959.4,5992.3,5952.7,5984,1924,0
20240222,200000,5984,5985.4,5974,5981.7,613,0
20240222,210000,5981.7,5982.6,5977.7,5977.7,565,0
20240222,220000,5977.7,5982,5972.1,5975.7,942,0
20240222,230000,5976.3,5990,5975,5980.3,458,0
20240226,090000,5986.9,5988.3,5952,5961.4,3601,0
20240226,100000,5959.9,5967,5953.8,5962.3,2616,0
20240226,110000,5966.7,5990,5966.7,5973.2,1730,0
20240226,120000,5972,5978.9,5967.4,5973.4,991,0
20240226,130000,5972.9,5972.9,5962.3,5966.8,2747,0
20240226,140000,5970.6,5980,5970.6,5973.4,1679,0
20240226,150000,5975.8,5976.4,5970.4,5971,2561,0
20240226,160000,5969.9,5975.4,5969.7,5971.3,583,0
20240226,170000,5975,5975.3,5966,5972,1563,0
20240226,180000,5972.4,6248.7,5972.1,5997.1,10601,0
20240226,190000,5995,6007.9,5992.5,6000.6,800,0
20240226,200000,6000.6,6002,5999,6002,377,0
20240226,210000,6001.7,6002,5999,5999,306,0
20240226,220000,5998.6,6003.1,5995.1,6003.1,286,0
20240226,230000,6003.2,6005,6000.7,6005,94,0
20240227,090000,6005,6007.1,6000.2,6007.1,595,0
20240227,100000,6006.1,6018.9,6006,6015.4,2970,0
20240227,110000,6015.4,6018,5997,6004,3584,0
20240227,120000,6002.1,6005.6,5995.8,5998.9,326,0
20240227,130000,5998.1,5998.8,5989,5989.3,1381,0
20240227,140000,5994.4,5999,5989.1,5999,249,0
20240227,150000,5999.5,6013.8,5999.5,6012.4,680,0
20240227,160000,6011.9,6018,6008.2,6017.8,2180,0
20240227,170000,6017.9,6017.9,6008.6,6012.9,1158,0
20240227,180000,6014.9,6017.4,6008.2,6010.9,1862,0
20240227,190000,6010.5,6015.8,6004,6004,528,0
20240227,200000,6004.7,6006.8,6002.7,6002.7,120,0
20240227,210000,6003,6019,6003,6016.8,386,0
20240227,220000,6013.6,6016.8,6011.1,6011.1,20,0
20240227,230000,6011,6015.5,6010.7,6015.5,44,0
20240228,090000,6010,6015.4,6002.1,6002.1,970,0
20240228,100000,6005.6,6007.6,5992.2,6000.1,2511,0
20240228,110000,6000.1,6001,5990.5,5990.6,1609,0
20240228,120000,5990.5,5990.5,5978.7,5986.9,1425,0
20240228,130000,5983.3,5985,5950,5960,2631,0
20240228,140000,5961,5976.8,5961,5975.4,1350,0
20240228,150000,5975.4,5975.5,5964.8,5965.5,507,0
20240228,160000,5966,5973.8,5950,5970.8,1719,0
20240228,170000,5971.4,5973.2,5957.1,5960.2,342,0
20240228,180000,5959.5,5965.5,5956.6,5957.9,425,0
20240228,190000,5957.1,5962.5,5956.9,5960.5,115,0
20240228,200000,5960.9,5964.4,5957.8,5964.4,137,0
20240228,210000,5963.2,5965.3,5962.1,5965.3,525,0
20240228,220000,5965.4,5965.4,5958.6,5964.9,417,0
20240228,230000,5965,5965,5959.7,5965,115,0
20240229,090000,5974.9,5993,5967.9,5971.5,873,0
20240229,100000,5967.4,5967.4,5959,5959.7,312,0
20240229,110000,5959,5962.4,5946.1,5947,1375,0
20240229,120000,5947,5948.8,5931.9,5932.1,1037,0
20240229,130000,5932.1,5945,5932,5942.7,3758,0
20240229,140000,5939.9,5939.9,5928,5928,727,0
20240229,150000,5931.6,5936,5929.9,5936,689,0
20240229,160000,5935.9,5963.7,5933.7,5956.6,1448,0
20240229,170000,5956.6,5959.1,5951.5,5958.5,449,0
20240229,180000,5957.9,5959.5,5954.8,5959,884,0
20240229,190000,5959,5967,5958.8,5964.8,774,0
20240229,200000,5965,5965.6,5961.5,5961.6,127,0
20240229,210000,5964.5,5965,5961.5,5965,335,0
20240229,220000,5964,5965,5962.9,5962.9,5,0
20240229,230000,5965,5965,5961,5964.5,205,0
20240301,090000,5973,5985.4,5970.5,5985,715,0
20240301,100000,5985,6001.4,5976,5987,2206,0
20240301,110000,5985,5985.5,5973.8,5985.5,654,0
20240301,120000,5985.5,5988.3,5982.2,5988,428,0
20240301,130000,5988.3,5989.9,5984.5,5989,237,0
20240301,140000,5989,6003.4,5989,5998.6,1325,0
20240301,150000,5997.8,6004.7,5996.9,5999.7,1076,0
20240301,160000,5999.7,6005,5996.9,6004.9,509,0
20240301,170000,6004.9,6009,6002.1,6002.9,622,0
20240301,180000,6003.4,6038,6003.4,6035.5,3697,0
20240301,190000,6037.7,6060,6037.6,6057,2709,0
20240301,200000,6057,6073,6056.1,6066.9,1358,0
20240301,210000,6066,6067.1,6059.9,6061,341,0
20240301,220000,6061,6065,6061,6061.1,476,0
20240301,230000,6061.2,6064.5,6059,6060.9,598,0
20240304,090000,6050,6064,6040,6058.8,2236,0
20240304,100000,6061.6,6061.7,6040,6043.8,1705,0
20240304,110000,6044.9,6045,6037,6043.1,1382,0
20240304,120000,6043,6053.3,6042.9,6052,614,0
20240304,130000,6052,6060,6050.8,6060,375,0
20240304,140000,6060,6062.9,6048.4,6057.3,2863,0
20240304,150000,6054.9,6058,6049,6053.8,2156,0
20240304,160000,6051,6068.8,6051,6068.3,1105,0
20240304,170000,6069,6089,6068.3,6085.7,2646,0
20240304,180000,6085.7,6088.9,6080.9,6088.5,2085,0
20240304,190000,6089.9,6124.9,6089.5,6122.7,3265,0
20240304,200000,6123.5,6140,6120.5,6127,1067,0
20240304,210000,6128.2,6128.2,6120,6120,829,0
20240304,220000,6120.2,6125,6120.2,6121.6,453,0
20240304,230000,6121.1,6127.7,6121,6127,211,0
20240305,090000,6120.7,6130.8,6108.1,6111.6,4329,0
20240305,100000,6108.6,6133.5,6108.6,6133.5,2621,0
20240305,110000,6133.2,6160,6129,6153.8,3918,0
20240305,120000,6153.8,6179,6153.7,6177.7,3592,0
20240305,130000,6175.7,6179.2,6152.2,6152.2,7312,0
20240305,140000,6152.2,6163.1,6152.2,6163.1,375,0
20240305,150000,6163.1,6163.1,6131.2,6147,4770,0
20240305,160000,6147.1,6195.1,6146.4,6176,7634,0
20240305,170000,6177,6185.2,6171.5,6176.2,1622,0
20240305,180000,6175.8,6187.2,6166.8,6171.9,2224,0
20240305,190000,6166.8,6175.4,6124.8,6136.1,1325,0
20240305,200000,6139.8,6164.2,6137,6164.2,845,0
20240305,210000,6160.2,6170.2,6153.5,6170.2,753,0
20240305,220000,6170.2,6178.3,6170.2,6173.7,446,0
20240305,230000,6177.2,6177.2,6165.1,6168.3,170,0
20240306,090000,6162.5,6164.2,6145,6145.3,1923,0
20240306,100000,6145.3,6151,6144.9,6148,1069,0
20240306,110000,6145.7,6148.2,6126.3,6127.9,1557,0
20240306,120000,6127.9,6134.9,6126.5,6130.9,778,0
20240306,130000,6134.7,6135.7,6125,6133.5,1626,0
20240306,140000,6135.9,6154.5,6135.1,6154.4,1862,0
20240306,150000,6154.1,6170.4,6147.9,6162.5,1647,0
20240306,160000,6164.4,6170.2,6161.3,6170.2,2284,0
20240306,170000,6168.2,6194.8,6162.3,6193.2,1992,0
20240306,180000,6194.7,6196,6172.9,6177.5,886,0
20240306,190000,6181.1,6190,6175.2,6190,1050,0
20240306,200000,6189,6190,6180,6186,717,0
20240306,210000,6186.2,6200.2,6186.2,6191.9,2352,0
20240306,220000,6190,6194.9,6176.1,6180.2,858,0
20240306,230000,6180.2,6190,6175.2,6184.3,716,0
20240307,090000,6199,6212,6191.1,6211.9,2024,0
20240307,100000,6211.4,6215,6205,6205,3394,0
20240307,110000,6207.7,6211,6198.1,6200.5,4148,0
20240307,120000,6200.5,6213.7,6195.4,6210.9,3046,0
20240307,130000,6210.9,6219.8,6208,6214.9,8603,0
20240307,140000,6214.4,6215.2,6190.8,6212.4,3193,0
20240307,150000,6212.8,6230,6212.8,6228.4,8129,0
20240307,160000,6228.4,6234.6,6216,6224.3,3046,0
20240307,170000,6224.4,6228.9,6211.7,6227.3,3862,0
20240307,180000,6228.5,6238.1,6223.8,6234.2,1596,0
20240307,190000,6237.2,6237.2,6215.3,6225.4,352,0
20240307,200000,6225.4,6234.9,6225.4,6229.9,80,0
20240307,210000,6231.8,6234.1,6223.5,6229,909,0
20240307,220000,6229,6238.6,6226.1,6237,397,0
20240307,230000,6235.3,6241.1,6234.7,6236.5,254,0
20240311,090000,6283.6,6297.9,6259.9,6281.7,5235,0
20240311,100000,6277.5,6280.5,6260,6270.5,2663,0
20240311,110000,6270.5,6273.2,6266.1,6266.1,1226,0
20240311,120000,6266.5,6273.1,6260,6265.5,1732,0
20240311,130000,6267.4,6271.3,6249.7,6251.5,2617,0
20240311,140000,6252.5,6259.9,6247.9,6248,890,0
20240311,150000,6249.6,6269,6249.6,6267.6,1870,0
20240311,160000,6268.6,6298.9,6263.6,6292,2622,0
20240311,170000,6292.1,6299,6275.6,6296.7,2603,0
20240311,180000,6295.4,6311.3,6294.9,6305.4,3849,0
20240311,190000,6304.2,6305.9,6288.1,6296,1029,0
20240311,200000,6296,6300,6289.3,6289.3,541,0
20240311,210000,6289.3,6292,6278.8,6281,781,0
20240311,220000,6288.1,6300.1,6284.6,6291.1,375,0
20240311,230000,6298.4,6330.7,6292.6,6309.9,703,0
20240312,090000,6284,6290.8,6255.2,6258.1,2244,0
20240312,100000,6258.1,6284.4,6258.1,6276.6,1709,0
20240312,110000,6275,6278.8,6271.1,6275.1,854,0
20240312,120000,6275.1,6288.5,6270.7,6285.2,1102,0
20240312,130000,6282.3,6297.3,6282,6287.2,708,0
20240312,140000,6288.2,6291,6275,6285.7,1044,0
20240312,150000,6285.8,6300,6273,6299.9,3591,0
20240312,160000,6298.8,6304.1,6275.7,6299.1,4566,0
20240312,170000,6298.9,6311.5,6278.3,6309.8,2057,0
20240312,180000,6308.5,6313.1,6305.1,6309.4,1265,0
20240312,190000,6308.8,6327.7,6305.2,6323,1018,0
20240312,200000,6322.9,6322.9,6310,6310,627,0
20240312,210000,6310,6310,6300,6305.3,758,0
20240312,220000,6305.3,6306,6299.2,6301,1319,0
20240312,230000,6301.1,6304.5,6298.1,6304.5,199,0
20240313,090000,6304.4,6305.7,6280,6280,4616,0
20240313,100000,6280,6290,6274.2,6290,2650,0
20240313,110000,6289.2,6302,6289.2,6290.3,754,0
20240313,120000,6290.2,6290.9,6282.9,6282.9,1637,0
20240313,130000,6284.9,6311,6284.9,6310,603,0
20240313,140000,6310,6324.3,6310,6322,2557,0
20240313,150000,6322,6327.7,6319.1,6321.3,644,0
20240313,160000,6321.1,6338.8,6315,6338.8,1736,0
20240313,170000,6338.8,6338.8,6318.5,6330,1600,0
20240313,180000,6333.1,6368,6333.1,6361.6,3246,0
20240313,190000,6359.2,6364,6349.2,6359,947,0
20240313,200000,6356.7,6392.9,6356.7,6371,2010,0
20240313,210000,6370.5,6371,6367.4,6368.1,418,0
20240313,220000,6368.1,6371,6360.2,6364,447,0
20240313,230000,6364,6364.5,6359.5,6360,418,0
20240314,090000,6365,6372.9,6353.2,6364.5,2429,0
20240314,100000,6366,6380.9,6363,6380.9,1696,0
20240314,110000,6380.9,6393,6380.2,6389.9,1526,0
20240314,120000,6389,6390,6384,6389.9,3001,0
20240314,130000,6389.9,6389.9,6381.2,6383.3,7246,0
20240314,140000,6385.9,6394.7,6384.2,6390.5,809,0
20240314,150000,6390.5,6392,6380,6380,3085,0
20240314,160000,6380.2,6380.2,6374.5,6376.4,3383,0
20240314,170000,6374.5,6374.5,6352.5,6353.7,1649,0
20240314,180000,6353.9,6357.5,6344.9,6350.2,1977,0
20240314,190000,6341.7,6360.1,6341.7,6355.6,632,0
20240314,200000,6355.1,6377.9,6353.7,6370,1571,0
20240314,210000,6369.1,6377.7,6358.7,6373,601,0
20240314,220000,6372.9,6378,6370,6372.2,643,0
20240314,230000,6376.7,6378,6373.4,6373.4,274,0
20240315,090000,6377.9,6433.1,6374,6388.9,5596,0
20240315,100000,6389.8,6390.7,6384,6386.1,969,0
20240315,110000,6386.1,6395,6386.1,6394.9,988,0
20240315,120000,6395,6403.1,6392.4,6403.1,4019,0
20240315,130000,6403.1,6412,6398.1,6401.5,1348,0
20240315,140000,6401.5,6429.1,6397.9,6428.9,1848,0
20240315,150000,6428.8,6445,6428.8,6444.9,12726,0
20240315,160000,6445,6451.8,6431.2,6438.8,5199,0
20240315,170000,6439.9,6467,6439.9,6466.9,2782,0
20240315,180000,6466.9,6484.5,6460.3,6470.1,2865,0
20240315,190000,6474.3,6483,6472,6472,1800,0
20240315,200000,6472,6475.2,6444.1,6450,1428,0
20240315,210000,6449.1,6454,6443.7,6452,548,0
20240315,220000,6452,6456.1,6443.1,6449.1,724,0
20240315,230000,6447.9,6454.7,6446.2,6454.6,487,0
20240318,090000,6442.4,6445,6387.1,6393.7,6947,0
20240318,100000,6393.7,6400.2,6374,6374,5609,0
20240318,110000,6374.5,6379.1,6365.6,6376,2142,0
20240318,120000,6377.9,6385.4,6375,6377.7,2488,0
20240318,130000,6378.4,6380.2,6372.9,6373,3611,0
20240318,140000,6373,6386.1,6372.8,6384.5,2275,0
20240318,150000,6384.6,6412,6384.4,6402.9,2583,0
20240318,160000,6399.9,6403.9,6373.8,6373.8,1123,0
20240318,170000,6373.1,6380,6349.6,6380,2658,0
20240318,180000,6379,6384.9,6375,6384.4,650,0
20240318,190000,6377.6,6399.9,6377.6,6390.1,761,0
20240318,200000,6396.1,6400,6392,6400,352,0
20240318,210000,6400,6403.1,6396.7,6398,309,0
20240318,220000,6398,6404.3,6398,6404.3,193,0
20240318,230000,6402.6,6405.9,6398,6398,317,0
20240319,090000,6395.5,6395.5,6371.7,6372.1,1982,0
20240319,100000,6372,6377.1,6359.4,6373.2,3701,0
20240319,110000,6375,6380,6355.1,6373.4,5280,0
20240319,120000,6368.5,6388,6367.6,6385.7,1662,0
20240319,130000,6385.8,6404,6384,6404,4283,0
20240319,140000,6402,6404,6385.5,6399.4,2919,0
20240319,150000,6400.9,6408.3,6396.6,6401.6,2251,0
20240319,160000,6401.5,6413.2,6396.7,6406.6,1878,0
20240319,170000,6408.9,6408.9,6396,6400,1384,0
20240319,180000,6400,6423.6,6399.2,6404.9,4697,0
20240319,190000,6415.1,6419,6409.9,6417.9,699,0
20240319,200000,6417.9,6423,6414.9,6423,440,0
20240319,210000,6423,6429,6423,6424,394,0
20240319,220000,6423,6424.1,6420.8,6421.7,205,0
20240319,230000,6421.6,6444.8,6421.6,6428.2,561,0
20240320,090000,6430.1,6441.7,6420.9,6438.6,1683,0
20240320,100000,6438.6,6438.6,6423.3,6432.2,1795,0
20240320,110000,6430.6,6430.6,6418.1,6423.3,1238,0
20240320,120000,6422.9,6431,6414.2,6420.6,3519,0
20240320,130000,6422.5,6430.9,6419.5,6424,1031,0
20240320,140000,6427.9,6431.4,6417,6427,994,0
20240320,150000,6429.4,6429.8,6416.1,6416.1,1123,0
20240320,160000,6419.1,6424,6407.5,6423.5,2460,0
20240320,170000,6421.1,6429.4,6413.3,6424.2,2239,0
20240320,180000,6426.3,6440,6423.6,6428.9,1424,0
20240320,190000,6428.1,6436.9,6425.1,6432.1,621,0
20240320,200000,6433,6436.5,6431,6436,330,0
20240320,210000,6436,6500,6436,6478.4,4600,0
20240320,220000,6478.2,6537,6478.2,6496.8,3553,0
20240320,230000,6504.9,6505,6475.1,6495.7,1284,0
20240321,090000,6513.1,6599.7,6513.1,6546.2,8704,0
20240321,100000,6546.6,6549.4,6520.5,6524.8,6343,0
20240321,110000,6525.6,6525.6,6499.6,6509.8,3280,0
20240321,120000,6509.8,6524.1,6500.3,6509.4,3245,0
20240321,130000,6509.3,6518.8,6501,6508.1,3352,0
20240321,140000,6504.4,6511.9,6496.2,6509.7,3012,0
20240321,150000,6508.4,6513.1,6504.4,6509.3,1876,0
20240321,160000,6512.9,6514.6,6500.5,6500.5,3595,0
20240321,170000,6502.4,6502.4,6460.3,6466.9,4909,0
20240321,180000,6465.9,6472,6450,6468.8,3703,0
20240321,190000,6465,6576,6450,6489.9,1742,0
20240321,200000,6484.3,6518.2,6484.2,6505.5,757,0
20240321,210000,6505.6,6506.2,6442,6497.1,1739,0
20240321,220000,6497.1,6497.1,6492.5,6497,41,0
20240321,230000,6496,6502.3,6492.3,6495.1,147,0
20240322,090000,6493.7,6494.8,6432.4,6449,6103,0
20240322,100000,6448,6474,6437.1,6460,7668,0
20240322,110000,6457.9,6473,6455,6471.7,1686,0
20240322,120000,6473,6475,6458.7,6463.4,3881,0
20240322,130000,6467.1,6474.7,6461.2,6463.7,3822,0
20240322,140000,6462.9,6467.9,6441.5,6441.5,2257,0
20240322,150000,6442.4,6474,6440.5,6473.8,921,0
20240322,160000,6472,6489.1,6471.6,6485.9,1307,0
20240322,170000,6485.9,6489,6477.4,6487,1962,0
20240322,180000,6486.9,6492.7,6471.8,6479.6,2105,0
20240322,190000,6482.3,6482.3,6408,6433,5784,0
20240322,200000,6431,6451.1,6423.6,6451.1,1949,0
20240322,210000,6451.8,6490.7,6445.3,6477.4,2221,0
20240322,220000,6487.3,6519.5,6469.6,6500.8,3654,0
20240322,230000,6500,6503.9,6486.5,6494.7,676,0
20240325,090000,6499.9,6500,6454,6458,1869,0
20240325,100000,6456.1,6506.8,6450.8,6503.1,4888,0
20240325,110000,6502.1,6515.9,6495,6515,2776,0
20240325,120000,6513.9,6519.3,6504.9,6507.9,1588,0
20240325,130000,6507.9,6514.6,6504,6504.9,1134,0
20240325,140000,6503.7,6513.7,6499.5,6508.5,1569,0
20240325,150000,6503.4,6517.3,6501,6516.5,1977,0
20240325,160000,6516.3,6536.6,6516.3,6530.6,5034,0
20240325,170000,6530.6,6542.9,6530,6534.5,1681,0
20240325,180000,6534.7,6539.8,6528.3,6533.1,1107,0
20240325,190000,6540,6540,6527.1,6536.7,1417,0
20240325,200000,6540.9,6541.5,6530.3,6530.3,398,0
20240325,210000,6532.5,6535.6,6528.5,6531.4,663,0
20240325,220000,6531.2,6531.2,6523.4,6526.4,529,0
20240325,230000,6528.3,6542,6523.8,6540,437,0
20240326,090000,6540.1,6569.1,6525.3,6525.3,1814,0
20240326,100000,6525.2,6525.2,6483.1,6501.7,4681,0
20240326,110000,6500,6523.5,6500,6505.5,4712,0
20240326,120000,6505,6531.9,6500,6527,4188,0
20240326,130000,6527.8,6538,6523,6538,1115,0
20240326,140000,6538.8,6540.2,6517.9,6521.9,783,0
20240326,150000,6521,6521,6512,6513,1221,0
20240326,160000,6513,6521.6,6506.2,6509,1481,0
20240326,170000,6509,6524.7,6509,6519.2,435,0
20240326,180000,6518.8,6518.8,6508,6509.4,1108,0
20240326,190000,6518.7,6520,6512,6516.1,266,0
20240326,200000,6514.1,6517.6,6508,6508,760,0
20240326,210000,6507.2,6512.1,6507.2,6508.2,84,0
20240326,220000,6510.9,6518.9,6509.9,6509.9,296,0
20240326,230000,6511.1,6518.9,6507.2,6512.8,284,0
20240327,090000,6509.6,6520.8,6507.3,6519,351,0
20240327,100000,6519.7,6524.3,6515,6521.1,1070,0
20240327,110000,6523.8,6529.6,6521.9,6527,1355,0
20240327,120000,6527,6532.9,6518.4,6532.2,1269,0
20240327,130000,6532.2,6534.9,6527.9,6534.9,1267,0
20240327,140000,6534.9,6534.9,6516.3,6517.8,1181,0
20240327,150000,6517,6524.9,6512,6524.9,2797,0
20240327,160000,6522.2,6550.4,6517.3,6550.4,4166,0
20240327,170000,6549,6561,6539.4,6557.2,9047,0
20240327,180000,6558.5,6563.1,6540,6558,4648,0
20240327,190000,6555,6565.2,6551.4,6552.1,939,0
20240327,200000,6552.1,6552.1,6524.8,6546.3,614,0
20240327,210000,6549.9,6550,6542.9,6546,671,0
20240327,220000,6544,6558,6543.4,6558,506,0
20240327,230000,6559,6560.8,6552.1,6560.8,278,0
20240328,090000,6565.2,6580,6561.3,6578.4,2618,0
20240328,100000,6578.9,6578.9,6554.5,6573.3,3198,0
20240328,110000,6574,6608,6573.3,6600.4,10170,0
20240328,120000,6599.4,6602.2,6594.1,6599.3,1603,0
20240328,130000,6595.2,6625.9,6593.5,6613.6,4552,0
20240328,140000,6613.4,6613.4,6608,6611.9,2323,0
20240328,150000,6611,6634.3,6611,6633.9,2044,0
20240328,160000,6633,6634.3,6621.9,6629.7,1455,0
20240328,170000,6629.7,6650,6628.9,6649.9,6109,0
20240328,180000,6649.9,6659.9,6648.3,6655.7,2444,0
20240328,190000,6655.7,6676.9,6652.9,6670.1,1552,0
20240328,200000,6670.1,6674.2,6661,6661.5,561,0
20240328,210000,6661.5,6662.8,6660,6662.6,546,0
20240328,220000,6662.7,6667,6660.6,6660.6,394,0
20240328,230000,6666.7,6678,6661.3,6678,552,0
20240328,090000,6565.2,6580,6561.3,6578.4,2618,0
20240328,100000,6578.9,6578.9,6554.5,6573.3,3198,0
20240328,110000,6574,6608,6573.3,6600.4,10170,0
20240328,120000,6599.4,6602.2,6594.1,6599.3,1603,0
20240328,130000,6595.2,6625.9,6593.5,6613.6,4552,0
20240328,140000,6613.4,6613.4,6608,6611.9,2323,0
20240328,150000,6611,6634.3,6611,6633.9,2044,0
20240328,160000,6633,6634.3,6621.9,6629.7,1455,0
20240328,170000,6629.7,6650,6628.9,6649.9,6109,0
20240328,180000,6649.9,6659.9,6648.3,6655.7,2444,0
20240328,190000,6655.7,6676.9,6652.9,6670.1,1552,0
20240328,200000,6670.1,6674.2,6661,6661.5,561,0
20240328,210000,6661.5,6662.8,6660,6662.6,546,0
20240328,220000,6662.7,6667,6660.6,6660.6,394,0
20240328,230000,6666.7,6678,6661.3,6678,552,0
20240329,090000,6680,6695.5,6654,6654.2,13432,0
20240329,100000,6653.4,6667.2,6642.5,6649.7,11748,0
20240329,110000,6649.9,6672.8,6643,6659.1,4133,0
20240329,120000,6662.9,6673.5,6656.6,6663,2713,0
20240329,130000,6665.2,6675.3,6662.9,6674.9,2547,0
20240329,140000,6674.1,6677.2,6666,6671.9,2363,0
20240329,150000,6671.9,6678,6667.9,6670.8,634,0
20240329,160000,6674.1,6678,6662.9,6677.7,1925,0
20240329,170000,6678,6684.5,6670.2,6673.9,1564,0
20240329,180000,6673.9,6691.3,6672.6,6690.9,2020,0
20240329,190000,6687.8,6700,6671.1,6688,2100,0
20240329,200000,6693,6698,6689,6692.8,620,0
20240329,210000,6692.9,6697.6,6689.1,6694.6,213,0
20240329,220000,6696.7,6696.8,6691.1,6694.9,228,0
20240329,230000,6693.9,6696.2,6686,6690.1,355,0
20240401,090000,6730,6768.5,6726,6748.2,6665,0
20240401,100000,6747.8,6767,6740,6755.7,7653,0
20240401,110000,6760.2,6767.6,6743,6743,4734,0
20240401,120000,6746.4,6759.9,6740.1,6757.8,2139,0
20240401,130000,6758.9,6758.9,6719,6724.7,2724,0
20240401,140000,6720.2,6743.7,6708,6737.1,4614,0
20240401,150000,6737.1,6745.9,6730,6745.8,3109,0
20240401,160000,6745.8,6767,6740,6749.7,4534,0
20240401,170000,6749,6749,6715.6,6733.4,5848,0
20240401,180000,6735.9,6754,6735.9,6753.4,2167,0
20240401,190000,6754.9,6754.9,6740,6746.1,512,0
20240401,200000,6746.1,6748.9,6740.1,6746,285,0
20240401,210000,6746,6748.9,6736,6746.8,508,0
20240401,220000,6745.2,6748.7,6742,6748.7,580,0
20240401,230000,6748.8,6760,6748.8,6757.3,446,0
20240402,090000,6762,6780,6729.7,6766.3,3833,0
20240402,100000,6765.5,6793.3,6753.5,6789.3,4357,0
20240402,110000,6789.2,6831.8,6787.5,6817,6016,0
20240402,120000,6817.7,6825,6814.2,6814.5,3673,0
20240402,130000,6814.5,6821.9,6812.3,6815.8,2675,0
20240402,140000,6815.1,6820,6799.3,6820,4010,0
20240402,150000,6820.8,6828.3,6814.1,6828,827,0
20240402,160000,6824.6,6828.8,6815,6826.4,1961,0
20240402,170000,6828.4,6862.5,6828.4,6835.4,8106,0
20240402,180000,6837.1,6844.7,6823.4,6836.5,2378,0
20240402,190000,6843,6843,6822,6841,992,0
20240402,200000,6842.6,6870,6841,6855.8,1435,0
20240402,210000,6864.4,6874.2,6858.4,6869,671,0
20240402,220000,6868.8,6885,6868.8,6884,1325,0
20240402,230000,6884,6888.1,6877.9,6888,251,0
20240403,090000,6900,6913.2,6880,6906.8,4236,0
20240403,100000,6906.8,6907.2,6832,6846.9,15085,0
20240403,110000,6846.6,6846.8,6808,6828.7,7247,0
20240403,120000,6828.8,6843.3,6816,6819.7,1210,0
20240403,130000,6816.1,6820.1,6789.4,6797.6,4232,0
20240403,140000,6798.7,6808.5,6790,6808,3491,0
20240403,150000,6808,6829.9,6805.2,6829,1850,0
20240403,160000,6829,6838,6823,6830.4,1278,0
20240403,170000,6830.4,6850,6828,6842.9,3231,0
20240403,180000,6842.4,6860.2,6836.1,6856.9,1594,0
20240403,190000,6856.6,6871.6,6835,6868,2102,0
20240403,200000,6868,6873.6,6845.7,6872.9,1523,0
20240403,210000,6872.8,6881.9,6870,6880.9,484,0
20240403,220000,6880,6883.5,6874,6875.5,484,0
20240403,230000,6876,6879.8,6875,6876.1,300,0
20240404,090000,6885.1,6909.9,6855.5,6860.6,4865,0
20240404,100000,6868.2,6879.9,6855.5,6855.5,2897,0
20240404,110000,6855.6,6864.6,6850,6859.3,1627,0
20240404,120000,6859.8,6887.6,6855,6859.5,1333,0
20240404,130000,6859.4,6860.9,6850,6857.4,1001,0
20240404,140000,6857.5,6864.4,6846,6849.4,3385,0
20240404,150000,6847.7,6854.7,6824.3,6854.7,3790,0
20240404,160000,6854.6,6861.3,6825.5,6830.5,3261,0
20240404,170000,6839.9,6880,6839.9,6867.7,2323,0
20240404,180000,6870.7,6870.8,6855,6855.3,547,0
20240404,190000,6850.2,6853.2,6840.6,6840.6,736,0
20240404,200000,6840.1,6862.9,6840,6858.6,553,0
20240404,210000,6858.8,6875,6850.3,6875,2076,0
20240404,220000,6870.3,6875,6804,6804.7,4152,0
20240404,230000,6804.8,6849.4,6804.8,6817.1,1776,0
20240405,090000,6830,6845.9,6805.9,6830.9,2507,0
20240405,100000,6836.1,6856.1,6827.3,6848,3225,0
20240405,110000,6851.6,6859.3,6841.3,6841.3,1796,0
20240405,120000,6841.3,6860.9,6841.3,6859.5,2096,0
20240405,130000,6857.9,6863,6849.1,6850.9,841,0
20240405,140000,6850,6862.3,6849,6852,3324,0
20240405,150000,6852,6853,6831.6,6836,1883,0
20240405,160000,6836.9,6865,6831.2,6863.8,2075,0
20240405,170000,6863.9,6909.2,6858.1,6906.7,10720,0
20240405,180000,6906.7,6935.1,6903,6910,5123,0
20240405,190000,6929.8,6935,6911.2,6934,887,0
20240405,200000,6934,6944,6931.1,6936.1,1087,0
20240405,210000,6934.2,6936.1,6925.3,6927.2,912,0
20240405,220000,6927.2,6930.9,6913.1,6918,835,0
20240405,230000,6918,6925,6914.5,6925,1711,0
20240408,090000,6949.9,6963.1,6936,6955.2,2593,0
20240408,100000,6955.2,6986.4,6952.6,6979.3,4097,0
20240408,110000,6979,6987.1,6972.2,6974.6,2312,0
20240408,120000,6978.2,6995.5,6970,6984.5,2999,0
20240408,130000,6984.6,7011.1,6980,6996.4,2772,0
20240408,140000,7004,7025.7,6997.8,7012,3363,0
20240408,150000,7010.8,7018.1,6984.9,7001.8,3364,0
20240408,160000,7002.9,7017.9,7000,7008.2,3144,0
20240408,170000,7005.6,7012.5,6985.4,7010.7,3519,0
20240408,180000,7009.2,7019.8,7001.7,7012.1,1174,0
20240408,190000,7017.8,7020,7000.2,7010.2,633,0
20240408,200000,7010.9,7054.7,7005.4,7041,3085,0
20240408,210000,7040,7060.8,7040,7050.3,2103,0
20240408,220000,7050.4,7055.1,7045.3,7045.3,1095,0
20240408,230000,7045.6,7050,7044.5,7045,544,0
20240409,090000,7067,7082.2,7060,7064.9,2816,0
20240409,100000,7063.2,7094.2,7055,7091.8,10271,0
20240409,110000,7091.8,7099,7083.2,7097,4581,0
20240409,120000,7097.1,7124.2,7097,7122.2,5849,0
20240409,130000,7122.2,7126.3,7100.1,7106.1,5883,0
20240409,140000,7106.2,7114.9,7096,7114.9,3275,0
20240409,150000,7115,7120,7100,7114,3200,0
20240409,160000,7114,7114,7100,7106.7,2048,0
20240409,170000,7104,7124.5,7079.4,7100,5796,0
20240409,180000,7100,7103,7079,7093.2,2462,0
20240409,190000,7090,7109.9,7080.1,7096.7,557,0
20240409,200000,7096.7,7104.5,7087.9,7100,983,0
20240409,210000,7100,7113.4,7095.1,7101.3,691,0
20240409,220000,7103,7109.9,7099.8,7109.8,382,0
20240409,230000,7109.9,7109.9,7092.3,7108.9,522,0
20240410,090000,7124.9,7156.6,7118.3,7144.7,4195,0
20240410,100000,7141.3,7162,7140.7,7156.5,5588,0
20240410,110000,7156.1,7165.4,7147.1,7151.8,3202,0
20240410,120000,7151.8,7153.9,7107,7118,6434,0
20240410,130000,7115,7118,7110,7115,1035,0
20240410,140000,7115,7118,7105,7117.9,2460,0
20240410,150000,7117.8,7118,7044,7099.9,8171,0
20240410,160000,7098.9,7099,7055,7087.9,8496,0
20240410,170000,7087.9,7137.9,7077.8,7120.2,9227,0
20240410,180000,7120.2,7125.2,7090,7116.8,5460,0
20240410,190000,7120,7123.9,7101.1,7109.1,1133,0
20240410,200000,7110.2,7114.5,7078.8,7100.3,1787,0
20240410,210000,7100.6,7107.7,7088,7089,237,0
20240410,220000,7087.9,7089,7045.5,7077.1,2379,0
20240410,230000,7077.1,7083.9,7071.8,7076.9,647,0
20240411,090000,7089.9,7126.2,7089.9,7110.7,4505,0
20240411,100000,7110.7,7124.9,7109.8,7117.7,4741,0
20240411,110000,7120,7125,7063.2,7079,5255,0
20240411,120000,7079,7100,7070.1,7098.7,1439,0
20240411,130000,7098,7104.2,7086.1,7101,1842,0
20240411,140000,7099.9,7100,7091.3,7095.9,3386,0
20240411,150000,7095.5,7099.1,7072.8,7095.4,2401,0
20240411,160000,7094,7096.8,7084,7089.6,2162,0
20240411,170000,7089.6,7089.7,7067.5,7076.5,4150,0
20240411,180000,7076.5,7094.1,7075,7080,1822,0
20240411,190000,7089.9,7100,7062.4,7094,2027,0
20240411,200000,7094.9,7123.5,7093.9,7110.1,2243,0
20240411,210000,7114.9,7134.5,7113.4,7134.5,3703,0
20240411,220000,7134.5,7154,7125.3,7145.3,1663,0
20240411,230000,7145.4,7176.3,7145.4,7175,1809,0
20240412,090000,7182.1,7264.5,7180.1,7259.7,11666,0
20240412,100000,7259.7,7277.8,7220.1,7252.2,13395,0
20240412,110000,7252.5,7255,7217,7226.9,2934,0
20240412,120000,7226.9,7226.9,7200.1,7219.9,3522,0
20240412,130000,7217.3,7230,7208.2,7227,1665,0
20240412,140000,7226,7230,7207.6,7220,10248,0
20240412,150000,7220,7246.3,7215.1,7239.3,2224,0
20240412,160000,7241.3,7254.9,7230,7254.9,4781,0
20240412,170000,7254.8,7314.8,7248,7314.6,6992,0
20240412,180000,7314.6,7321,7218.1,7258,15895,0
20240412,190000,7264.7,7264.7,7205.9,7231.3,11688,0
20240412,200000,7231.2,7239.9,7165.6,7189,5234,0
20240412,210000,7196.8,7197,7130.7,7147.5,11694,0
20240412,220000,7147.5,7207.5,7134.6,7182.2,3282,0
20240412,230000,7175.5,7182.2,7152.1,7152.1,847,0
20240415,090000,7186.5,7195.3,7134.8,7141.3,8888,0
20240415,100000,7141.3,7155,7125,7130.1,8459,0
20240415,110000,7130,7130.2,7090.1,7103.1,9258,0
20240415,120000,7103.1,7105.9,7091.1,7100.4,2699,0
20240415,130000,7104.1,7130,7096.9,7130,1484,0
20240415,140000,7130,7141.8,7128.5,7132.4,4412,0
20240415,150000,7131.2,7138.9,7130,7132.3,3859,0
20240415,160000,7132.3,7138.9,7099.1,7104.1,4280,0
20240415,170000,7103.7,7103.7,7035.1,7074.6,19518,0
20240415,180000,7068.9,7082.5,7050.8,7075.1,4868,0
20240415,190000,7057.4,7099,7050,7098.9,4690,0
20240415,200000,7090.7,7148.8,7079.6,7122.9,3621,0
20240415,210000,7114,7149.9,7105,7148.9,2503,0
20240415,220000,7145.9,7198,7139.5,7192.1,4487,0
20240415,230000,7193,7194.9,7178.1,7185,865,0
20240416,090000,7197.8,7198.6,7140.1,7162.1,6553,0
20240416,100000,7161.1,7169.3,7121.8,7125.5,6345,0
20240416,110000,7130.4,7169.6,7128.1,7167.6,3207,0
20240416,120000,7167.6,7194,7164.8,7179.7,3022,0
20240416,130000,7179.6,7189.7,7173.9,7180.6,1789,0
20240416,140000,7184.9,7200,7182.5,7200,3956,0
20240416,150000,7200,7217.3,7194.5,7207.6,4723,0
20240416,160000,7207.7,7212.7,7194.5,7201.2,3121,0
20240416,170000,7201.2,7239.9,7190,7236.3,5112,0
20240416,180000,7237,7284,7235.2,7274.2,8450,0
20240416,190000,7252.3,7300,7252.3,7290,2036,0
20240416,200000,7294.3,7300,7256.1,7257.2,2698,0
20240416,210000,7256.4,7283.8,7256.3,7274.7,1118,0
20240416,220000,7274.7,7275,7265.9,7266.5,548,0
20240416,230000,7266.5,7273.5,7266.1,7266.3,1281,0
20240417,090000,7261.8,7267.9,7220,7263.5,4286,0
20240417,100000,7265.4,7271.7,7252.8,7259,1868,0
20240417,110000,7259.7,7277.9,7258.9,7277.9,1352,0
20240417,120000,7277.9,7285,7270.5,7280.7,2368,0
20240417,130000,7280.7,7284.4,7261.4,7265.2,1745,0
20240417,140000,7262.9,7274,7261.6,7263,1114,0
20240417,150000,7263,7265,7240,7247.7,3287,0
20240417,160000,7245.5,7274.7,7237,7265.1,2230,0
20240417,170000,7267.7,7270.1,7226.9,7231,2736,0
20240417,180000,7230.4,7237.6,7219.2,7230.4,2745,0
20240417,190000,7230.8,7235,7156,7190,4423,0
20240417,200000,7190.1,7204.5,7175.4,7196.1,1616,0
20240417,210000,7201.5,7211.7,7193.1,7204.3,587,0
20240417,220000,7196.4,7227,7186.5,7198.5,3174,0
20240417,230000,7202.1,7207.2,7198.5,7198.5,151,0
20240418,090000,7220,7220,7207.5,7218.5,373,0
20240418,100000,7218.9,7229.7,7200,7205.9,1085,0
20240418,110000,7202.6,7218,7200.2,7200.2,2244,0
20240418,120000,7200.1,7209.5,7190.8,7195.1,3249,0
20240418,130000,7192.5,7197.3,7188,7196.2,1202,0
20240418,140000,7196.2,7204.9,7179.3,7181.2,2758,0
20240418,150000,7180.1,7189.2,7178.9,7184.5,1125,0
20240418,160000,7185.2,7193.5,7175.1,7180.7,2372,0
20240418,170000,7177.7,7185,7151.8,7170.4,2712,0
20240418,180000,7171.3,7175,7162.9,7163.6,1130,0
20240418,190000,7162.9,7186.4,7146.3,7186.4,1116,0
20240418,200000,7185.8,7196.1,7182.7,7185,643,0
20240418,210000,7185.4,7190.4,7174.9,7175.1,395,0
20240418,220000,7175.1,7183.7,7174.7,7175.8,224,0
20240418,230000,7175.8,7185.7,7175.7,7181,101,0
20240419,090000,7184,7209.9,7178.2,7209.1,15374,0
20240419,100000,7209.9,7212.9,7171,7171,3121,0
20240419,110000,7171,7171,7156.6,7165,2076,0
20240419,120000,7165,7166,7137.1,7145.6,4144,0
20240419,130000,7140.9,7140.9,7121,7127,2980,0
20240419,140000,7126.9,7129.4,7106.1,7124.5,8406,0
20240419,150000,7123.7,7139,7117.8,7121.2,1990,0
20240419,160000,7128,7128,7103.5,7112.7,1802,0
20240419,170000,7111.6,7120,7106.1,7117.7,4229,0
20240419,180000,7117.7,7125.8,7113.7,7119.7,2794,0
20240419,190000,7119.8,7130,7119.8,7130,755,0
20240419,200000,7131.6,7152.7,7130.1,7141.9,3717,0
20240419,210000,7141.9,7150.3,7140,7145.1,1643,0
20240419,220000,7145.7,7155,7140,7140,626,0
20240419,230000,7141.5,7143.6,7133.8,7137.8,276,0
20240422,090000,7077.8,7077.9,7013,7030,6334,0
20240422,100000,7030,7063.9,7029.9,7058,6924,0
20240422,110000,7057.9,7060,7035.5,7050,2275,0
20240422,120000,7050,7057.1,7040.8,7042.9,1213,0
20240422,130000,7041.7,7047.7,7026.8,7032.5,2743,0
20240422,140000,7036.4,7036.4,7002.2,7014,6871,0
20240422,150000,7013.4,7020.9,6972.3,6973.2,8521,0
20240422,160000,6979.7,6990.1,6941.9,6956,12021,0
20240422,170000,6956.8,6977.9,6942.1,6972.2,10406,0
20240422,180000,6975.9,6975.9,6940.8,6947.8,7294,0
20240422,190000,6940.8,6955.9,6918.8,6924.2,3125,0
20240422,200000,6924.2,6937,6921.3,6929.9,1487,0
20240422,210000,6926,6929.9,6922.5,6925,1154,0
20240422,220000,6928.6,6930,6923,6927.7,828,0
20240422,230000,6924.1,6927.7,6923.2,6923.2,430,0
20240423,090000,6859,6869.9,6816,6831.2,12271,0
20240423,100000,6831.2,6882.9,6831,6882.9,10332,0
20240423,110000,6880,6880,6855.2,6859.9,2719,0
20240423,120000,6860,6860,6810,6823,11372,0
20240423,130000,6821.1,6853.8,6812.3,6850,8495,0
20240423,140000,6849.6,6849.6,6819.2,6820,1670,0
20240423,150000,6820,6863.1,6815,6850,10378,0
20240423,160000,6850,6915.9,6845.6,6915.9,17705,0
20240423,170000,6917,6920,6852.3,6855,14064,0
20240423,180000,6855.1,6866.6,6847.1,6855.2,4565,0
20240423,190000,6855,6913.4,6855,6900.2,2105,0
20240423,200000,6900.3,6906.9,6888.1,6896.9,1519,0
20240423,210000,6896.9,6907,6886.4,6886.4,1050,0
20240423,220000,6886,6894.9,6870.7,6882.5,902,0
20240423,230000,6873.5,6882.6,6870,6870,191,0
20240424,090000,6891.7,6911,6860.6,6860.6,2924,0
20240424,100000,6862.1,6862.2,6820.6,6821.5,6474,0
20240424,110000,6821.5,6828.9,6805.5,6823.4,7167,0
20240424,120000,6827.6,6836.2,6812.2,6818.5,2437,0
20240424,130000,6818.5,6834,6818,6822.7,2699,0
20240424,140000,6827.7,6827.7,6817.5,6824.9,1682,0
20240424,150000,6826.1,6841.7,6825.2,6837.6,1519,0
20240424,160000,6837.6,6842.8,6818.3,6827.6,1529,0
20240424,170000,6827.6,6855.5,6820.1,6855,3819,0
20240424,180000,6855,6872,6846.4,6846.4,3599,0
20240424,190000,6845.1,6853.8,6832,6844.8,3524,0
20240424,200000,6844.8,6852.5,6844.8,6848.5,1236,0
20240424,210000,6848.5,6850,6830.6,6838.2,488,0
20240424,220000,6838.2,6851.5,6835.5,6835.9,393,0
20240424,230000,6836,6846.9,6820.3,6820.3,794,0
20240425,090000,6829,6844.8,6820.1,6823.8,2213,0
20240425,100000,6823.9,6839.6,6810,6830.6,2463,0
20240425,110000,6834.3,6837.7,6830,6833.4,1062,0
20240425,120000,6836.8,6842.3,6830.3,6834.5,847,0
20240425,130000,6834.5,6841.7,6832.8,6838.5,640,0
20240425,140000,6836.2,6843,6833.4,6837.1,753,0
20240425,150000,6837,6843,6823.3,6837.5,2454,0
20240425,160000,6837.5,6840,6810,6826.9,3474,0
20240425,170000,6829.8,6879.6,6829.5,6854,4449,0
20240425,180000,6853.9,6854,6836.2,6838.2,1569,0
20240425,190000,6850.6,6860,6823.1,6834,1852,0
20240425,200000,6838.7,6852.3,6833.4,6842.4,509,0
20240425,210000,6848.7,6860,6842.6,6843,468,0
20240425,220000,6843,6854.8,6842.4,6843.8,336,0
20240425,230000,6849.5,6853.4,6843.8,6849.2,212,0
20240426,090000,6861.7,6877.5,6861.7,6864.5,1869,0
20240426,100000,6866.3,6911.3,6864.9,6910,7080,0
20240426,110000,6909,6940,6909,6937.3,4344,0
20240426,120000,6937.3,6945.9,6918.7,6926.1,6332,0
20240426,130000,6927,6937.1,6902.5,6912.2,4488,0
20240426,140000,6910.1,6911.3,6894.5,6896,1430,0
20240426,150000,6894.5,6914.2,6875,6883.8,3592,0
20240426,160000,6880.1,6886.2,6860,6862.1,1874,0
20240426,170000,6863.7,6880,6844.1,6869.4,4506,0
20240426,180000,6869.2,6900.3,6869.2,6883.6,3651,0
20240426,190000,6885.1,6896.3,6872.4,6872.4,2559,0
20240426,200000,6871.8,6886.8,6870.8,6873.3,982,0
20240426,210000,6879.9,6890,6879.9,6889,537,0
20240426,220000,6889,6889.9,6883.7,6888.5,336,0
20240426,230000,6889.1,6889.9,6883.7,6889.9,80,0
20240427,090000,6894.8,6924.8,6894.8,6922.8,2445,0
20240427,100000,6921,6925.2,6903.5,6915.1,1343,0
20240427,110000,6915.1,6917.6,6907.1,6908.9,454,0
20240427,120000,6907.9,6907.9,6886.7,6892.2,1592,0
20240427,130000,6893,6897.4,6888.2,6892,393,0
20240427,140000,6894.7,6894.7,6886.7,6889.8,501,0
20240427,150000,6893.7,6903.3,6887,6903.3,836,0
20240427,160000,6903.7,6918.2,6900.5,6913.8,2750,0
20240427,170000,6910.7,6914.8,6901.6,6904.9,661,0
20240427,180000,6909.3,6910.7,6902.2,6908,958,0
20240427,190000,6909,6918.2,6909,6916.1,1095,0
20240427,200000,6914,6920,6896.1,6917.5,811,0
20240427,210000,6917.7,6919.7,6909.9,6909.9,106,0
20240427,220000,6909.9,6909.9,6909.5,6909.9,105,0
20240427,230000,6909.9,6910,6901.4,6910,290,0
20240429,090000,6908.1,6910,6890.1,6894.8,1217,0
20240429,100000,6895.2,6944,6895,6924,11006,0
20240429,110000,6924.2,6950,6924.2,6948,1320,0
20240429,120000,6949.4,6962.3,6944.7,6954.6,1940,0
20240429,130000,6955.3,6965.3,6943.5,6946,3213,0
20240429,140000,6947.4,6957.8,6940,6945.4,604,0
20240429,150000,6945,6950.4,6925,6935.2,755,0
20240429,160000,6933,6940,6925.8,6925.9,481,0
20240429,170000,6928.9,6942,6923.2,6932.1,1760,0
20240429,180000,6932.6,6948.7,6932.6,6942.3,569,0
20240429,190000,6949,6966.1,6949,6959.3,1210,0
20240429,200000,6959.3,6963,6942.3,6950,1052,0
20240429,210000,6950,6959.3,6946.1,6955,266,0
20240429,220000,6945.9,6951.2,6942.3,6947.8,233,0
20240429,230000,6947.8,6950.5,6937.1,6940.1,471,0
20240430,090000,6943,6944.3,6920.3,6927,2020,0
20240430,100000,6927,6927,6877.7,6886.2,6081,0
20240430,110000,6886.2,6892.5,6871.4,6880.9,3727,0
20240430,120000,6881.9,6899.9,6881.9,6894,1993,0
20240430,130000,6894,6899.9,6882.7,6891.3,591,0
20240430,140000,6888,6888,6869,6873,850,0
20240430,150000,6873.2,6874,6836.9,6846,4603,0
20240430,160000,6846,6853.7,6820,6839.9,3744,0
20240430,170000,6839.1,6839.8,6808,6820,4188,0
20240430,180000,6816.9,6828.8,6809.9,6818.8,4211,0
20240430,190000,6814.7,6822.1,6786.5,6800,2872,0
20240430,200000,6800,6809.2,6798.6,6806,1888,0
20240430,210000,6808.4,6814.8,6790.6,6790.6,1602,0
20240430,220000,6793.1,6802.6,6781.7,6783.9,2550,0
20240430,230000,6790,6799.7,6780.6,6785.4,1143,0
20240502,090000,6835,6870,6825.5,6827.9,4815,0
20240502,100000,6825.6,6827.6,6802.5,6810.8,2583,0
20240502,110000,6809.7,6809.8,6754.5,6755.3,5356,0
20240502,120000,6755.3,6756,6733.1,6744.9,3094,0
20240502,130000,6743.9,6743.9,6720.5,6721,3318,0
20240502,140000,6721,6736.7,6721,6729.6,1615,0
20240502,150000,6729.5,6750.5,6725.6,6741.1,2860,0
20240502,160000,6741.1,6741.1,6720,6733.5,3570,0
20240502,170000,6736.2,6759.3,6731.1,6758.1,1916,0
20240502,180000,6758,6770.3,6742.3,6750.8,4516,0
20240502,190000,6742.1,6770.2,6742.1,6763.4,758,0
20240502,200000,6763.4,6774,6754.3,6769.6,663,0
20240502,210000,6773.9,6782.2,6756.8,6782.2,1002,0
20240502,220000,6783,6788,6757.8,6757.8,600,0
20240502,230000,6757.8,6762.6,6755.7,6762.6,381,0
20240503,090000,6765.8,6769.1,6745,6746.6,1619,0
20240503,100000,6748.4,6748.4,6707.2,6713.1,4731,0
20240503,110000,6713.9,6728.2,6713.9,6727.4,1829,0
20240503,120000,6726,6731.5,6720,6720,663,0
20240503,130000,6720,6723.2,6715,6720.5,988,0
20240503,140000,6720.4,6720.5,6716.4,6720,779,0
20240503,150000,6720,6754,6714.1,6732.5,4313,0
20240503,160000,6733,6740,6691.9,6724.6,5991,0
20240503,170000,6722.4,6741.2,6705.9,6719.9,5919,0
20240503,180000,6718.9,6729.5,6714.9,6722.5,2478,0
20240503,190000,6719.5,6734,6716.1,6731,741,0
20240503,200000,6728.1,6735,6727.3,6735,375,0
20240503,210000,6734.9,6735,6729,6732.2,115,0
20240503,220000,6729,6750,6729,6738.2,1319,0
20240503,230000,6739,6751,6739,6741,285,0
20240506,090000,6749.5,6789.4,6740.5,6768,4042,0
20240506,100000,6769.9,6806.3,6761.8,6800.2,3832,0
20240506,110000,6801.5,6804.2,6768.3,6771,2464,0
20240506,120000,6769.9,6785.9,6766,6785.5,4100,0
20240506,130000,6785.1,6789.8,6764.9,6767.1,4111,0
20240506,140000,6767.1,6771.3,6736.9,6745,3790,0
20240506,150000,6745,6767.2,6723.7,6760,5378,0
20240506,160000,6760,6777.5,6757.6,6770.5,4522,0
20240506,170000,6771,6772.3,6752.5,6756.1,1501,0
20240506,180000,6754.1,6780,6750.8,6779.6,2140,0
20240506,190000,6777,6807.2,6762.1,6775,2349,0
20240506,200000,6776,6799.6,6767.4,6777.3,1290,0
20240506,210000,6774.8,6785.5,6774.8,6785.5,103,0
20240506,220000,6787.1,6797,6783.1,6793.5,235,0
20240506,230000,6793.5,6798,6788.7,6793.4,93,0
20240507,090000,6768.9,6784.4,6760.1,6768.2,1833,0
20240507,100000,6764.4,6771.5,6736.1,6743.5,1750,0
20240507,110000,6740.3,6757.1,6735,6741.9,1871,0
20240507,120000,6743.9,6751.4,6730.2,6736.6,1498,0
20240507,130000,6732.2,6737.9,6730.3,6737.9,2241,0
20240507,140000,6735.3,6739.9,6725,6726.9,1608,0
20240507,150000,6726,6736.9,6718,6736.4,1342,0
20240507,160000,6736.9,6758.6,6732.2,6750.5,3073,0
20240507,170000,6751.7,6755,6738,6738.3,1335,0
20240507,180000,6738,6758,6724.2,6732.3,2791,0
20240507,190000,6730,6747.7,6725,6729,1472,0
20240507,200000,6733,6743.8,6727.3,6737.6,549,0
20240507,210000,6739.5,6740,6733.4,6737.6,86,0
20240507,220000,6740,6741,6737.6,6740,75,0
20240507,230000,6739.8,6741.1,6727.1,6727.1,722,0
20240508,090000,6744.8,6749.4,6726.2,6732.1,1513,0
20240508,100000,6733.3,6747.5,6731.8,6741.5,1141,0
20240508,110000,6738.1,6748.6,6733,6745.6,1763,0
20240508,120000,6745.8,6752.7,6741.7,6748,883,0
20240508,130000,6748,6781.1,6748,6772.5,3328,0
20240508,140000,6773,6774.8,6757,6757,1972,0
20240508,150000,6757,6764.7,6755,6762.5,690,0
20240508,160000,6762.4,6763.3,6745,6749.5,1240,0
20240508,170000,6750.2,6771.4,6747.3,6765.7,2099,0
20240508,180000,6764.7,6768.9,6756.6,6764.7,425,0
20240508,190000,6766.3,6771.5,6745.2,6760.6,247,0
20240508,200000,6764.7,6777.9,6760.4,6768.6,485,0
20240508,210000,6769.4,6772.1,6764.8,6764.8,321,0
20240508,220000,6764.8,6764.8,6746,6750.4,1199,0
20240508,230000,6749.7,6756,6745.3,6745.3,523,0
20240510,090000,6830.2,6892,6830.2,6890,9982,0
20240510,100000,6892,6903,6880.6,6898.9,3959,0
20240510,110000,6898,6920.8,6891.9,6919.9,3734,0
20240510,120000,6917.7,6934.1,6913.2,6928.1,4801,0
20240510,130000,6926.5,6942.2,6924.7,6940.5,2381,0
20240510,140000,6940,6944,6932.6,6932.6,1190,0
20240510,150000,6936.7,6937.7,6920.2,6927.9,1211,0
20240510,160000,6929.6,6931.2,6910.5,6925,2119,0
20240510,170000,6925,6929.9,6898.2,6898.2,4883,0
20240510,180000,6900.6,6917.7,6900.6,6917.7,1148,0
20240510,190000,6899,6923,6899,6920,343,0
20240510,200000,6924.9,6929.9,6920.1,6928.5,215,0
20240510,210000,6928.5,6931.9,6928.5,6930.6,266,0
20240510,220000,6930.6,6930.7,6920,6920,640,0
20240510,230000,6917.1,6923.5,6916.9,6923,446,0
20240513,090000,6895,6908.4,6873.7,6873.7,7864,0
20240513,100000,6874.3,6879.6,6855,6855.9,4102,0
20240513,110000,6856,6862.2,6840.3,6841.1,3858,0
20240513,120000,6841.1,6843,6816,6816,3780,0
20240513,130000,6818,6830.1,6806.9,6826.5,2539,0
20240513,140000,6826.5,6848.1,6818.8,6843.9,3412,0
20240513,150000,6843.4,6854,6840.1,6845,928,0
20240513,160000,6848.9,6851.8,6829.8,6832.6,1226,0
20240513,170000,6834.4,6849.5,6826.1,6849.5,6902,0
20240513,180000,6845,6845,6803.4,6810,3359,0
20240513,190000,6813.5,6816.8,6803,6813.9,1464,0
20240513,200000,6810.9,6815.9,6806.1,6813,196,0
20240513,210000,6813,6816.7,6805,6813,415,0
20240513,220000,6813.7,6821.9,6810,6817,375,0
20240513,230000,6815,6820.7,6805.3,6807,1046,0
20240514,090000,6821.9,6829.9,6807.5,6809,1267,0
20240514,100000,6809.8,6828.3,6805.2,6823.9,2677,0
20240514,110000,6822,6839,6815.5,6839,2303,0
20240514,120000,6837.1,6848.9,6825.8,6827.4,2065,0
20240514,130000,6827.4,6834.6,6821,6831.9,1093,0
20240514,140000,6830.9,6831.9,6819.8,6822.7,423,0
20240514,150000,6821,6828.2,6810,6821.3,673,0
20240514,160000,6820.1,6840.7,6817.1,6838.2,1016,0
20240514,170000,6841.1,6848.8,6831.1,6834.5,1079,0
20240514,180000,6834.5,6836.5,6820.2,6828.9,1031,0
20240514,190000,6826.9,6840,6824.7,6836.9,261,0
20240514,200000,6836.9,6841,6833,6839.1,189,0
20240514,210000,6841.5,6848.4,6840.1,6841.1,1072,0
20240514,220000,6841.1,6848.9,6840.4,6842,517,0
20240514,230000,6842,6847.4,6840.5,6841.3,248,0
20240515,090000,6846.9,6848.7,6830,6844,1270,0
20240515,100000,6843.9,6869.7,6843.9,6860.9,2921,0
20240515,110000,6860,6886.2,6860,6884.8,2495,0
20240515,120000,6884.2,6885.9,6863,6864.4,2719,0
20240515,130000,6864.4,6872.1,6847.1,6854.6,3004,0
20240515,140000,6849.9,6850,6832.3,6840,1295,0
20240515,150000,6838.6,6870,6832.4,6859,4151,0
20240515,160000,6858.9,6865,6821,6830,3726,0
20240515,170000,6830,6858.6,6824.9,6856.2,2199,0
20240515,180000,6854.5,6870,6851.1,6856.9,2928,0
20240515,190000,6860.1,6887.6,6860.1,6877.5,1183,0
20240515,200000,6875.1,6896.7,6875.1,6889.4,832,0
20240515,210000,6889.4,6890,6876.7,6880.9,970,0
20240515,220000,6881.4,6889.9,6879.4,6886.3,409,0
20240515,230000,6886.3,6889.9,6886.3,6889.2,407,0
20240516,090000,6889.8,6889.9,6877,6887.5,1004,0
20240516,100000,6887.5,6887.5,6872.2,6882.9,3293,0
20240516,110000,6883,6893,6880.2,6888.2,1523,0
20240516,120000,6888.2,6891.1,6881.1,6881.1,1261,0
20240516,130000,6881.1,6883.1,6873.8,6876.5,681,0
20240516,140000,6876.5,6883.4,6872.7,6877,1017,0
20240516,150000,6877.9,6882.6,6868.8,6873.9,1950,0
20240516,160000,6873,6873,6852,6860.1,2898,0
20240516,170000,6860.9,6874.8,6852,6857,2288,0
20240516,180000,6856,6874.2,6855.1,6872,2228,0
20240516,190000,6874,6879.9,6870,6876.9,454,0
20240516,200000,6872,6876.8,6833,6862,1062,0
20240516,210000,6862,6871.9,6834,6862.1,912,0
20240516,220000,6870,6872,6850.8,6872,514,0
20240516,230000,6860.1,6876.9,6855.1,6869.3,332,0
20240517,090000,6860.2,6904,6860.2,6903.5,3062,0
20240517,100000,6902.3,6906.8,6882.7,6888.8,3932,0
20240517,110000,6888.7,6888.7,6882.3,6882.8,1292,0
20240517,120000,6882.7,6884.8,6875.1,6875.6,721,0
20240517,130000,6879.9,6881.1,6875.8,6881.1,456,0
20240517,140000,6880,6890,6879.9,6887.9,1318,0
20240517,150000,6889,6890,6878.4,6890,1326,0
20240517,160000,6889.5,6912.9,6889.5,6900,4832,0
20240517,170000,6900,6936.9,6900,6936.8,2088,0
20240517,180000,6936.9,6942,6910.7,6918,2586,0
20240517,190000,6918.2,6938.4,6910.1,6916.6,1065,0
20240517,200000,6920.2,6927.6,6917.3,6927.6,361,0
20240517,210000,6928.7,6944.4,6924.3,6943.7,1273,0
20240517,220000,6944.2,6944.5,6932.3,6940,697,0
20240517,230000,6940.1,6943.7,6932.4,6932.8,642,0
20240520,090000,6993,7033.3,6988.7,6997.9,6959,0
20240520,100000,6996.8,7018.6,6996.8,7018.6,5784,0
20240520,110000,7014.4,7021.9,6994.8,7009.8,1650,0
20240520,120000,7010,7025,7009,7010.5,1445,0
20240520,130000,7011.5,7012,6988,6993.9,2782,0
20240520,140000,6993.8,6996.7,6982.1,6982.5,2127,0
20240520,150000,6984.1,6992.5,6952.3,6970,4758,0
20240520,160000,6971,6992.4,6968.1,6990.9,1902,0
20240520,170000,6990.9,6993.1,6977.5,6993.1,1469,0
20240520,180000,6993.1,7012.6,6986.2,6998.9,1620,0
20240520,190000,6998.5,7016,6997.9,7016,849,0
20240520,200000,7016,7031.9,7011.9,7029.9,887,0
20240520,210000,7030,7038,7020.1,7020.1,934,0
20240520,220000,7020.1,7029.1,7010.1,7017.3,437,0
20240520,230000,7011.8,7021.9,7011.8,7012.1,381,0
20240521,090000,6994.1,6994.1,6930,6935.1,4944,0
20240521,100000,6935.1,6963.5,6930.5,6963.5,5166,0
20240521,110000,6962.9,6967,6943.6,6954,1809,0
20240521,120000,6954,6955.5,6943.4,6951,1386,0
20240521,130000,6951.9,6959.7,6950,6958,306,0
20240521,140000,6958,6967.1,6953.4,6967,3076,0
20240521,150000,6967,6990,6960.1,6986,5102,0
20240521,160000,6987.9,6996.1,6972.1,6985,1481,0
20240521,170000,6981.1,6988.9,6974,6977.6,385,0
20240521,180000,6974.2,6985.2,6959.9,6966.4,1822,0
20240521,190000,6958.9,6967.9,6903.7,6950,1421,0
20240521,200000,6949.9,6950,6940.7,6940.9,819,0
20240521,210000,6940.1,6945,6930,6940,1089,0
20240521,220000,6944.4,6945,6939.3,6941.8,183,0
20240521,230000,6941.8,6947.9,6941.5,6944.5,412,0
20240522,090000,6943.1,6948.6,6921,6938.4,2071,0
20240522,100000,6940,6970,6940,6954.3,2629,0
20240522,110000,6954.2,6959.9,6935.6,6949,975,0
20240522,120000,6950,6959.5,6940,6956.9,774,0
20240522,130000,6954.3,6960.2,6951.1,6953.6,249,0
20240522,140000,6953.5,6953.5,6932,6932,918,0
20240522,150000,6932.1,6948.5,6928.2,6932.6,2689,0
20240522,160000,6932.6,6936.9,6925.5,6934.4,1480,0
20240522,170000,6934.9,6936.2,6859.9,6879.3,10853,0
20240522,180000,6879.4,6898.9,6857.2,6879.1,3830,0
20240522,190000,6880,6896.7,6874.5,6885,722,0
20240522,200000,6885,6889.9,6865.3,6867.4,1198,0
20240522,210000,6868.3,6875.9,6851.6,6860.6,679,0
20240522,220000,6860.6,6860.6,6850,6855.8,683,0
20240522,230000,6855.8,6859.9,6851.1,6853,126,0
20240523,090000,6840,6846.1,6799.2,6835,4178,0
20240523,100000,6834.1,6839.4,6815.7,6818.5,1665,0
20240523,110000,6818.6,6823.9,6807.2,6818.1,1399,0
20240523,120000,6818.1,6830,6814,6822.5,1297,0
20240523,130000,6822.5,6830,6818,6823,1634,0
20240523,140000,6824.5,6830.1,6818,6826.6,2504,0
20240523,150000,6825.3,6829.9,6809.4,6811,1677,0
20240523,160000,6810.2,6825.9,6784.3,6807.4,4261,0
20240523,170000,6809,6820,6773.1,6784.1,8667,0
20240523,180000,6780.2,6789.7,6757.9,6767.7,4845,0
20240523,190000,6767.5,6779.5,6757.3,6759.4,1145,0
20240523,200000,6759.4,6759.4,6720,6734.9,2756,0
20240523,210000,6733,6739.4,6721,6733.2,1363,0
20240523,220000,6736.9,6738.9,6732.5,6738.9,694,0
20240523,230000,6733.7,6739.2,6727,6727,1133,0
20240524,090000,6741.9,6760.8,6731.2,6745.1,6128,0
20240524,100000,6745.1,6747.8,6727,6727,3943,0
20240524,110000,6727.2,6734.7,6722.6,6734.7,3393,0
20240524,120000,6734.7,6750,6731.2,6736.9,3080,0
20240524,130000,6736.5,6749.2,6734.8,6740,1413,0
20240524,140000,6740,6749.2,6737.7,6744,611,0
20240524,150000,6747.5,6749.2,6740,6740.2,1370,0
20240524,160000,6740.1,6748.6,6724.7,6724.7,5753,0
20240524,170000,6725.5,6736.9,6720.2,6728.4,2289,0
20240524,180000,6728.4,6741.8,6722.9,6723.2,1286,0
20240524,190000,6740,6745.4,6722.6,6732.8,528,0
20240524,200000,6737.8,6737.8,6730,6732.1,690,0
20240524,210000,6731,6739.7,6731,6731.7,461,0
20240524,220000,6735.6,6741.5,6731.9,6741.5,157,0
20240524,230000,6741.1,6752.3,6741.1,6751.8,450,0
20240527,090000,6754.6,6770,6747,6748.8,2992,0
20240527,100000,6748.8,6752,6701,6702,7192,0
20240527,110000,6701.1,6703.2,6672.9,6680.9,6297,0
20240527,120000,6685.1,6697.9,6675.8,6678.3,3560,0
20240527,130000,6679.5,6699,6678.8,6696,1109,0
20240527,140000,6699.1,6699.1,6690.1,6692.3,3497,0
20240527,150000,6692.6,6705,6690.9,6705,3576,0
20240527,160000,6702.6,6726.9,6702.6,6722.3,3453,0
20240527,170000,6721.3,6737.5,6716.1,6718,3138,0
20240527,180000,6716.1,6728.6,6715,6715,790,0
20240527,190000,6712.9,6729.9,6699.6,6715.3,980,0
20240527,200000,6721,6726.6,6713.4,6721.6,813,0
20240527,210000,6721.6,6730,6710,6711.4,457,0
20240527,220000,6713.1,6719.9,6713.1,6717.8,190,0
20240527,230000,6713.9,6719.9,6710,6719.9,395,0
20240528,090000,6720,6723.1,6690,6690,3468,0
20240528,100000,6690,6690,6679.6,6679.6,2800,0
20240528,110000,6679.6,6690,6628,6657,9871,0
20240528,120000,6663.9,6664.9,6658,6661.4,4737,0
20240528,130000,6661.4,6677,6659,6674.9,3440,0
20240528,140000,6674.9,6682.8,6673.5,6680,3253,0
20240528,150000,6680,6703.2,6679.1,6696.8,6299,0
20240528,160000,6696.8,6698.7,6677.3,6677.3,6341,0
20240528,170000,6677.9,6686.2,6661.9,6686.2,1043,0
20240528,180000,6686.1,6688.2,6679.4,6688.2,700,0
20240528,190000,6688.7,6706.4,6688.7,6700,1853,0
20240528,200000,6699.2,6707.8,6697.8,6705,1156,0
20240528,210000,6705.1,6707,6701,6706,902,0
20240528,220000,6706,6706.9,6702,6703,72,0
20240528,230000,6705,6707,6705,6707,369,0
20240529,090000,6702.2,6720,6701,6712.2,2784,0
20240529,100000,6709.1,6715.3,6693.6,6715.3,4128,0
20240529,110000,6715.2,6718.7,6702,6706.5,1759,0
20240529,120000,6705.9,6711.9,6689.5,6711.8,2926,0
20240529,130000,6711.8,6749.4,6711.7,6734,3612,0
20240529,140000,6739.2,6741.8,6706.6,6710,2248,0
20240529,150000,6710,6712,6691.5,6697.6,3971,0
20240529,160000,6697.5,6707.4,6697.5,6704.4,1649,0
20240529,170000,6705,6708.9,6696.1,6704.2,1758,0
20240529,180000,6699,6702.8,6690,6694,411,0
20240529,190000,6690,6762.8,6690,6693.5,886,0
20240529,200000,6693.8,6705,6693.8,6705,162,0
20240529,210000,6705,6705.8,6696.3,6696.3,429,0
20240529,220000,6695.1,6699.4,6693.6,6698.9,147,0
20240529,230000,6698.9,6698.9,6693.5,6693.5,323,0
20240530,090000,6698.8,6699.2,6670,6687.5,3354,0
20240530,100000,6687.5,6711.1,6680.5,6686.6,2202,0
20240530,110000,6686.6,6699.4,6681,6683.1,1566,0
20240530,120000,6682.5,6686.7,6665.5,6665.5,2040,0
20240530,130000,6665,6685.1,6654.5,6679.1,2223,0
20240530,140000,6675.1,6690,6675.1,6679.9,1888,0
20240530,150000,6678.7,6714.8,6678.3,6701.1,2211,0
20240530,160000,6701.1,6737,6696.9,6728.1,3317,0
20240530,170000,6728.1,6739.9,6713.3,6718,3944,0
20240530,180000,6718,6729,6711,6716.3,1667,0
20240530,190000,6728.3,6748.3,6716.8,6747.9,1140,0
20240530,200000,6747.9,6750.1,6737,6747.3,1230,0
20240530,210000,6747.3,6749,6721.9,6738.6,1124,0
20240530,220000,6738.6,6747.4,6728.3,6739.6,625,0
20240530,230000,6739.6,6750,6737.2,6750,567,0
20240531,090000,6749,6768.4,6749,6759.8,1927,0
20240531,100000,6759.8,6765.8,6731.5,6734.1,5537,0
20240531,110000,6734.1,6744.7,6725.9,6741.2,8515,0
20240531,120000,6741.2,6752,6739,6752,3679,0
20240531,130000,6752,6758.2,6742.5,6749.7,6676,0
20240531,140000,6749.7,6750,6743.9,6744.2,5186,0
20240531,150000,6744,6758,6725,6750.9,3749,0
20240531,160000,6752.6,6759,6722.2,6727,3552,0
20240531,170000,6728,6730,6696.6,6705.6,4975,0
20240531,180000,6701.8,6706.1,6672,6686.5,4846,0
20240531,190000,6692.6,6692.6,6659.5,6688.1,1215,0
20240531,200000,6686,6686,6630.5,6639.1,2851,0
20240531,210000,6640.4,6646,6634.6,6638.9,831,0
20240531,220000,6635,6640.3,6631.4,6632.8,436,0
20240531,230000,6639,6653.1,6636.5,6653.1,422,0
20240603,090000,6645,6658.8,6640.2,6655,1639,0
20240603,100000,6658,6658.8,6613,6626.4,2380,0
20240603,110000,6626.4,6643,6620.1,6633.5,2973,0
20240603,120000,6638.6,6649.8,6612.2,6643.8,4520,0
20240603,130000,6643.8,6645,6630,6635.9,2053,0
20240603,140000,6642.9,6646.7,6621.5,6621.5,3360,0
20240603,150000,6621.5,6627.7,6613.2,6624.7,3032,0
20240603,160000,6624.6,6627.5,6606,6619.1,1633,0
20240603,170000,6620.8,6674.8,6619.2,6654.2,4886,0
20240603,180000,6655.7,6655.8,6628.2,6628.2,1283,0
20240603,190000,6637.9,6669.9,6630.7,6664.1,923,0
20240603,200000,6663.1,6687.2,6660.7,6660.7,1149,0
20240603,210000,6664.2,6666.3,6654.5,6662.9,342,0
20240603,220000,6662.9,6663,6654.1,6654.1,213,0
20240603,230000,6657.9,6662.8,6656.1,6658,62,0
20240604,090000,6646.7,6667.3,6631.5,6634,3482,0
20240604,100000,6633.7,6655.5,6620.1,6641.3,2183,0
20240604,110000,6641.5,6646.1,6626.3,6626.3,2325,0
20240604,120000,6626.4,6629.5,6611.6,6627,1427,0
20240604,130000,6628.1,6635.6,6624.9,6627.9,964,0
20240604,140000,6627.4,6629.4,6619.1,6625,1004,0
20240604,150000,6627.5,6637.1,6622.3,6636.8,1029,0
20240604,160000,6637.1,6645.7,6611.7,6617.4,992,0
20240604,170000,6617.3,6627,6597.8,6607.7,3326,0
20240604,180000,6606,6613.4,6598.1,6603,559,0
20240604,190000,6619.1,6619.1,6601,6604.9,431,0
20240604,200000,6609,6609.6,6603.1,6605.1,425,0
20240604,210000,6606.8,6614.3,6601.2,6606.2,375,0
20240604,220000,6607.9,6610,6604.1,6610,148,0
20240604,230000,6608.1,6610,6602,6610,77,0
20240605,090000,6628.8,6638.4,6605.6,6621.8,1933,0
20240605,100000,6626.3,6635.9,6625.1,6631.5,935,0
20240605,110000,6631.1,6635.4,6625.7,6635.1,1077,0
20240605,120000,6632.1,6632.8,6626.4,6629.8,1402,0
20240605,130000,6629.8,6639.5,6627.6,6635,1254,0
20240605,140000,6636.1,6639.9,6622.1,6623,1152,0
20240605,150000,6623,6660,6622.1,6660,3047,0
20240605,160000,6658.8,6666.2,6652.3,6660.8,1884,0
20240605,170000,6660,6690,6644.4,6677.1,3019,0
20240605,180000,6679.8,6690,6670,6687.8,1354,0
20240605,190000,6680.3,6710.9,6677.2,6685.5,1488,0
20240605,200000,6689.9,6697.4,6684.3,6688.1,215,0
20240605,210000,6689.8,6694.4,6689,6691.9,130,0
20240605,220000,6690.1,6690.1,6677.7,6689.6,247,0
20240605,230000,6689.6,6689.8,6685.2,6689.8,25,0
20240606,090000,6690.1,6712.6,6690.1,6710.4,2689,0
20240606,100000,6711.9,6714.4,6694.4,6694.6,1451,0
20240606,110000,6694.3,6699.2,6690,6699.2,911,0
20240606,120000,6699.2,6731.2,6699,6731.2,2363,0
20240606,130000,6730.2,6737.3,6712.4,6713,1457,0
20240606,140000,6716.1,6723.5,6707.9,6713.8,2912,0
20240606,150000,6714.9,6720,6698.5,6699.6,3686,0
20240606,160000,6699.9,6729.6,6690,6722.5,1561,0
20240606,170000,6724.5,6743,6724.4,6741,965,0
20240606,180000,6741,6741,6726.2,6738.7,2889,0
20240606,190000,6738,6743,6726.3,6737.9,216,0
20240606,200000,6737.9,6742,6733,6739.3,651,0
20240606,210000,6740.5,6743,6739.3,6743,263,0
20240606,220000,6743,6749.7,6731.3,6731.3,321,0
20240606,230000,6729.3,6743.2,6726.3,6743.2,391,0
20240607,090000,6743.2,6745.7,6705,6719.8,5222,0
20240607,100000,6717.4,6748.9,6710.1,6742.1,1908,0
20240607,110000,6742.1,6742.1,6683,6694.2,6696,0
20240607,120000,6696.1,6696.1,6654.3,6663.7,2140,0
20240607,130000,6664.3,6667,6647.2,6648.7,2144,0
20240607,140000,6648.6,6665.3,6641.3,6663,1847,0
20240607,150000,6663.1,6667,6608.6,6621.4,7661,0
20240607,160000,6620.3,6651.7,6612.5,6615.3,2130,0
20240607,170000,6615.8,6665.1,6615.5,6636.9,4200,0
20240607,180000,6633.3,6637.9,6605,6609.7,6643,0
20240607,190000,6610,6631.7,6604,6628,2113,0
20240607,200000,6629.9,6631.2,6610.4,6615.2,453,0
20240607,210000,6615,6617,6603.3,6605.7,498,0
20240607,220000,6605.8,6606.9,6565,6567,3070,0
20240607,230000,6566,6572.7,6551.8,6572.7,955,0
20240610,090000,6593.1,6603.9,6573.3,6582.5,2929,0
20240610,100000,6584.4,6587.4,6564.6,6568.3,2385,0
20240610,110000,6575,6582.9,6570.1,6576.2,740,0
20240610,120000,6576.2,6579.5,6570,6570,794,0
20240610,130000,6570,6572.6,6555.1,6562,1894,0
20240610,140000,6564,6581,6557.4,6581,1413,0
20240610,150000,6580,6582,6576.5,6582,542,0
20240610,160000,6581.8,6587.6,6562.7,6573.9,867,0
20240610,170000,6575.9,6578.8,6563.8,6576.6,1750,0
20240610,180000,6570.2,6580,6562.7,6567.5,711,0
20240610,190000,6567.2,6578.1,6558,6570.8,744,0
20240610,200000,6575.3,6579.7,6565.9,6577.2,284,0
20240610,210000,6577.2,6577.2,6568,6569.3,186,0
20240610,220000,6569.2,6576.7,6563.1,6569.3,326,0
20240610,230000,6566.4,6573.3,6566.4,6572.3,34,0
20240611,090000,6560.6,6573.2,6560,6570.9,1086,0
20240611,100000,6570.9,6611.9,6563.6,6597.2,3079,0
20240611,110000,6596.7,6605.6,6590.8,6595.1,248,0
20240611,120000,6599.9,6608.8,6593.2,6595,581,0
20240611,130000,6595.1,6602.9,6591.3,6596.8,1352,0
20240611,140000,6593.9,6598,6590,6595,360,0
20240611,150000,6597.9,6618.7,6592.5,6614.5,3585,0
20240611,160000,6614.5,6615.2,6590,6609.5,3567,0
20240611,170000,6609.5,6626.2,6608.5,6617,3556,0
20240611,180000,6617.4,6624,6608.6,6615.2,2777,0
20240611,190000,6621.1,6621.2,6590.5,6599.8,1267,0
20240611,200000,6601.1,6607,6580,6602,1464,0
20240611,210000,6603.5,6609.2,6603.1,6605.3,96,0
20240611,220000,6606.5,6611,6602.7,6606,190,0
20240611,230000,6606,6615.3,6606,6615.3,329,0
20240613,100000,6641.2,6654.8,6529.7,6541.4,19013,0
20240613,110000,6546.4,6561.5,6499.4,6542,10304,0
20240613,120000,6541.4,6541.4,6522.6,6529,3407,0
20240613,130000,6528.9,6541.4,6522.1,6540,1753,0
20240613,140000,6538.1,6538.1,6510.7,6523.5,1714,0
20240613,150000,6524.8,6564.1,6521.4,6545.1,2548,0
20240613,160000,6545,6571.2,6534.7,6566,3011,0
20240613,170000,6566,6573.3,6511.9,6553.7,4977,0
20240613,180000,6553.7,6579,6549.7,6549.7,3930,0
20240613,190000,6545,6547.5,6523.3,6523.3,1499,0
20240613,200000,6524,6542.2,6524,6529.5,1333,0
20240613,210000,6532,6548,6527.3,6548,793,0
20240613,220000,6539.7,6547.2,6528.5,6532.7,324,0
20240613,230000,6534,6543.5,6529.1,6539.9,106,0
20240614,100000,6544.6,6550.1,6536.2,6544.2,2376,0
20240614,110000,6544.2,6551.6,6538,6550.9,835,0
20240614,120000,6551,6569.4,6551,6569.4,1663,0
20240614,130000,6569.3,6593,6569.2,6593,6733,0
20240614,140000,6593,6625,6590.8,6623.1,4222,0
20240614,150000,6623.1,6632.7,6616.9,6618,8511,0
20240614,160000,6623.6,6627.9,6577.1,6599,3700,0
20240614,170000,6600,6630.8,6600,6626,2377,0
20240614,180000,6625.8,6630.8,6597.2,6606,3180,0
20240614,190000,6623.9,6640,6612,6630.7,1247,0
20240614,200000,6622.8,6631.9,6622.8,6631.9,159,0
20240614,210000,6628.8,6631.8,6627.3,6629.7,512,0
20240614,220000,6629.7,6629.9,6626.1,6629,424,0
20240614,230000,6629.4,6630,6627.1,6630,751,0
20240617,100000,6618,6625.9,6561.4,6567.1,7217,0
20240617,110000,6567,6611.1,6567,6605,5862,0
20240617,120000,6605,6609.2,6603.7,6603.7,1716,0
20240617,130000,6603.7,6609.4,6601.2,6607,1367,0
20240617,140000,6607,6611,6560.2,6578,6291,0
20240617,150000,6574.4,6589.7,6542.9,6542.9,3866,0
20240617,160000,6544,6595.2,6542.9,6545,5569,0
20240617,170000,6545.1,6585.9,6515.7,6540.7,10459,0
20240617,180000,6540.6,6544.7,6477.5,6495.7,5371,0
20240617,190000,6485.1,6510.5,6485.1,6500.1,1423,0
20240617,200000,6501.1,6519.6,6490.5,6506.3,1457,0
20240617,210000,6506.3,6519.7,6505.6,6513.7,437,0
20240617,220000,6514.6,6519.6,6513.6,6513.6,180,0
20240617,230000,6513.6,6516.7,6505.5,6512.2,170,0
20240618,100000,6512.2,6519.3,6434.4,6450,10667,0
20240618,110000,6450,6451,6429.8,6434.7,4055,0
20240618,120000,6436.2,6448.2,6428.4,6447.7,4291,0
20240618,130000,6446.8,6472,6445.4,6471.8,2231,0
20240618,140000,6470.4,6490.3,6432,6468.9,5921,0
20240618,150000,6463.9,6468.2,6449.8,6449.9,1267,0
20240618,160000,6449.8,6466.4,6438.9,6465.5,3022,0
20240618,170000,6466.1,6478.2,6457.1,6461,1978,0
20240618,180000,6460.1,6460.1,6435.9,6436.9,3172,0
20240618,190000,6435.3,6459.8,6365.5,6381.3,7788,0
20240618,200000,6379.9,6390,6373,6381.8,1556,0
20240618,210000,6382.9,6392,6382,6391.9,740,0
20240618,220000,6391.9,6404,6382.1,6389,1553,0
20240618,230000,6385.2,6396.4,6380,6385.4,1666,0
20240619,100000,6400,6403,6286.2,6340,23703,0
20240619,110000,6340.9,6343,6283.1,6307.1,9750,0
20240619,120000,6305.8,6313.9,6279.7,6307.8,10028,0
20240619,130000,6307.9,6319.8,6266.3,6293.2,9986,0
20240619,140000,6297.3,6318,6293.2,6313.9,6048,0
20240619,150000,6313.9,6379.3,6312.8,6377,22646,0
20240619,160000,6374.4,6379,6359.9,6375,6018,0
20240619,170000,6374.9,6394.1,6348.1,6350.9,8909,0
20240619,180000,6351,6374.1,6349.4,6374.1,3985,0
20240619,190000,6392,6399.9,6321.5,6357,3103,0
20240619,200000,6355.1,6363.9,6341.9,6363.4,1494,0
20240619,210000,6363.4,6364.9,6346.1,6347.5,653,0
20240619,220000,6353,6359,6348.9,6350.9,168,0
20240619,230000,6355.2,6357,6347.6,6356.9,116,0
20240620,100000,6361,6459.5,6341.9,6440.1,15699,0
20240620,110000,6440.2,6459.5,6420,6444.1,5545,0
20240620,120000,6447.3,6506.3,6429.9,6506.1,6317,0
20240620,130000,6506.1,6510.4,6496.6,6498.6,3561,0
20240620,140000,6498.6,6531.8,6498.6,6522.2,3716,0
20240620,150000,6523.2,6530,6507,6517.9,3557,0
20240620,160000,6518.1,6551,6518.1,6550,3770,0
20240620,170000,6550.1,6563.4,6535.9,6558,6884,0
20240620,180000,6552.1,6588.5,6552.1,6580.1,9770,0
20240620,190000,6589.8,6651.3,6583.7,6616,5874,0
20240620,200000,6615.9,6630.1,6610,6619.4,1543,0
20240620,210000,6619.5,6627.8,6617.1,6621.4,395,0
20240620,220000,6622,6624.8,6580,6589.9,5442,0
20240620,230000,6590,6617,6581,6615,884,0
20240621,100000,6617,6814.4,6590.8,6705,33550,0
20240621,110000,6704.9,6730,6657.7,6689.8,6565,0
20240621,120000,6689.8,6702.3,6604.8,6610.7,11638,0
20240621,130000,6610.6,6625,6587.4,6625,11458,0
20240621,140000,6625,6690.5,6624.6,6669.5,10091,0
20240621,150000,6669.5,6690.3,6656.2,6684,3031,0
20240621,160000,6685.4,6690,6643.8,6647.1,6541,0
20240621,170000,6652.1,6652.1,6582,6598,5887,0
20240621,180000,6597.8,6620,6597.8,6613.7,4103,0
20240621,190000,6617.6,6617.6,6568.6,6576.8,1687,0
20240621,200000,6576.8,6588.6,6550,6553.7,1080,0
20240621,210000,6553.6,6568.2,6541.3,6567,1015,0
20240621,220000,6567,6567.1,6556.3,6558.4,262,0
20240621,230000,6564.2,6600,6560,6577.1,824,0
20240624,100000,6588,6628.4,6558.2,6576.9,6456,0
20240624,110000,6573.2,6577.6,6531.8,6551,3764,0
20240624,120000,6552,6552.2,6514.6,6529.1,4432,0
20240624,130000,6534.5,6545.9,6528.8,6541.4,2584,0
20240624,140000,6541.4,6574.8,6541.4,6562,3686,0
20240624,150000,6567.4,6570.1,6538.5,6540.5,1003,0
20240624,160000,6540.1,6544.9,6525.2,6525.2,1745,0
20240624,170000,6525.4,6530.6,6504.3,6517.2,4925,0
20240624,180000,6517.3,6526.2,6482.7,6502.6,6470,0
20240624,190000,6529.2,6544.6,6470.3,6508,2795,0
20240624,200000,6509.9,6509.9,6500,6507.8,309,0
20240624,210000,6504,6510.4,6479.9,6504.5,963,0
20240624,220000,6506.9,6516,6477,6495.7,2686,0
20240624,230000,6495.2,6508,6495.2,6500.1,620,0
20240625,100000,6503.9,6525,6480.8,6521.3,8076,0
20240625,110000,6519.6,6520.5,6505.1,6514.5,3467,0
20240625,120000,6515.5,6553,6515.5,6543.5,3756,0
20240625,130000,6543.5,6550.6,6537.9,6547.9,2366,0
20240625,140000,6542,6550,6530.3,6543.3,1697,0
20240625,150000,6541.7,6541.7,6525.2,6525.2,646,0
20240625,160000,6525,6536,6521.5,6528.7,933,0
20240625,170000,6535.8,6542.9,6526,6538,2805,0
20240625,180000,6537.3,6545,6531.9,6544.7,1536,0
20240625,190000,6549.7,6550.2,6510.6,6525.1,1956,0
20240625,200000,6520,6528.8,6515.9,6525.3,394,0
20240625,210000,6526,6530.8,6521.5,6530.8,308,0
20240625,220000,6530.8,6532.8,6529.1,6532.8,105,0
20240625,230000,6532.7,6532.8,6521.1,6523.3,250,0
