20230712,090000,5531.2,5549.4,5519.1,5520.8,187,0
20230712,100000,5520.8,5521.8,5497.4,5502.8,3216,0
20230712,110000,5501.2,5511.5,5492.6,5504.9,710,0
20230712,120000,5504.9,5505,5496.9,5502.2,454,0
20230712,130000,5503.3,5508,5496.5,5506.7,532,0
20230712,140000,5504.4,5525,5504.4,5519.8,767,0
20230712,150000,5526,5541.9,5522.9,5539.7,1981,0
20230712,160000,5539.8,5557.4,5522.2,5554.9,438,0
20230712,170000,5554.9,5572.3,5540.7,5555.4,311,0
20230712,180000,5560.4,5565,5555.5,5559.4,50,0
20230712,190000,5555.5,5604,5555.5,5604,137,0
20230712,200000,5604.7,5604.9,5581,5604.9,295,0
20230712,210000,5600.2,5603.5,5587,5600,31,0
20230712,220000,5599,5604.2,5592.9,5604.1,62,0
20230712,230000,5599.9,5600.5,5576,5600.5,99,0
20230713,090000,5597.6,5600,5575,5575,311,0
20230713,100000,5574,5574,5551.1,5551.1,1566,0
20230713,110000,5553.1,5553.2,5506,5506,4765,0
20230713,120000,5510.1,5535.6,5509.3,5535.6,564,0
20230713,130000,5530,5534.2,5508.2,5520.2,476,0
20230713,140000,5513,5519.6,5506.5,5515.9,390,0
20230713,150000,5509.1,5519.9,5506,5511.8,356,0
20230713,160000,5511.8,5516.4,5506.3,5506.4,245,0
20230713,170000,5506.1,5511,5494.1,5500,1093,0
20230713,180000,5501,5525.2,5494.2,5525,1311,0
20230713,190000,5506.8,5785,5506.7,5549,1586,0
20230713,200000,5548.9,5579.5,5540.7,5550,191,0
20230713,210000,5547.2,5550.6,5508.7,5544,577,0
20230713,220000,5543.2,5544.2,5520.2,5544.2,136,0
20230713,230000,5545,5546.2,5544.2,5544.2,667,0
20230714,090000,5545,5545,5474.9,5501.5,1489,0
20230714,100000,5501.6,5513.6,5490,5506.2,371,0
20230714,110000,5511.9,5523,5510,5523,794,0
20230714,120000,5520,5538.5,5516,5521.2,722,0
20230714,130000,5523.9,5532.3,5520,5520,560,0
20230714,140000,5532.1,5535.8,5524.5,5535.8,143,0
20230714,150000,5531.7,5537,5531.6,5537,138,0
20230714,160000,5534.4,5538.8,5528.1,5531.2,461,0
20230714,170000,5536.4,5540,5516,5528.8,150,0
20230714,180000,5525.1,5580,5525.1,5580,650,0
20230714,190000,5555,5574,5543.8,5560,274,0
20230714,200000,5560,5573.1,5556.6,5570,286,0
20230714,210000,5568,5571.4,5567.9,5569,100,0
20230714,220000,5564.5,5566.1,5556.8,5561.5,147,0
20230714,230000,5562.7,5564.3,5556.8,5558.1,40,0
20230717,090000,5570,5570,5544.5,5558.1,641,0
20230717,100000,5565,5567.7,5535.5,5545.2,986,0
20230717,110000,5544.9,5558,5544.9,5557,195,0
20230717,120000,5557,5558,5545,5545,281,0
20230717,130000,5545.1,5553.7,5530,5543.8,388,0
20230717,140000,5539.7,5544,5529.4,5543.9,147,0
20230717,150000,5543.4,5544,5530,5530,279,0
20230717,160000,5529.6,5541,5520,5535.3,1356,0
20230717,170000,5541.9,5558,5538.4,5556.6,428,0
20230717,180000,5557.8,5580.5,5552,5574.5,785,0
20230717,190000,5580.4,5595,5575.3,5577,635,0
20230717,200000,5578.4,5590.2,5577,5587,164,0
20230717,210000,5590,5590.8,5580.9,5584.9,160,0
20230717,220000,5582.2,5589.8,5582.1,5582.1,60,0
20230717,230000,5588.8,5590.7,5583.8,5589.6,57,0
20230718,090000,5588,5591,5572.5,5581,632,0
20230718,100000,5581.4,5591.7,5575,5588.6,714,0
20230718,110000,5589.8,5589.8,5569,5572,775,0
20230718,120000,5569.7,5585,5569.6,5570.9,193,0
20230718,130000,5572,5585.1,5567.3,5584,271,0
20230718,140000,5584.3,5621.2,5584.3,5600.2,1515,0
20230718,150000,5600.2,5610.1,5594.8,5603.3,456,0
20230718,160000,5607.1,5618,5600.3,5600.3,827,0
20230718,170000,5600.2,5644.5,5600,5644.5,1043,0
20230718,180000,5636.3,5642,5628.6,5642,64,0
20230718,190000,5630,5630,5600,5622.2,190,0
20230718,200000,5624,5660,5610,5614.1,364,0
20230718,210000,5614.8,5635.3,5614.7,5635.3,70,0
20230718,220000,5627,5646.8,5625.4,5640,232,0
20230718,230000,5642.5,5643.4,5626.8,5626.8,57,0
20230719,090000,5614,5639.9,5614,5617.9,360,0
20230719,100000,5627.4,5675,5618.5,5673,677,0
20230719,110000,5673,5674.4,5667,5668,273,0
20230719,120000,5667,5671,5654.3,5656.4,1116,0
20230719,130000,5656,5662.9,5653.9,5654.2,226,0
20230719,140000,5655.3,5655.3,5634.1,5654.3,337,0
20230719,150000,5650,5665,5650,5664,53,0
20230719,160000,5664.1,5680.1,5664,5668,235,0
20230719,170000,5664.4,5668.2,5656.7,5660.3,227,0
20230719,180000,5664.7,5664.7,5664,5664,9,0
20230719,190000,5664.7,5673.4,5660,5664.9,98,0
20230719,200000,5667.8,5673.6,5662.6,5668.3,38,0
20230719,210000,5668.3,5668.3,5668.3,5668.3,13,0
20230719,220000,5667.8,5667.8,5666,5667.8,143,0
20230719,230000,5667.8,5667.8,5663.5,5667.8,8,0
20230720,090000,5680,5680,5666.1,5674.6,242,0
20230720,100000,5672,5702.1,5672,5680.4,880,0
20230720,110000,5680.3,5695.1,5680,5684,761,0
20230720,120000,5684,5697,5660.1,5674.1,1719,0
20230720,130000,5674,5689,5674,5680.2,29,0
20230720,140000,5680.2,5684,5667.9,5670.2,122,0
20230720,150000,5672.1,5677.1,5659.1,5664.3,212,0
20230720,160000,5660.1,5677,5660.1,5674.5,84,0
20230720,170000,5667.3,5669,5643.3,5653,652,0
20230720,180000,5653,5658.8,5645,5648.8,219,0
20230720,190000,5646.7,5651.4,5641.8,5641.8,199,0
20230720,200000,5646.8,5651.3,5645,5651.3,249,0
20230720,210000,5646.1,5655,5646,5650.6,69,0
20230720,220000,5648.2,5654.5,5648.2,5648.2,102,0
20230720,230000,5651.9,5653.2,5647,5647,36,0
20230721,090000,5654.9,5655.4,5648,5655,164,0
20230721,100000,5657,5671,5647,5652.3,459,0
20230721,110000,5652.3,5652.4,5623.9,5623.9,557,0
20230721,120000,5631.7,5646,5630,5646,247,0
20230721,130000,5643.1,5646,5606.4,5621.5,668,0
20230721,140000,5621.6,5627.7,5616.4,5627.7,84,0
20230721,150000,5630,5646.8,5629.4,5634.9,274,0
20230721,160000,5634.9,5649.5,5634.9,5649.4,584,0
20230721,170000,5651.6,5667.1,5632.7,5658.9,279,0
20230721,180000,5658.9,5669.7,5658.9,5663.9,120,0
20230721,190000,5668.9,5675,5668.9,5674,143,0
20230721,200000,5674,5677.3,5674,5677,129,0
20230721,210000,5673,5674,5672,5674,30,0
20230721,220000,5671.8,5680,5669,5680,112,0
20230721,230000,5669.1,5671.1,5669,5669,61,0
20230724,090000,5669,5675.7,5659.4,5666.9,496,0
20230724,100000,5666.9,5670,5658,5660.1,109,0
20230724,110000,5660.1,5660.1,5640.1,5641.1,443,0
20230724,120000,5641,5645,5635,5635.7,586,0
20230724,130000,5635.7,5637.5,5633.4,5634,171,0
20230724,140000,5634,5634.7,5631.8,5631.8,758,0
20230724,150000,5631.8,5639.2,5630.1,5636.7,208,0
20230724,160000,5635.7,5639.3,5624.5,5627.8,281,0
20230724,170000,5624.5,5626.5,5620,5620,200,0
20230724,180000,5620,5621.7,5603.5,5608.6,424,0
20230724,190000,5611.3,5620.7,5591.4,5607.4,428,0
20230724,200000,5607.5,5616.8,5607.5,5612.9,109,0
20230724,210000,5610.4,5618,5604.4,5608.6,86,0
20230724,220000,5609,5610.1,5602,5606,86,0
20230724,230000,5611.1,5611.1,5602.2,5602.2,25,0
20230725,090000,5622.5,5622.5,5599,5600,355,0
20230725,100000,5600,5600,5583.9,5588,1870,0
20230725,110000,5588,5589.9,5580.4,5586.2,159,0
20230725,120000,5587,5590.5,5587,5589,239,0
20230725,130000,5590.4,5590.4,5574.5,5585.1,1023,0
20230725,140000,5585,5588.5,5569.8,5587.6,680,0
20230725,150000,5587.6,5607.8,5580.9,5589.4,313,0
20230725,160000,5585.1,5588.5,5579.2,5579.2,172,0
20230725,170000,5584.6,5596.9,5580,5596.9,109,0
20230725,180000,5596.9,5618,5595,5613,901,0
20230725,190000,5614.3,5615,5602,5605.6,494,0
20230725,200000,5604.6,5609.3,5601.9,5609.3,19,0
20230725,210000,5605,5605,5600,5604.3,56,0
20230725,220000,5604.3,5612.9,5604.2,5612,79,0
20230725,230000,5607.7,5609.5,5607.7,5609.5,22,0
20230726,090000,5600.1,5611.9,5597.2,5600.3,1850,0
20230726,100000,5600.3,5604.7,5587.7,5595,1487,0
20230726,110000,5596,5600.1,5594,5595,58,0
20230726,120000,5595,5607.6,5591.4,5605,401,0
20230726,130000,5603.4,5610,5600,5610,29,0
20230726,140000,5610,5613.8,5606.2,5613.8,181,0
20230726,150000,5611.6,5617.9,5608.3,5617.9,76,0
20230726,160000,5617.3,5617.9,5600.5,5603,580,0
20230726,170000,5603,5614.1,5601.9,5614.1,83,0
20230726,180000,5614,5626,5614,5625.6,452,0
20230726,190000,5622.9,5625.6,5603,5603,159,0
20230726,200000,5609.6,5620,5609,5614.4,40,0
20230726,210000,5612.1,5620,5608.1,5620,83,0
20230726,220000,5619.9,5622.2,5614.8,5614.8,13,0
20230726,230000,5619,5619.1,5619,5619,13,0
20230727,090000,5612.9,5628,5602,5605.5,2039,0
20230727,100000,5609.4,5640,5608,5637.4,1174,0
20230727,110000,5637.3,5637.3,5596.1,5605.2,572,0
20230727,120000,5607,5615,5604,5610,254,0
20230727,130000,5610,5615,5606.3,5615,317,0
20230727,140000,5615,5619.8,5606.3,5619.8,324,0
20230727,150000,5619.8,5639.9,5613,5613,973,0
20230727,160000,5613,5618.6,5592,5595.4,2082,0
20230727,170000,5595.4,5604.5,5594.7,5597,548,0
20230727,180000,5598,5605.9,5596.1,5605.9,131,0
20230727,190000,5597.9,5609.4,5597,5602,143,0
20230727,200000,5600,5609.9,5600,5609.2,43,0
20230727,210000,5607.8,5607.8,5600.1,5601,56,0
20230727,220000,5602.6,5607.6,5602.6,5602.6,41,0
20230727,230000,5602.6,5607.4,5602,5607.4,151,0
20230728,090000,5610,5613,5600,5602,241,0
20230728,100000,5602.1,5626.9,5600,5619.6,988,0
20230728,110000,5619.6,5619.6,5612,5612,57,0
20230728,120000,5612.7,5624,5612,5623,311,0
20230728,130000,5620.2,5624,5614,5617.8,293,0
20230728,140000,5621.4,5640,5621.4,5636.2,1135,0
20230728,150000,5639.5,5641,5631,5637.2,233,0
20230728,160000,5639.5,5650.2,5633.1,5645.8,752,0
20230728,170000,5645.8,5683.3,5645.8,5675.2,1121,0
20230728,180000,5680.9,5687.2,5665,5668,604,0
20230728,190000,5672,5688.2,5670.3,5676.7,280,0
20230728,200000,5676.7,5688.2,5671,5677.4,385,0
20230728,210000,5671.7,5687,5670.6,5685,488,0
20230728,220000,5678,5684,5672.6,5684,16,0
20230728,230000,5677.5,5682.8,5675.6,5682.8,32,0
20230731,090000,5683.2,5710.5,5683.2,5707.6,866,0
20230731,100000,5706.9,5710.1,5656.1,5666.9,1454,0
20230731,110000,5661.5,5668.2,5650.1,5658.7,2495,0
20230731,120000,5662.6,5685.4,5657.1,5678.2,672,0
20230731,130000,5685.4,5685.4,5669.2,5670.7,63,0
20230731,140000,5675.9,5680.4,5670,5679,1077,0
20230731,150000,5678.5,5696.8,5675.4,5691.8,610,0
20230731,160000,5692,5698.9,5684.3,5693.6,535,0
20230731,170000,5694,5707,5693.2,5705.4,270,0
20230731,180000,5701.8,5716,5700,5710.7,373,0
20230731,190000,5710.3,5710.3,5689.6,5698,170,0
20230731,200000,5705.5,5705.5,5695.2,5695.5,70,0
20230731,210000,5701.3,5708,5699.4,5704.4,52,0
20230731,220000,5700.7,5705,5700,5700,26,0
20230731,230000,5703,5705.1,5703,5705.1,13,0
20230801,090000,5698.3,5706.2,5677.9,5690,576,0
20230801,100000,5691,5693,5672.5,5693,1892,0
20230801,110000,5692,5710,5686.1,5710,382,0
20230801,120000,5707.3,5710,5701.5,5702.7,361,0
20230801,130000,5708.3,5710,5696.2,5696.9,172,0
20230801,140000,5698.6,5701.5,5693.1,5695.7,306,0
20230801,150000,5695.6,5695.8,5690.7,5695.7,159,0
20230801,160000,5695.7,5709,5691,5707.1,2460,0
20230801,170000,5709,5720.2,5701,5707.3,4172,0
20230801,180000,5703.7,5713.8,5701,5713.8,4666,0
20230801,190000,5713.8,5723,5705.3,5723,402,0
20230801,200000,5722.7,5724.3,5709.2,5709.2,88,0
20230801,210000,5722,5722,5719.2,5720.1,9,0
20230801,220000,5720,5726.4,5717.4,5723,23,0
20230801,230000,5726.7,5730,5722.4,5728.5,60,0
20230802,090000,5729,5729,5707,5714.5,635,0
20230802,100000,5713.7,5723.3,5705,5722.5,159,0
20230802,110000,5725.6,5742.4,5717.5,5740.5,533,0
20230802,120000,5743,5762.7,5741.1,5757,671,0
20230802,130000,5757,5779.4,5754.2,5772.2,794,0
20230802,140000,5776.5,5780,5746,5764.7,1206,0
20230802,150000,5764,5764,5726.8,5758,964,0
20230802,160000,5755.1,5784.5,5755,5772.9,1303,0
20230802,170000,5767,5775.1,5757.5,5773.6,482,0
20230802,180000,5773,5781.1,5762.5,5767.8,380,0
20230802,190000,5781.1,5782,5763.2,5774.1,266,0
20230802,200000,5774.1,5788.3,5774.1,5786,181,0
20230802,210000,5786.1,5786.1,5780,5780,86,0
20230802,220000,5783,5783,5780.5,5781.5,8,0
20230802,230000,5781.5,5782.9,5776.2,5776.3,62,0
20230803,090000,5776.2,5800,5743.7,5753.8,851,0
20230803,100000,5753.8,5753.8,5723.1,5732.5,568,0
20230803,110000,5732.5,5739.5,5724,5736,739,0
20230803,120000,5736,5760,5732.3,5750,1866,0
20230803,130000,5750,5764.8,5747.9,5760,8049,0
20230803,140000,5760,5768,5745.1,5768,1791,0
20230803,150000,5768,5787.3,5749.9,5760,259,0
20230803,160000,5762.8,5778,5752.2,5769.6,410,0
20230803,170000,5769.6,5798.9,5765.1,5792,204,0
20230803,180000,5788.6,5798,5782.8,5796.9,356,0
20230803,190000,5800,5800,5791.9,5799.8,113,0
20230803,200000,5794.7,5800,5791.6,5791.6,39,0
20230803,210000,5791.6,5792.4,5789.5,5790.5,134,0
20230803,220000,5790.5,5800,5786.9,5800,1346,0
20230803,230000,5800,5803.5,5798.5,5800,1640,0
20230804,090000,5800,5810,5785,5794.9,2153,0
20230804,100000,5795.5,5813.3,5788.8,5798.6,856,0
20230804,110000,5800,5806,5787.7,5805.3,147,0
20230804,120000,5805.3,5820,5801.2,5812.5,607,0
20230804,130000,5813.4,5825.1,5812.1,5821.7,567,0
20230804,140000,5825,5826.3,5815.1,5820.5,132,0
20230804,150000,5820.5,5841.4,5810,5834.7,347,0
20230804,160000,5840,5864.2,5828.8,5863.2,767,0
20230804,170000,5857.9,5897.3,5851,5897.3,5507,0
20230804,180000,5892.6,5894.3,5864.1,5888.6,328,0
20230804,190000,5889.1,5889.4,5819.8,5860.2,2407,0
20230804,200000,5861.6,5881.9,5860,5867.2,185,0
20230804,210000,5870,5885,5867.8,5870,87,0
20230804,220000,5874.5,5874.5,5867.4,5867.4,85,0
20230804,230000,5867.4,5872.3,5860,5868,305,0
20230807,090000,5885,5910.3,5850,5900.4,1914,0
20230807,100000,5897.5,5940,5895.1,5932,2823,0
20230807,110000,5931.5,5935,5918.1,5928.5,1341,0
20230807,120000,5935,5945,5930.1,5930.1,609,0
20230807,130000,5930.1,5941.6,5918,5919.9,2304,0
20230807,140000,5920,5920.1,5900.2,5910,4579,0
20230807,150000,5910.2,5930.4,5905.9,5930.4,2127,0
20230807,160000,5934,5944.6,5904,5904,454,0
20230807,170000,5903.1,5913.2,5836.5,5877,1444,0
20230807,180000,5868.1,5878.3,5852,5860.5,650,0
20230807,190000,5852,5912,5851,5863.8,715,0
20230807,200000,5864,5864,5847,5859.1,82,0
20230807,210000,5859,5879,5859,5877,115,0
20230807,220000,5870.2,5879,5870,5870,149,0
20230807,230000,5870,5877.4,5863,5867.3,32,0
20230808,090000,5900,5900,5861.7,5884.3,408,0
20230808,100000,5883.2,5905,5881,5882.2,442,0
20230808,110000,5881.9,5903.2,5872,5895.2,366,0
20230808,120000,5891.9,5893.7,5869.3,5893.7,344,0
20230808,130000,5900,5902,5886.1,5886.1,81,0
20230808,140000,5891.5,5908,5891.5,5903.5,186,0
20230808,150000,5903.8,5920,5896.5,5912.5,323,0
20230808,160000,5920,5929.8,5917.3,5920,290,0
20230808,170000,5920,5974.3,5920,5941.6,1427,0
20230808,180000,5952.5,5956.7,5933.2,5953.7,571,0
20230808,190000,5953,5960,5952,5952,156,0
20230808,200000,5951.1,5959.5,5944.8,5951.1,69,0
20230808,210000,5955,5957.5,5955,5957.5,6,0
20230808,220000,5957.5,5962,5957.5,5961,53,0
20230808,230000,5963,5975,5962.8,5975,137,0
20230809,090000,5959,5975,5900,5970.8,517,0
20230809,100000,5970.7,5975,5954.3,5961.5,651,0
20230809,110000,5964,5974.9,5955.7,5957,530,0
20230809,120000,5956.7,5976,5956.6,5963.6,496,0
20230809,130000,5968.9,5970,5960,5962.5,170,0
20230809,140000,5963.1,5976.7,5955.8,5966,651,0
20230809,150000,5964.7,5972.4,5963.1,5972,118,0
20230809,160000,5961.3,5980,5960,5978.4,369,0
20230809,170000,5972.8,5979.8,5954.7,5955.7,1659,0
20230809,180000,5954.7,5954.7,5920,5936,984,0
20230809,190000,5936,5947.4,5840,5918,1187,0
20230809,200000,5918,5921,5911.7,5920.5,496,0
20230809,210000,5920.5,5942,5920.5,5925,340,0
20230809,220000,5929,5930,5924.4,5924.4,194,0
20230809,230000,5924.2,5932.5,5915.5,5932.5,311,0
20230810,090000,5920,5930,5904.9,5928.5,463,0
20230810,100000,5925.3,5925.3,5889.5,5913.9,624,0
20230810,110000,5915.2,5953.1,5915.2,5938,532,0
20230810,120000,5938.2,5962.8,5935,5962.8,476,0
20230810,130000,5957,5970,5946.8,5970,319,0
20230810,140000,5970,5975.2,5954,5961.3,466,0
20230810,150000,5963,5972.6,5950,5966,1584,0
20230810,160000,5966,5974,5955,5970,155,0
20230810,170000,5963.1,5990,5961.4,5980.6,560,0
20230810,180000,5980.5,5990,5977,5990,206,0
20230810,190000,5989,5995,5986.8,5988.2,261,0
20230810,200000,5989.2,6000,5987.5,5987.7,327,0
20230810,210000,5988.2,5988.8,5968.6,5978.5,298,0
20230810,220000,5978.6,5978.6,5971,5971,17,0
20230810,230000,5973,5976,5973,5975.9,82,0
20230811,090000,5985,6000,5975.9,5991.6,406,0
20230811,100000,5996.7,6000,5976,5999.7,385,0
20230811,110000,5996.1,6017.3,5990,6009.8,1031,0
20230811,120000,6009.8,6031.6,6009.7,6018.5,1302,0
20230811,130000,6018.5,6026.9,6011.1,6017.1,137,0
20230811,140000,6019.5,6044.6,6015.1,6029.7,299,0
20230811,150000,6042.3,6054.4,6027.8,6042.3,2189,0
20230811,160000,6046.6,6072.4,6040.2,6057.2,3523,0
20230811,170000,6057.4,6066.8,6055.1,6065.4,670,0
20230811,180000,6065.7,6081.7,6065.4,6081,687,0
20230811,190000,6081.2,6123,6081.2,6118.9,512,0
20230811,200000,6118.9,6124.5,6103,6103.9,367,0
20230811,210000,6103.9,6111,6093.8,6093.8,166,0
20230811,220000,6093.2,6131.5,6092.8,6106.3,179,0
20230811,230000,6105.4,6119.9,6102.1,6105.3,155,0
20230814,090000,6121.3,6145.3,6107.7,6137.5,838,0
20230814,100000,6139,6402.8,6132,6169.3,5192,0
20230814,110000,6173.5,6180,6154.5,6163,2957,0
20230814,120000,6161,6184.9,6145,6184.9,922,0
20230814,130000,6185,6217.8,6181.1,6210.1,1518,0
20230814,140000,6203.5,6203.5,6173.7,6188.4,2687,0
20230814,150000,6188.2,6202.9,6162.9,6190.5,906,0
20230814,160000,6190,6200,6176.4,6178,347,0
20230814,170000,6178,6184,5955.6,6026.5,5322,0
20230814,180000,6024.7,6028.4,5900,5927.1,3400,0
20230814,190000,5939.1,5940,5910,5917,558,0
20230814,200000,5920,5929.4,5870.8,5877.8,583,0
20230814,210000,5872.5,5909.2,5870.1,5899.4,352,0
20230814,220000,5898.5,5900,5858.9,5869,360,0
20230814,230000,5873.5,5881.6,5851.9,5864,462,0
20230815,090000,5817.6,5860,5790,5799,2315,0
20230815,100000,5798.1,5990,5781.4,5965.4,7234,0
20230815,110000,5953.7,5967.9,5901.9,5934.7,1201,0
20230815,120000,5933.7,5948.5,5921.9,5938.4,2429,0
20230815,130000,5941,5943.1,5928,5931.8,631,0
20230815,140000,5935.8,6011,5933.8,6000.3,928,0
20230815,150000,6001.4,6011.1,5960.5,5982.1,591,0
20230815,160000,5994.8,6007,5986.2,5996,302,0
20230815,170000,5996,6040,5995,6020.6,647,0
20230815,180000,6025.9,6026.9,5865,5911.2,2000,0
20230815,190000,5915,5940.5,5881.5,5903,546,0
20230815,200000,5895.2,5903.4,5895.2,5903.4,40,0
20230815,210000,5897.1,5897.1,5876,5878,215,0
20230815,220000,5875.9,5888,5849.5,5850.1,179,0
20230815,230000,5850,5860,5850,5851,154,0
20230816,090000,5900,5909.9,5868.9,5870.1,3072,0
20230816,100000,5870.2,5917.5,5870,5885.1,6500,0
20230816,110000,5880.3,5890.5,5869,5875.4,1080,0
20230816,120000,5874.1,5881.9,5855.5,5856.2,1206,0
20230816,130000,5862.5,5863.7,5843.9,5848.5,305,0
20230816,140000,5845,5846.4,5800,5800,551,0
20230816,150000,5797,5811,5749.6,5762.1,2494,0
20230816,160000,5769,5774.3,5744,5757.6,352,0
20230816,170000,5757,5780,5718.2,5733.1,1068,0
20230816,180000,5731.9,5757.6,5708,5738,485,0
20230816,190000,5738,5745,5721.1,5725,324,0
20230816,200000,5730.6,5736.5,5704.3,5711.7,1289,0
20230816,210000,5710,5722.8,5701.6,5714.3,299,0
20230816,220000,5715,5725.9,5707.5,5710.6,106,0
20230816,230000,5713,5724.8,5710,5724.8,119,0
20230817,090000,5700,5780,5673,5753.3,1699,0
20230817,100000,5753.5,5765,5667.3,5709.9,5322,0
20230817,110000,5709.9,5725.9,5693.9,5701.4,915,0
20230817,120000,5701.4,5701.4,5597.7,5598.1,2778,0
20230817,130000,5600,5650,5593.2,5629.6,2208,0
20230817,140000,5628.8,5650,5620,5647,1305,0
20230817,150000,5646,5657,5633.4,5653.1,790,0
20230817,160000,5656.4,5679.8,5655.6,5676,178,0
20230817,170000,5676,5680,5642,5660,647,0
20230817,180000,5655,5662.7,5638.9,5654.5,627,0
20230817,190000,5640.1,5644.2,5611.2,5619.4,503,0
20230817,200000,5618.9,5622.9,5603.3,5614.1,495,0
20230817,210000,5614.1,5617.6,5611.8,5617.6,63,0
20230817,220000,5620,5622.9,5619,5622.9,90,0
20230817,230000,5622.9,5634.8,5622.9,5627.1,62,0
20230818,090000,5639.1,5654.9,5622.8,5640.2,534,0
20230818,100000,5640.2,5656.8,5583.7,5600,1765,0
20230818,110000,5597,5606.2,5580.1,5606.2,1025,0
20230818,120000,5607.7,5633.5,5600.3,5632.8,464,0
20230818,130000,5632.7,5672.5,5632.7,5659.2,3898,0
20230818,140000,5659.1,5678.4,5650,5661,1728,0
20230818,150000,5661,5682,5643.8,5651.9,2229,0
20230818,160000,5647.4,5669.2,5642,5667.6,620,0
20230818,170000,5666,5687.9,5663.3,5666.2,652,0
20230818,180000,5667,5667,5652,5657.6,476,0
20230818,190000,5657,5657,5646.9,5646.9,76,0
20230818,200000,5647.1,5656.6,5647.1,5654,130,0
20230818,210000,5656.6,5670.4,5648.7,5662,142,0
20230818,220000,5662.6,5671.3,5661.4,5671,108,0
20230818,230000,5671,5671,5665,5671,73,0
20230821,090000,5661.4,5661.4,5644.3,5658.1,583,0
20230821,100000,5659,5713,5650.3,5711.5,2228,0
20230821,110000,5707,5713.8,5696.4,5698.1,1830,0
20230821,120000,5701.9,5708.6,5690.7,5708.6,2345,0
20230821,130000,5708.8,5735,5688.5,5712.6,893,0
20230821,140000,5716,5724.9,5709.3,5722.4,466,0
20230821,150000,5722.4,5724.3,5711.5,5715,2311,0
20230821,160000,5713,5713,5646.1,5646.1,3680,0
20230821,170000,5648.9,5666.4,5646.1,5661.9,236,0
20230821,180000,5661,5664,5644.8,5657.3,732,0
20230821,190000,5662.9,5665.6,5656.6,5665.6,84,0
20230821,200000,5669.7,5694.4,5669.7,5687.6,269,0
20230821,210000,5685.2,5685.2,5672.2,5676,60,0
20230821,220000,5676,5683.7,5674.7,5683.7,68,0
20230821,230000,5683.3,5683.3,5676,5676,2,0
20230822,090000,5702.4,5719.9,5683.4,5692.3,206,0
20230822,100000,5699.7,5747.8,5699.7,5736,800,0
20230822,110000,5729.6,5729.6,5707.5,5725,322,0
20230822,120000,5725,5732,5717.8,5727,236,0
20230822,130000,5726,5730,5717,5722.1,308,0
20230822,140000,5722,5726.9,5719.9,5725,227,0
20230822,150000,5724,5724,5713.3,5718.5,152,0
20230822,160000,5716,5719,5701.3,5712.3,445,0
20230822,170000,5718.9,5723,5702.9,5705,147,0
20230822,180000,5707.7,5726,5704,5718.4,83,0
20230822,190000,5728.3,5738.1,5728.3,5734.7,94,0
20230822,200000,5735,5738,5729,5738,37,0
20230822,210000,5733.1,5738.4,5729.1,5729.1,53,0
20230822,220000,5730,5730,5729,5729.9,95,0
20230822,230000,5730,5730,5710,5710,53,0
20230823,090000,5743.7,5771.5,5730.1,5763.6,483,0
20230823,100000,5760.1,5771.2,5753.9,5760,375,0
20230823,110000,5761.2,5779.4,5750.6,5770,654,0
20230823,120000,5770.8,5774.7,5760,5760,267,0
20230823,130000,5761.2,5763.4,5757.1,5758.2,83,0
20230823,140000,5762.8,5763.8,5755.3,5762.6,479,0
20230823,150000,5762.6,5763.8,5750,5759.1,223,0
20230823,160000,5752,5788,5751.5,5788,740,0
20230823,170000,5788,5798,5767.1,5798,672,0
20230823,180000,5798,5810.9,5794,5795.7,749,0
20230823,190000,5800.6,5819.1,5795,5819,225,0
20230823,200000,5819.4,5833.1,5815.5,5830.9,288,0
20230823,210000,5830,5850,5830,5850,500,0
20230823,220000,5850,5946.2,5822.5,5840,1840,0
20230823,230000,5840,5857,5832.4,5849.1,335,0
20230824,090000,5853,5880.1,5831,5845.7,889,0
20230824,100000,5844.7,5844.7,5818.2,5833.4,682,0
20230824,110000,5833.8,5847.6,5830.1,5843,303,0
20230824,120000,5842.3,5843,5837,5841.9,105,0
20230824,130000,5841.9,5845,5821.1,5844.6,375,0
20230824,140000,5847.2,5847.6,5826.8,5831.1,143,0
20230824,150000,5840.7,5844.4,5829.4,5832.7,506,0
20230824,160000,5832.6,5836,5828.9,5832,325,0
20230824,170000,5839.9,5860.6,5839.9,5859.9,260,0
20230824,180000,5859.9,5873,5858.2,5873,250,0
20230824,190000,5863.8,5873,5857.7,5857.7,202,0
20230824,200000,5862.8,5876.3,5855.1,5855.1,247,0
20230824,210000,5861,5881.9,5854.9,5859.5,297,0
20230824,220000,5864.3,5864.3,5857.1,5861,6,0
20230824,230000,5864,5866.3,5850,5864.8,50,0
20230825,090000,5853.1,5865,5842.3,5853.6,519,0
20230825,100000,5845.8,5875.6,5845.8,5856.9,322,0
20230825,110000,5856.9,5864.1,5835.4,5852.3,658,0
20230825,120000,5854.5,5859.1,5847.5,5856.1,74,0
20230825,130000,5857.5,5861.6,5854.6,5861.6,120,0
20230825,140000,5858.6,5861.6,5855,5861.5,128,0
20230825,150000,5861.6,5869.6,5861.4,5864.6,283,0
20230825,160000,5870.1,5891.8,5865,5890,563,0
20230825,170000,5891.8,5914.9,5851.1,5879.2,1089,0
20230825,180000,5880,5894,5863.7,5892.5,201,0
20230825,190000,5895.2,5905.9,5879.5,5898.6,169,0
20230825,200000,5902.9,5907.7,5898.6,5905,87,0
20230825,210000,5908.5,5910,5903.4,5909.8,146,0
20230825,220000,5909.8,5910,5905.8,5909.8,28,0
20230825,230000,5909.8,5910,5884.5,5890.3,149,0
20230828,090000,5896.6,5935.2,5896.6,5928.6,894,0
20230828,100000,5922.2,5941.6,5916.8,5930.8,703,0
20230828,110000,5931,5938.6,5916.8,5918,245,0
20230828,120000,5916.8,5921.8,5905.4,5913.6,621,0
20230828,130000,5913.4,5916.8,5897.8,5912.6,760,0
20230828,140000,5913.4,5919.3,5904.4,5914.4,117,0
20230828,150000,5913.4,5922,5905,5919.1,179,0
20230828,160000,5922,5922,5907.5,5919.3,503,0
20230828,170000,5921,5940.7,5916.3,5933,187,0
20230828,180000,5933,5948,5929.2,5948,363,0
20230828,190000,5948,5950,5923,5937.7,675,0
20230828,200000,5933.7,5934.2,5925,5934.2,79,0
20230828,210000,5931,5941.3,5931,5935,68,0
20230828,220000,5938.8,5941.3,5935.1,5941.3,10,0
20230828,230000,5935.2,5941.3,5935.2,5941.3,56,0
20230829,090000,5939.1,5955.5,5935.3,5948,679,0
20230829,100000,5947,5959.5,5932.1,5953.5,304,0
20230829,110000,5954.9,5954.9,5929.7,5940,262,0
20230829,120000,5940,5940,5931,5932.4,261,0
20230829,130000,5933.9,5983.2,5933.9,5980.1,2065,0
20230829,140000,5973.3,5990.2,5961,5961,3740,0
20230829,150000,5963.8,5980.5,5958.4,5969.8,841,0
20230829,160000,5965.8,5969.9,5957.1,5960,155,0
20230829,170000,5966.7,5985.2,5966,5973,302,0
20230829,180000,5973.6,5989.6,5966.6,5972.3,277,0
20230829,190000,5975,5987.3,5964.4,5974.7,253,0
20230829,200000,5975.4,5996.9,5964.4,5987,189,0
20230829,210000,5980.2,5980.2,5974.2,5980,57,0
20230829,220000,5980,5980,5976.4,5976.5,142,0
20230829,230000,5979.9,5980,5975.4,5980,131,0
20230830,090000,5974.2,5995,5974.2,5994.4,630,0
20230830,100000,5993.7,6000,5983.4,5996.5,428,0
20230830,110000,5999.7,6000.6,5986.8,5997.6,456,0
20230830,120000,5992.3,6014.1,5987.8,5999.5,554,0
20230830,130000,5999.5,6011.9,5995.8,6005,175,0
20230830,140000,6005.2,6016.2,6005,6009.5,246,0
20230830,150000,6009.5,6027,6008,6019,364,0
20230830,160000,6021.8,6029,6017,6023,502,0
20230830,170000,6027.4,6037.5,6008,6022,574,0
20230830,180000,6022,6034.8,6021,6030.8,110,0
20230830,190000,6028,6030,6027,6030,149,0
20230830,200000,6030,6033.3,6027.1,6027.1,140,0
20230830,210000,6027.1,6037.8,6026.7,6035.2,54,0
20230830,220000,6030.9,6032,6020.1,6025,60,0
20230830,230000,6030.5,6037.7,6020.9,6020.9,79,0
20230831,090000,6024,6030.3,6024,6025.3,59,0
20230831,100000,6029.9,6055.7,6029.9,6048,475,0
20230831,110000,6045,6051,6040,6042.4,481,0
20230831,120000,6047.7,6047.7,6021.3,6026.3,1162,0
20230831,130000,6026.4,6041.6,6021.9,6037.3,1958,0
20230831,140000,6030,6030,6020.1,6029.2,245,0
20230831,150000,6029.1,6029.1,5996.2,6002.5,1693,0
20230831,160000,6000,6000,5972.1,5980.5,905,0
20230831,170000,5980,5995,5975.9,5989.7,789,0
20230831,180000,5992.9,5995,5986,5994,165,0
20230831,190000,5995,6007.2,5983.6,6004.5,244,0
20230831,200000,6000.1,6016.8,5998.6,6004.6,413,0
20230831,210000,6004,6008.5,6000.6,6008.5,50,0
20230831,220000,6008.7,6014,5992.4,6001.7,59,0
20230831,230000,6002.9,6002.9,5984.4,5991.9,119,0
20230901,090000,5984.7,6002.6,5975.1,5992,490,0
20230901,100000,5987.8,6010.2,5987.7,6010.2,374,0
20230901,110000,6010,6015.6,6003.9,6010,168,0
20230901,120000,6009.1,6027.6,6009.1,6026.5,398,0
20230901,130000,6026.5,6041.4,6017.2,6031.3,1184,0
20230901,140000,6032.1,6050.7,6024,6035,613,0
20230901,150000,6036.1,6051.2,6021.9,6046,1129,0
20230901,160000,6036.9,6042.5,6001.1,6001.1,2696,0
20230901,170000,6001.1,6004.1,5980.9,6001.4,4594,0
20230901,180000,6002.9,6021.4,6002.9,6021.4,289,0
20230901,190000,6003.4,6040.5,6003.2,6022,222,0
20230901,200000,6020.2,6035,6020.2,6035,45,0
20230901,210000,6028,6028,6023.4,6023.4,21,0
20230901,220000,6023.4,6027.4,6019.2,6019.2,21,0
20230901,230000,6020.6,6020.6,6014.8,6014.8,10,0
20230904,090000,6017.6,6047.4,6017.6,6039.3,291,0
20230904,100000,6039.3,6046.1,6031.3,6046.1,687,0
20230904,110000,6046,6048,6040,6046.5,230,0
20230904,120000,6047.9,6048,6030.6,6039.5,221,0
20230904,130000,6035.3,6041.5,6030.6,6036.8,551,0
20230904,140000,6037.1,6046.1,6035.1,6046.1,327,0
20230904,150000,6046,6048,6040,6044.9,297,0
20230904,160000,6040.7,6041.7,6035.2,6036.6,194,0
20230904,170000,6036.6,6038.4,6016.3,6038.4,1077,0
20230904,180000,6031,6049,6025,6046.2,766,0
20230904,190000,6028.1,6039.7,6028,6039,90,0
20230904,200000,6043.1,6045,6039.4,6045,14,0
20230904,210000,6045.4,6047.8,6036.7,6036.7,163,0
20230904,220000,6047.6,6047.8,6035.1,6038.7,40,0
20230904,230000,6045.7,6047.7,6040.2,6047.7,76,0
20230905,090000,6047.8,6058.8,6044.5,6053.6,766,0
20230905,100000,6054.2,6064.8,6049.9,6062.6,1025,0
20230905,110000,6063.9,6073.2,6057.9,6060.9,812,0
20230905,120000,6060.9,6060.9,6049.1,6053.3,317,0
20230905,130000,6053.1,6065,6048.3,6060.9,560,0
20230905,140000,6060,6064.5,6057,6057,237,0
20230905,150000,6057.1,6070,6055.5,6066.4,436,0
20230905,160000,6066.8,6074,6058.4,6062.8,902,0
20230905,170000,6064.6,6075,6064.1,6075,409,0
20230905,180000,6075,6084.5,6073.1,6084.5,657,0
20230905,190000,6085.5,6094.6,6078.1,6085,152,0
20230905,200000,6089.6,6090,6083,6083,295,0
20230905,210000,6082.6,6085.5,6078.9,6080.1,40,0
20230905,220000,6080.2,6085.1,6080,6085.1,27,0
20230905,230000,6085.2,6089.9,6085.2,6089.8,62,0
20230906,090000,6089.9,6097,5796,6038.8,4981,0
20230906,100000,6043.6,6074.3,6040.4,6059.5,1271,0
20230906,110000,6058.3,6074.7,6050.1,6073.7,1683,0
20230906,120000,6073,6087.9,6073,6078.4,459,0
20230906,130000,6076.7,6103.8,6074.3,6084.6,2196,0
20230906,140000,6084.5,6094.5,6075.2,6076,622,0
20230906,150000,6076.2,6092,6075.1,6080.7,298,0
20230906,160000,6080.6,6097,6071.1,6097,1043,0
20230906,170000,6097,6097,6065.3,6087.1,622,0
20230906,180000,6087.1,6094.9,6083.7,6092,583,0
20230906,190000,6093.6,6101.3,6076,6085.9,1002,0
20230906,200000,6087.3,6090.4,6084.1,6084.1,44,0
20230906,210000,6083.6,6083.6,6070,6072.9,325,0
20230906,220000,6076.8,6095.6,6076.2,6081.7,135,0
20230906,230000,6080.5,6081.1,6080.5,6080.5,3,0
20230907,090000,6067.4,6086,6060.6,6081.4,193,0
20230907,100000,6080.2,6086.9,6073,6086.9,257,0
20230907,110000,6087,6087.6,6067.5,6079.9,105,0
20230907,120000,6080,6089.1,6077.9,6089.1,172,0
20230907,130000,6089.1,6090,6084.7,6084.7,653,0
20230907,140000,6084.5,6084.5,6019.7,6059.5,2490,0
20230907,150000,6060.2,6071.8,6050.8,6060.6,425,0
20230907,160000,6057.2,6064.7,6045,6057.8,216,0
20230907,170000,6064.2,6078,6061.6,6074,396,0
20230907,180000,6071.9,6089.6,6071.9,6078.2,620,0
20230907,190000,6089.9,6096.9,6076,6079.2,117,0
20230907,200000,6076,6085.7,6075.8,6085.7,43,0
20230907,210000,6081.9,6086.2,6077.1,6086.2,40,0
20230907,220000,6082.3,6082.3,6082.3,6082.3,8,0
20230907,230000,6085.1,6085.7,6082.6,6084.4,45,0
20230908,090000,6085,6096.6,6082.5,6090,120,0
20230908,100000,6090,6090,6060.1,6060.1,418,0
20230908,110000,6060.1,6060.1,6038,6041.8,1282,0
20230908,120000,6045,6066.6,6045,6047.5,298,0
20230908,130000,6047.5,6063,6047.5,6060.2,103,0
20230908,140000,6062.3,6063.6,6053.5,6060.9,168,0
20230908,150000,6059.8,6066.1,6050,6050,293,0
20230908,160000,6052.7,6065,6045.2,6061.5,198,0
20230908,170000,6062.5,6074.4,6055,6065,283,0
20230908,180000,6065,6065,6040,6042.1,293,0
20230908,190000,6040,6040.6,5945,6027.1,2231,0
20230908,200000,6027.1,6033.7,6027.1,6033.7,76,0
20230908,210000,6033.9,6033.9,6027.1,6027.1,117,0
20230908,220000,6027.8,6039.5,6021.4,6026.7,303,0
20230908,230000,6031.2,6031.2,6022.3,6022.3,31,0
20230911,090000,6000,6005,5972.5,5984.6,1552,0
20230911,100000,5982,5997.3,5976,5980.8,473,0
20230911,110000,5977.4,5978,5933,5939.6,1456,0
20230911,120000,5940,5960,5940,5943.2,479,0
20230911,130000,5943.2,5958.9,5940.1,5952.4,3531,0
20230911,140000,5955.8,5958.1,5940.1,5945,187,0
20230911,150000,5944.2,5950,5933.7,5950,186,0
20230911,160000,5945.1,5945.7,5904,5914.5,633,0
20230911,170000,5910.9,5913.3,5890,5890,948,0
20230911,180000,5893.4,5893.4,5865,5865,861,0
20230911,190000,5865,5865,5848.9,5862.6,855,0
20230911,200000,5861.8,5885,5840,5866.6,1314,0
20230911,210000,5866.5,5876.1,5840,5860,234,0
20230911,220000,5860.1,5860.2,5841,5849.6,142,0
20230911,230000,5845,5859,5845,5858.2,26,0
20230912,090000,5797,5815,5757.4,5779,2215,0
20230912,100000,5778.9,5840,5777.5,5830,1326,0
20230912,110000,5826.1,5862.5,5826.1,5852.8,1453,0
20230912,120000,5852.8,5865.5,5830.5,5835,814,0
20230912,130000,5835,5835.8,5810.2,5812.3,652,0
20230912,140000,5813,5823,5797.2,5800,895,0
20230912,150000,5800,5800,5756.7,5787,1104,0
20230912,160000,5787.2,5830,5783.9,5830,537,0
20230912,170000,5828,5830.9,5816.6,5825.3,1193,0
20230912,180000,5825.3,5833.8,5812.3,5832.8,127,0
20230912,190000,5849.8,5849.8,5819.7,5839.4,88,0
20230912,200000,5839.9,5850.1,5839,5842.3,179,0
20230912,210000,5843,5848.9,5835.8,5839.7,43,0
20230912,220000,5840,5841.3,5838.6,5838.7,44,0
20230912,230000,5838.6,5838.6,5830,5831,14,0
20230913,130000,5848,5888,5848,5867.8,431,0
20230913,140000,5872.3,5892.5,5867.5,5892,273,0
20230913,150000,5891,5907.7,5875.7,5899,683,0
20230913,160000,5899.3,5919.8,5896,5914.2,322,0
20230913,170000,5916.8,5920,5899.2,5903.8,277,0
20230913,180000,5907.5,5910,5880,5891.3,175,0
20230913,190000,5893.5,5898.1,5890.1,5892.1,43,0
20230913,200000,5892.1,5897.8,5892.1,5897.1,36,0
20230913,210000,5898,5916,5898,5903,235,0
20230913,220000,5901.3,5902.9,5897.1,5897.1,42,0
20230913,230000,5897.8,5902.9,5897.8,5902.9,5,0
20230914,090000,5907.8,5935.6,5892.4,5892.4,891,0
20230914,100000,5892.3,5892.4,5855.3,5865.5,721,0
20230914,110000,5866.6,5893.1,5855.1,5890.8,660,0
20230914,120000,5891.5,5906.5,5875.5,5880,218,0
20230914,130000,5874.6,5886.2,5870.6,5883.5,305,0
20230914,140000,5883.5,5883.6,5873,5874.8,93,0
20230914,150000,5875.5,5875.5,5852,5872.6,408,0
20230914,160000,5867.8,5887,5862.6,5886.3,729,0
20230914,170000,5883.2,5899.8,5881.2,5882.8,163,0
20230914,180000,5887.7,5916,5887.7,5903.7,260,0
20230914,190000,5907,5933.6,5907,5915.9,203,0
20230914,200000,5914.1,5914.4,5899.9,5903.9,48,0
20230914,210000,5903.9,5904.2,5895,5895,42,0
20230914,220000,5895,5905.1,5894.9,5902,25,0
20230914,230000,5907.4,5907.4,5907.4,5907.4,1,0
20230915,090000,5909,5948,5909,5941.6,413,0
20230915,100000,5932,5932,5916.9,5919.3,387,0
20230915,110000,5918.1,5923.9,5900,5923.1,551,0
20230915,120000,5923.1,5941.2,5917.5,5941.2,349,0
20230915,130000,5941.2,5943.7,5908.3,5943.1,720,0
20230915,140000,5941,5975,5932.5,5975,1045,0
20230915,150000,5975,5988.1,5945.4,5950,1638,0
20230915,160000,5951.3,5981.5,5946.3,5981.5,1117,0
20230915,170000,5984.7,5990,5960.4,5962.8,990,0
20230915,180000,5960,5962,5943,5950.7,1654,0
20230915,190000,5956.7,5967.3,5951,5955.5,229,0
20230915,200000,5956,5966.4,5951,5958.6,62,0
20230915,210000,5961.5,5964.1,5955.3,5964,49,0
20230915,220000,5964,5966.4,5944.1,5956.2,68,0
20230918,090000,5965,5997.8,5965,5983.1,737,0
20230918,100000,5981.7,5998,5967.4,5981,823,0
20230918,110000,5981,5992,5973.3,5980.6,716,0
20230918,120000,5980.6,5987.5,5961.9,5961.9,294,0
20230918,130000,5960.2,5970.1,5950.4,5970.1,127,0
20230918,140000,5971.7,5977,5970.3,5970.3,53,0
20230918,150000,5974.1,5977.5,5968,5970.5,42,0
20230918,160000,5978,5982,5967.9,5970,268,0
20230918,170000,5970,5978.3,5965,5965,105,0
20230918,180000,5967.6,5977.5,5965,5971.6,88,0
20230918,190000,5970.9,5983.1,5970.4,5970.5,141,0
20230918,200000,5976,5979,5971.7,5971.7,15,0
20230918,210000,5971.8,5978.3,5971.8,5978.3,8,0
20230918,220000,5978.3,5978.3,5970.8,5970.8,21,0
20230918,230000,5970.6,5976.7,5970.5,5975,19,0
20230919,090000,5977,5978,5950,5950,310,0
20230919,100000,5953.3,5970.5,5941.8,5966.5,949,0
20230919,110000,5966.5,5969.9,5959.3,5960.8,407,0
20230919,120000,5960.1,5971.7,5960,5971,1132,0
20230919,130000,5972.2,5972.2,5963.5,5970,444,0
20230919,140000,5970,5973.3,5959.7,5969.9,958,0
20230919,150000,5969.8,5970,5960.4,5961,790,0
20230919,160000,5964.4,5974.9,5960.3,5970,250,0
20230919,170000,5965,5978,5961.5,5978,3849,0
20230919,180000,5975.8,5993,5973.6,5993,1555,0
20230919,190000,5993,6005,5968,5992,1076,0
20230919,200000,5992,5994.9,5986,5988,53,0
20230919,210000,5990,5992,5983.4,5985.4,82,0
20230919,220000,5983.3,5987.4,5983.2,5987,29,0
20230919,230000,5985,5991.2,5983.2,5983.2,68,0
20230920,090000,5982.7,5982.7,5970,5977.8,191,0
20230920,100000,5978.5,5982.4,5966.1,5970,195,0
20230920,110000,5966.1,5974,5957.9,5966.1,252,0
20230920,120000,5967.8,5974.9,5957.7,5960,1479,0
20230920,130000,5960,5964.9,5957,5963.7,1335,0
20230920,140000,5963.7,5963.7,5956.1,5957,781,0
20230920,150000,5956.1,5973.5,5955.4,5966.2,1092,0
20230920,160000,5968.8,5990.7,5967.5,5990.1,581,0
20230920,170000,5987.5,5999.8,5978.3,5978.3,4423,0
20230920,180000,5978.3,5987.4,5965.4,5985,336,0
20230920,190000,5970.4,5984.9,5965.5,5970,229,0
20230920,200000,5974.9,5981,5970.4,5976.8,174,0
20230920,210000,5973.9,5975,5970,5970.1,309,0
20230920,220000,5970.2,5973.5,5964,5964,72,0
20230920,230000,5965,5967.6,5950,5952,244,0
20230921,090000,5955,5962,5929.5,5937.9,752,0
20230921,100000,5930.5,5931.5,5887,5895.8,5018,0
20230921,110000,5893.1,5895.5,5887,5890.5,460,0
20230921,120000,5890.5,5899.6,5866.6,5873.6,1805,0
20230921,130000,5873.9,5875.4,5866.6,5872.2,327,0
20230921,140000,5871,5872.6,5830,5834.7,1379,0
20230921,150000,5834.9,5864.3,5830,5863.4,4314,0
20230921,160000,5862.2,5880.8,5857.5,5880.8,1467,0
20230921,170000,5880,5889.9,5872.2,5885.1,679,0
20230921,180000,5883.9,5884,5870,5870,875,0
20230921,190000,5870,5874,5825.9,5871.1,472,0
20230921,200000,5871.2,5871.6,5858.6,5871.6,81,0
20230921,210000,5871,5887.7,5871,5880.9,147,0
20230921,220000,5880,5889.3,5880,5880,110,0
20230921,230000,5877.9,5878.8,5873.3,5877.7,47,0
20230922,090000,5880,5932.8,5870.5,5870.5,502,0
20230922,100000,5873.4,5888.3,5870,5882.1,315,0
20230922,110000,5877.8,5881.5,5877,5877,823,0
20230922,120000,5878,5887,5878,5887,226,0
20230922,130000,5887,5888.9,5875.1,5881.4,1773,0
20230922,140000,5881.4,5881.4,5872.5,5872.5,800,0
20230922,150000,5872.5,5872.5,5860.4,5860.4,164,0
20230922,160000,5861.3,5871.3,5842.4,5865,1430,0
20230922,170000,5867.5,5879.8,5866.9,5867.1,170,0
20230922,180000,5873.5,5877.8,5873,5875,54,0
20230922,190000,5877,5891.6,5875.3,5875.3,65,0
20230922,200000,5875.3,5900,5875.3,5887.5,248,0
20230922,210000,5887.5,5887.5,5885.2,5886.2,18,0
20230922,220000,5886.2,5896.1,5875.4,5896.1,100,0
20230922,230000,5893,5893.6,5893,5893.6,4,0
20230925,090000,5883.7,5893,5861.4,5873.2,1152,0
20230925,100000,5873,5874,5846.8,5852.8,908,0
20230925,110000,5848.3,5853.5,5839.5,5841.4,2914,0
20230925,120000,5844.1,5856,5844,5854,755,0
20230925,130000,5854.9,5869.7,5850,5869.3,236,0
20230925,140000,5870,5870,5855,5864.9,329,0
20230925,150000,5864.5,5868,5858.2,5868,96,0
20230925,160000,5866,5875.4,5863.4,5873.3,366,0
20230925,170000,5875.9,5882.8,5871.1,5875.2,1893,0
20230925,180000,5879,5880.4,5868.6,5868.6,1057,0
20230925,190000,5878,5878,5851,5869.1,137,0
20230925,200000,5869.1,5870,5861.1,5870,141,0
20230925,210000,5867.1,5867.6,5865.1,5867.6,5,0
20230925,220000,5868.2,5870,5858,5859.9,212,0
20230925,230000,5860.3,5860.3,5860.3,5860.3,2,0
20230926,090000,5866.4,5866.4,5848.5,5848.5,1851,0
20230926,100000,5848,5862.5,5840,5857.5,573,0
20230926,110000,5858.5,5869.7,5857.5,5862.7,5712,0
20230926,120000,5865,5867,5857.5,5861,62,0
20230926,130000,5860.3,5865.3,5853.7,5861.1,88,0
20230926,140000,5853.5,5860.7,5853.5,5854.3,43,0
20230926,150000,5855.5,5857.8,5842.9,5850.9,435,0
20230926,160000,5851.2,5851.8,5836.5,5838,497,0
20230926,170000,5838,5842.5,5830,5830.3,522,0
20230926,180000,5834.6,5834.8,5818.4,5834.8,914,0
20230926,190000,5821,5840,5810,5836.7,121,0
20230926,200000,5836,5842.5,5832,5832,435,0
20230926,210000,5832,5836.5,5830,5830,59,0
20230926,220000,5828,5839.9,5825,5833,75,0
20230926,230000,5837.1,5837.6,5831.1,5832.3,16,0
20230927,090000,5825.7,5826.3,5804.1,5822.6,941,0
20230927,100000,5823,5832.5,5809.3,5811,1733,0
20230927,110000,5814.4,5825,5808.4,5824.1,301,0
20230927,120000,5822,5822.5,5805,5808,271,0
20230927,130000,5807.8,5817.2,5797.6,5800,749,0
20230927,140000,5800,5813.5,5797,5809.7,447,0
20230927,150000,5807.7,5812,5800,5809.6,1222,0
20230927,160000,5807.3,5807.3,5800,5802.6,3692,0
20230927,170000,5802.6,5806.8,5800,5805.8,1231,0
20230927,180000,5805.8,5809.9,5802,5809.9,198,0
20230927,190000,5811.1,5812,5800,5807.5,144,0
20230927,200000,5810,5819.6,5801.9,5812.3,203,0
20230927,210000,5808,5833.7,5808,5824.7,125,0
20230927,220000,5821.3,5825.6,5817.4,5822.7,17,0
20230927,230000,5823.4,5838.6,5815.5,5815.5,76,0
20230928,090000,5827.5,5827.5,5796.4,5798.2,1008,0
20230928,100000,5798.2,5825,5797.1,5819,514,0
20230928,110000,5820.1,5835.9,5820.1,5832.4,389,0
20230928,120000,5830.6,5830.6,5813.8,5813.8,740,0
20230928,130000,5813.8,5814.2,5797.7,5798,1216,0
20230928,140000,5807.6,5812.5,5807.4,5812,627,0
20230928,150000,5810,5815.5,5798,5800.1,1680,0
20230928,160000,5806.2,5815.9,5802.2,5805,1136,0
20230928,170000,5815.1,5818.8,5798.3,5808,1544,0
20230928,180000,5805.3,5805.3,5790,5790.1,785,0
20230928,190000,5800,5815.1,5786.6,5798,570,0
20230928,200000,5798,5798,5794.4,5796,111,0
20230928,210000,5796,5805.3,5796,5805.3,37,0
20230928,220000,5809,5809,5800.2,5807.6,40,0
20230928,230000,5807.6,5809,5804,5804,10,0
20230929,090000,5809,5823,5806,5823,705,0
20230929,100000,5820,5832.8,5815,5832.7,547,0
20230929,110000,5832.7,5837.6,5813.5,5834,937,0
20230929,120000,5834,5837.6,5825,5832,462,0
20230929,130000,5832.3,5851.3,5832,5850,477,0
20230929,140000,5850,5851.1,5836.5,5836.9,1960,0
20230929,150000,5836.9,5860.5,5836.9,5860.1,1333,0
20230929,160000,5852.5,5866.2,5848.1,5848.2,1318,0
20230929,170000,5850.2,5860,5839,5848.1,2058,0
20230929,180000,5846.1,5850,5830,5832.2,895,0
20230929,190000,5828.2,5865,5808.7,5845,429,0
20230929,200000,5839.4,5839.4,5827.8,5836.9,180,0
20230929,210000,5830.2,5849,5822.5,5828,620,0
20230929,220000,5828,5834.1,5825.8,5828,101,0
20230929,230000,5832.2,5832.2,5829,5829,7,0
20231002,090000,5829.1,5848,5791,5824,1420,0
20231002,100000,5825.8,5827,5787,5787,2555,0
20231002,110000,5787,5809.3,5786.1,5800,520,0
20231002,120000,5803.4,5823,5803.4,5813.7,1385,0
20231002,130000,5813.7,5822.9,5805,5818.1,568,0
20231002,140000,5819.9,5834.1,5812.1,5830,459,0
20231002,150000,5826.3,5830,5820,5824,961,0
20231002,160000,5823.9,5835,5818.2,5827.5,2554,0
20231002,170000,5825,5837.6,5812,5835,959,0
20231002,180000,5835,5849.5,5828,5849.5,1285,0
20231002,190000,5830.3,5859,5814.5,5844,404,0
20231002,200000,5839.1,5859,5839,5839.9,186,0
20231002,210000,5844,5851.2,5844,5847,119,0
20231002,220000,5846.1,5847.4,5832.8,5840,66,0
20231002,230000,5837.4,5849.6,5825.8,5844.9,137,0
20231003,090000,5837.9,5840,5814,5838,1615,0
20231003,100000,5830.1,5835.6,5817.3,5829,368,0
20231003,110000,5827.2,5836.2,5817.5,5827.4,732,0
20231003,120000,5821.6,5823.4,5814.8,5814.8,185,0
20231003,130000,5819.9,5823,5804,5809,543,0
20231003,140000,5812,5821.9,5800,5821.8,388,0
20231003,150000,5817.6,5832,5814,5823,319,0
20231003,160000,5820.8,5829.4,5813.8,5821.3,1082,0
20231003,170000,5816.4,5826.8,5809.6,5821,1210,0
20231003,180000,5825.1,5826.4,5823.4,5826.4,267,0
20231003,190000,5829,5835.9,5825,5825,323,0
20231003,200000,5829.5,5835,5825,5835,333,0
20231003,210000,5829.5,5835,5825.2,5829,41,0
20231003,220000,5825.2,5829.2,5821.5,5828.7,184,0
20231003,230000,5822.1,5822.1,5822.1,5822.1,1,0
20231004,090000,5821.5,5832,5808.3,5808.3,1425,0
20231004,100000,5809.5,5825,5807,5807,162,0
20231004,110000,5807,5820.4,5801,5820.4,481,0
20231004,120000,5819,5826.5,5806.3,5811,588,0
20231004,130000,5811,5814.1,5801,5806,317,0
20231004,140000,5807,5823.8,5805.3,5814.9,1119,0
20231004,150000,5816.6,5824,5813,5823.6,1746,0
20231004,160000,5822.4,5824,5804.4,5815.6,900,0
20231004,170000,5812,5826,5801.3,5825.5,980,0
20231004,180000,5825.5,5835,5812,5830.1,1190,0
20231004,190000,5819,5825.7,5811,5811,336,0
20231004,200000,5811,5816.8,5810,5815,63,0
20231004,210000,5819.9,5829.9,5805.2,5815,300,0
20231004,220000,5816.2,5820.7,5805.2,5820.7,87,0
20231004,230000,5822,5825,5820.2,5820.7,11,0
20231005,090000,5814.5,5830,5814.5,5820,190,0
20231005,100000,5816.1,5822,5811,5811.3,592,0
20231005,110000,5811.9,5822.2,5811.1,5822.2,1170,0
20231005,120000,5823,5828.5,5817.1,5827.5,398,0
20231005,130000,5827.5,5827.6,5811,5825.3,1107,0
20231005,140000,5824,5825.7,5811.1,5820,131,0
20231005,150000,5820,5820,5807.5,5808.6,1204,0
20231005,160000,5813.2,5824.9,5809,5818.5,3503,0
20231005,170000,5818.2,5818.2,5798,5802,4976,0
20231005,180000,5806.8,5810.7,5801.6,5806,1729,0
20231005,190000,5806,5827.9,5803.7,5827.9,346,0
20231005,200000,5827.9,5832,5822.4,5822.8,217,0
20231005,210000,5832.9,5835,5828,5828.5,89,0
20231005,220000,5828,5829.9,5828,5829.9,12,0
20231005,230000,5829.9,5836,5824.8,5836,357,0
20231006,090000,5834,5840,5816.6,5835.2,1749,0
20231006,100000,5835,5848.6,5832,5834,1399,0
20231006,110000,5833.2,5833.2,5796.8,5798,1872,0
20231006,120000,5798,5809.4,5793,5806.5,405,0
20231006,130000,5804.4,5816,5800.2,5807,576,0
20231006,140000,5805,5819.9,5800,5819.9,316,0
20231006,150000,5819.9,5820.5,5775.1,5789.9,2377,0
20231006,160000,5789.8,5791.1,5782.9,5790.3,4390,0
20231006,170000,5790.3,5814.9,5789.7,5801.9,6091,0
20231006,180000,5800.2,5838,5797,5835,2223,0
20231006,190000,5837.5,5848.9,5827,5830,1041,0
20231006,200000,5830,5837.9,5825.8,5832,15,0
20231006,210000,5833.5,5837,5826.5,5826.5,53,0
20231006,220000,5835.5,5837,5826,5826,50,0
20231006,230000,5825.8,5835.1,5825.7,5835.1,35,0
20231009,090000,5836.9,5910,5836.9,5888.2,3120,0
20231009,100000,5884.9,5916.7,5884.4,5908,5032,0
20231009,110000,5908,5916.5,5899.6,5915.7,2307,0
20231009,120000,5915.7,5929.2,5900.8,5915.9,1628,0
20231009,130000,5915.9,5937,5915.9,5931.1,492,0
20231009,140000,5936.6,5979.7,5934,5974,2295,0
20231009,150000,5974,5976,5953.5,5955,1589,0
20231009,160000,5955.6,5964,5911.1,5911.1,2510,0
20231009,170000,5911.1,5923.4,5874.5,5888.3,4478,0
20231009,180000,5889,5894.3,5843.3,5863.6,5618,0
20231009,190000,5864,5864,5811,5815,1521,0
20231009,200000,5814,5856.8,5812.6,5832.1,710,0
20231009,210000,5832.1,5856.8,5820.1,5856.8,269,0
20231009,220000,5856.8,5892,5856.8,5866.7,424,0
20231009,230000,5875.3,5875.3,5864.9,5873.5,56,0
20231010,090000,5879.8,5904.2,5862,5873.4,1160,0
20231010,100000,5873.3,5907.1,5865,5900,2590,0
20231010,110000,5899.5,5910,5873.6,5892.4,1920,0
20231010,120000,5887.3,5891.5,5866,5871,1020,0
20231010,130000,5870,5887,5869.3,5887,314,0
20231010,140000,5879.6,5887.7,5862,5879,1593,0
20231010,150000,5879.1,5895.9,5875.9,5890,561,0
20231010,160000,5890,5910.9,5886.1,5909,498,0
20231010,170000,5909,5936.8,5904,5932.6,2026,0
20231010,180000,5939.4,5967.6,5937.4,5960,1677,0
20231010,190000,5961.6,5961.9,5809,5957.3,1513,0
20231010,200000,5952.2,5960,5940,5947.9,490,0
20231010,210000,5944.5,5947,5940,5940.1,275,0
20231010,220000,5941,5945,5937.5,5945,144,0
20231010,230000,5948,5956.3,5917.7,5948.7,136,0
20231011,090000,5938.6,5959.9,5934.3,5950,668,0
20231011,100000,5950.1,5978,5929,5933.2,4291,0
20231011,110000,5938,5950,5931,5940.5,297,0
20231011,120000,5947.9,5953,5940.6,5947.1,588,0
20231011,130000,5945.1,5958.2,5941.1,5949,1584,0
20231011,140000,5956.1,5958.2,5941.1,5941.1,819,0
20231011,150000,5942,5949.2,5930,5933.1,1425,0
20231011,160000,5933.7,5940,5922,5926.7,5656,0
20231011,170000,5926.7,5936,5923,5927.4,219,0
20231011,180000,5929.4,5941,5928,5940.8,1768,0
20231011,190000,5933,5950,5928,5943.5,53,0
20231011,200000,5943.2,5947.8,5928.6,5945.2,70,0
20231011,210000,5935.8,5945.7,5924.3,5939.4,73,0
20231011,220000,5937.5,5947.8,5780,5816,8577,0
20231011,230000,5810.5,5818.5,5760,5799.9,3131,0
20231012,090000,5799,5829,5759.9,5783.3,5839,0
20231012,100000,5774.2,5803,5770,5793.2,2724,0
20231012,110000,5801.6,5803.4,5785.1,5796.9,4045,0
20231012,120000,5796.9,5798,5782.5,5790,496,0
20231012,130000,5790,5794.9,5781,5788,1035,0
20231012,140000,5787,5801,5784.9,5796.8,773,0
20231012,150000,5796.5,5799.5,5782.4,5789,2254,0
20231012,160000,5784.1,5788,5769.4,5773.5,2396,0
20231012,170000,5781.1,5781.1,5765.2,5773,951,0
20231012,180000,5773,5773.1,5755.5,5756.8,1562,0
20231012,190000,5756.8,5776.8,5756,5770.1,776,0
20231012,200000,5770.1,5770.1,5750,5750,815,0
20231012,210000,5750.2,5763,5740.1,5762.6,452,0
20231012,220000,5755.4,5762.4,5755.3,5759.2,37,0
20231012,230000,5755.7,5759.2,5755.7,5759,122,0
20231013,090000,5760,5790.3,5760,5773.8,1440,0
20231013,100000,5776.5,5786.5,5767.4,5775.2,1026,0
20231013,110000,5780.2,5793.9,5780.2,5783,1342,0
20231013,120000,5782.3,5790.1,5758,5774,760,0
20231013,130000,5777,5793.8,5776,5789,2688,0
20231013,140000,5788.7,5790.7,5782.5,5790,876,0
20231013,150000,5788.1,5846,5785,5837,3737,0
20231013,160000,5835,5836,5800.6,5821.9,2073,0
20231013,170000,5821.9,5839.9,5815.9,5839.9,2251,0
20231013,180000,5839.9,5861,5834.8,5860.6,1754,0
20231013,190000,5865.7,5888.7,5850.6,5867.1,3236,0
20231013,200000,5867.1,5880,5855.7,5879,517,0
20231013,210000,5876.7,5880,5862,5870.6,296,0
20231013,220000,5870.6,5879.9,5867,5873.6,371,0
20231013,230000,5876.4,5880,5868.5,5879,284,0
20231016,090000,5880,5886,5837.1,5842,1596,0
20231016,100000,5842,5869,5840.8,5864.9,1606,0
20231016,110000,5864.9,5875,5860,5874,1887,0
20231016,120000,5874.1,5882.2,5866.8,5881,809,0
20231016,130000,5880.9,5894.3,5870.8,5877.9,1923,0
20231016,140000,5885.8,5892,5865,5871.4,866,0
20231016,150000,5868.2,5891.6,5865,5890,904,0
20231016,160000,5889,5891.4,5877,5891.3,885,0
20231016,170000,5885.3,5892,5885.1,5890,583,0
20231016,180000,5891.7,5900,5886,5900,1120,0
20231016,190000,5900,5908.7,5889,5899.6,299,0
20231016,200000,5899.9,5900,5896,5900,105,0
20231016,210000,5898.9,5907,5887.3,5893,91,0
20231016,220000,5898.9,5902.9,5892.3,5902.6,25,0
20231016,230000,5900,5900,5892,5899.5,38,0
20231017,090000,5899.5,5900,5880,5885,836,0
20231017,100000,5884.8,5907,5883.4,5902.4,990,0
20231017,110000,5900.4,5904.3,5886.6,5898.9,624,0
20231017,120000,5898,5908.7,5890.5,5895,916,0
20231017,130000,5896.1,5910,5896.1,5904.9,455,0
20231017,140000,5901.1,5910,5896.5,5904,191,0
20231017,150000,5906.9,5915,5904,5915,949,0
20231017,160000,5915,5922.8,5912,5917.9,1267,0
20231017,170000,5917.3,5917.7,5906,5910.9,922,0
20231017,180000,5910.8,5939,5909.5,5927.3,2929,0
20231017,190000,5939,5939,5906.2,5930.9,292,0
20231017,200000,5937,5940,5917.1,5927.1,217,0
20231017,210000,5918.1,5931.8,5917.5,5921,55,0
20231017,220000,5929,5939,5920.5,5928.5,81,0
20231017,230000,5934.5,5942,5925.9,5942,369,0
20231018,090000,5942,5954,5937,5940.2,3330,0
20231018,100000,5949.9,5960,5937.2,5938.8,2020,0
20231018,110000,5936.6,5946.3,5922.9,5927,1424,0
20231018,120000,5925,5947,5924.7,5940,738,0
20231018,130000,5945.1,5949,5933.4,5942.5,441,0
20231018,140000,5941.8,5948.4,5934.1,5943.8,1216,0
20231018,150000,5943,5949.1,5934.1,5943.4,3493,0
20231018,160000,5942,5969.9,5927.3,5968.6,2783,0
20231018,170000,5969.4,5974,5952.5,5960.7,1180,0
20231018,180000,5959,5961,5941.1,5955.8,1605,0
20231018,190000,5950,5978.3,5949.8,5966.7,608,0
20231018,200000,5966.4,5980,5960.2,5977.6,248,0
20231018,210000,5970.7,5977.9,5958,5972.6,91,0
20231018,220000,5965.1,5968,5958,5968,47,0
20231018,230000,5966.5,5968,5961.3,5965.7,37,0
20231019,090000,5964.2,5964.2,5940.6,5959.5,570,0
20231019,100000,5959.9,5968,5952,5957,985,0
20231019,110000,5951.3,5965.1,5947.3,5955.6,929,0
20231019,120000,5955,5964.9,5937.2,5947.5,523,0
20231019,130000,5947.6,5953.3,5916.8,5923.6,3629,0
20231019,140000,5922.8,5928,5884,5887.3,10501,0
20231019,150000,5886.6,5915.8,5880.1,5911.3,4033,0
20231019,160000,5910.7,5920,5897.8,5919.1,759,0
20231019,170000,5917.7,5927.6,5905,5910.7,5751,0
20231019,180000,5911.2,5924.5,5911.2,5924.3,332,0
20231019,190000,5924.3,5930.3,5919.4,5920,564,0
20231019,200000,5920,5939.8,5918.3,5934.3,457,0
20231019,210000,5939.3,5941,5934,5936,444,0
20231019,220000,5943.3,5956.3,5940.1,5943,174,0
20231019,230000,5942,5955.8,5940,5940.2,83,0
20231020,090000,5949.7,5951.1,5940.1,5944.1,552,0
20231020,100000,5942,5945.9,5937.6,5938.7,1545,0
20231020,110000,5937.5,5945.2,5925,5943.7,877,0
20231020,120000,5943.5,5946,5933,5934.8,217,0
20231020,130000,5933,5942.9,5933,5941.2,795,0
20231020,140000,5940.4,5940.4,5900,5919,2920,0
20231020,150000,5918.1,5929.3,5907.1,5924.6,431,0
20231020,160000,5924.6,5929.2,5905.3,5918.4,1123,0
20231020,170000,5920.6,5942.1,5919.3,5940.8,661,0
20231020,180000,5940.6,5941.8,5934.5,5935,534,0
20231020,190000,5935,5935,5906.6,5906.6,284,0
20231020,200000,5906.6,5927.2,5890.6,5915,911,0
20231020,210000,5915,5915,5880,5909.8,401,0
20231020,220000,5909.8,5917,5909,5913,421,0
20231020,230000,5913,5931.9,5909,5910,258,0
20231023,090000,5929.1,5929.3,5882.1,5882.1,1268,0
20231023,100000,5881,5895,5880,5880,2684,0
20231023,110000,5878.9,5887.7,5859,5861,3061,0
20231023,120000,5860.5,5870.6,5841,5856.2,2510,0
20231023,130000,5855.3,5867.8,5850,5863.1,575,0
20231023,140000,5865,5876.4,5863.1,5866.8,491,0
20231023,150000,5867.8,5877.2,5854.8,5859.2,1149,0
20231023,160000,5857.3,5862.9,5841.2,5859.7,1044,0
20231023,170000,5858.3,5860,5841,5841,965,0
20231023,180000,5845.6,5874.9,5844.6,5871,893,0
20231023,190000,5874.9,5874.9,5866.6,5874.1,163,0
20231023,200000,5866.6,5888.4,5845.7,5877.9,787,0
20231023,210000,5871.4,5891.3,5871.4,5880.5,341,0
20231023,220000,5878.7,5880.9,5840.6,5853,685,0
20231023,230000,5853,5864.8,5841,5850.8,398,0
20231024,090000,5856.5,5868.4,5847.1,5853.7,680,0
20231024,100000,5854.4,5859,5842.1,5846.1,1086,0
20231024,110000,5848,5862.4,5840.5,5852,1256,0
20231024,120000,5852,5852,5829.1,5836,2923,0
20231024,130000,5835.8,5842.5,5828.5,5834.3,4501,0
20231024,140000,5828,5834.1,5815,5830.9,1798,0
20231024,150000,5830.9,5837.8,5827.6,5832.4,926,0
20231024,160000,5831.3,5837.2,5824,5829.5,1415,0
20231024,170000,5829,5830.7,5821.6,5821.6,399,0
20231024,180000,5825,5837.1,5822.6,5834.8,2953,0
20231024,190000,5840,5860,5835.7,5852.8,862,0
20231024,200000,5850,5866,5848,5864,465,0
20231024,210000,5860,5860,5830,5859.7,335,0
20231024,220000,5858.9,5858.9,5842.7,5842.7,229,0
20231024,230000,5847.6,5847.6,5842.7,5843.3,24,0
20231025,090000,5843.1,5852.9,5811,5842.2,1472,0
20231025,100000,5842.2,5854.9,5805,5805,2362,0
20231025,110000,5805,5824,5792.9,5808,3683,0
20231025,120000,5808,5808,5788.2,5796,1305,0
20231025,130000,5793.6,5798.3,5793.6,5797.7,1101,0
20231025,140000,5797.7,5808.8,5796.9,5808.8,4232,0
20231025,150000,5808.4,5810,5797.6,5806,359,0
20231025,160000,5806,5832,5806,5816,3464,0
20231025,170000,5812.7,5815.2,5799,5808,1799,0
20231025,180000,5802.2,5810,5798,5810,921,0
20231025,190000,5810.7,5836.2,5810.7,5820,1076,0
20231025,200000,5826.2,5840.9,5825,5832,903,0
20231025,210000,5829.1,5836.9,5825,5836.9,364,0
20231025,220000,5831.4,5839.9,5831.2,5839.8,1612,0
20231025,230000,5838.8,5838.9,5832,5836,129,0
20231026,090000,5839.8,5874.9,5839.8,5853.1,4282,0
20231026,100000,5853.1,5869.9,5850,5865.5,3996,0
20231026,110000,5863.1,5868.1,5852,5862.7,1206,0
20231026,120000,5862.7,5877,5857.2,5859,972,0
20231026,130000,5860.2,5860.2,5853,5853.8,819,0
20231026,140000,5853.5,5858.6,5848,5850,772,0
20231026,150000,5850.7,5866,5836,5839,749,0
20231026,160000,5840.7,5849.9,5832,5845.4,806,0
20231026,170000,5849.8,5858.5,5840,5850,1094,0
20231026,180000,5852,5859.5,5848.6,5853.7,585,0
20231026,190000,5859.3,5880,5855.6,5866.7,671,0
20231026,200000,5869.9,5881.9,5868.3,5881.9,708,0
20231026,210000,5880,5882.7,5880,5882.7,135,0
20231026,220000,5882.7,5883.9,5862.6,5883.9,274,0
20231026,230000,5882.7,5886,5871,5885,192,0
20231027,090000,5886.9,5900,5880.3,5890.6,1981,0
20231027,100000,5890.6,5896.9,5865.1,5865.3,997,0
20231027,110000,5869.1,5876.5,5856.6,5865,947,0
20231027,120000,5865,5865,5852,5859,309,0
20231027,130000,5857.3,5858.5,5810,5821.7,2093,0
20231027,140000,5818,5830,5816,5830,860,0
20231027,150000,5830,5847.9,5822.3,5827,3588,0
20231027,160000,5829.8,5855.3,5820.5,5842.1,7538,0
20231027,170000,5842.1,5850.1,5833.3,5837.4,2272,0
20231027,180000,5842.1,5860.9,5837.9,5854.7,2174,0
20231027,190000,5861,5870,5842.1,5855.4,244,0
20231027,200000,5862,5898,5844.6,5898,3746,0
20231027,210000,5897,5941.9,5897,5915,2538,0
20231027,220000,5912.1,5935.8,5903.7,5931.7,783,0
20231027,230000,5931.7,5940,5902,5902,390,0
20231030,090000,5900,5939.9,5876.5,5884.5,1275,0
20231030,100000,5881.1,5881.1,5850.1,5852,1413,0
20231030,110000,5852.1,5853.1,5842,5844.3,626,0
20231030,120000,5842.3,5842.3,5827.6,5832.7,831,0
20231030,130000,5832.5,5834.7,5827.1,5834.5,1708,0
20231030,140000,5832.6,5832.6,5817.5,5825.3,742,0
20231030,150000,5825.3,5838.3,5821,5831.9,504,0
20231030,160000,5830.2,5834.1,5829,5833.7,971,0
20231030,170000,5833.7,5833.7,5829.1,5829.1,402,0
20231030,180000,5830,5830,5813.4,5827.3,1269,0
20231030,190000,5827.8,5840.1,5816.5,5831.7,202,0
20231030,200000,5830.5,5850.5,5815,5837.4,541,0
20231030,210000,5837.5,5839.1,5827,5830.8,136,0
20231030,220000,5832,5832.2,5824,5824,392,0
20231030,230000,5827.4,5827.6,5818,5826.8,174,0
20231031,090000,5818,5827.5,5782,5788.2,4083,0
20231031,100000,5789.1,5802.4,5781.5,5793.9,3342,0
20231031,110000,5793.9,5793.9,5765.4,5774.3,1360,0
20231031,120000,5774.3,5780,5766,5775.6,1603,0
20231031,130000,5775.5,5780,5768.4,5769.9,464,0
20231031,140000,5776.5,5783.8,5767,5783.8,1194,0
20231031,150000,5783.8,5813.1,5780.4,5810.1,3965,0
20231031,160000,5810.1,5830.9,5810.1,5828.8,3454,0
20231031,170000,5825.3,5838.9,5821.2,5828.1,1451,0
20231031,180000,5833.6,5837.4,5810.5,5834.2,1504,0
20231031,190000,5825,5830.9,5760,5826.8,1689,0
20231031,200000,5820.1,5825,5799.1,5800,834,0
20231031,210000,5800,5804.9,5780.2,5804.9,831,0
20231031,220000,5804.9,5822.9,5804.9,5818.6,258,0
20231031,230000,5815,5815,5781,5809.7,250,0
20231101,090000,5805.6,5805.6,5771,5777.1,1518,0
20231101,100000,5783,5800.9,5777.1,5799.9,1592,0
20231101,110000,5799.9,5806.5,5777.6,5786.8,949,0
20231101,120000,5788.9,5795.9,5786.7,5786.7,322,0
20231101,130000,5786.7,5786.8,5772,5774,1198,0
20231101,140000,5779.8,5791.9,5776.6,5791.9,402,0
20231101,150000,5789,5794.9,5780.5,5783.3,569,0
20231101,160000,5781.2,5781.9,5771,5771,1427,0
20231101,170000,5775.4,5776.6,5738.9,5751.7,4788,0
20231101,180000,5752.8,5754,5705,5736.3,2731,0
20231101,190000,5744.4,5744.4,5713.4,5721.4,630,0
20231101,200000,5721.4,5741.7,5720,5730.3,856,0
20231101,210000,5740,5744.4,5716.1,5740,1246,0
20231101,220000,5742,5757,5736.3,5738.2,374,0
20231101,230000,5740.3,5748.3,5736.3,5736.3,117,0
20231102,090000,5747.8,5767.7,5740,5759.8,708,0
20231102,100000,5761.9,5767.9,5749.6,5757.3,1471,0
20231102,110000,5757.3,5774.9,5755,5764.5,1147,0
20231102,120000,5765.6,5777,5762.9,5773.7,1354,0
20231102,130000,5775,5780.6,5771.6,5777.4,1580,0
20231102,140000,5777.4,5785.9,5774.7,5782.1,674,0
20231102,150000,5783,5793.9,5780,5785.9,3360,0
20231102,160000,5785,5786.9,5780,5782.3,1107,0
20231102,170000,5781.1,5784.9,5780,5781.2,352,0
20231102,180000,5783.6,5785.9,5727.7,5773.4,2910,0
20231102,190000,5782.1,5788.1,5774.5,5781.9,63,0
20231102,200000,5777.3,5788.9,5777.3,5787,262,0
20231102,210000,5788.9,5794.9,5787,5794.9,337,0
20231102,220000,5792.5,5792.5,5777,5788.9,1057,0
20231102,230000,5788.8,5796,5788.7,5788.7,206,0
20231103,090000,5781.6,5797.9,5781,5792.5,573,0
20231103,100000,5792.6,5809.8,5785.5,5791.4,2835,0
20231103,110000,5790,5790,5764.5,5779.9,1613,0
20231103,120000,5779.9,5782.6,5770.8,5782.6,238,0
20231103,130000,5782.6,5789,5782.6,5786.5,124,0
20231103,140000,5789.8,5797,5782.1,5793.9,701,0
20231103,150000,5793.9,5809.5,5785.2,5799.5,5757,0
20231103,160000,5794.2,5802.9,5784,5798.3,883,0
20231103,170000,5798.1,5803.8,5770,5779.1,1484,0
20231103,180000,5785,5790.7,5775.1,5776.1,472,0
20231103,190000,5783.4,5783.4,5774,5775.1,1983,0
20231103,200000,5775.1,5785.3,5774.1,5785.3,269,0
20231103,210000,5780.5,5785.8,5780.5,5785.8,9,0
20231103,220000,5785.1,5788,5770,5776.6,116,0
20231103,230000,5776.7,5780.2,5775,5777,134,0
20231106,090000,5775,5775,5761.9,5767.8,686,0
20231106,100000,5767.8,5767.8,5748,5748.2,625,0
20231106,110000,5748.9,5752.1,5740.1,5750.6,685,0
20231106,120000,5750.6,5763.5,5750.3,5759.2,290,0
20231106,130000,5761.8,5761.9,5759.1,5761.9,78,0
20231106,140000,5761,5766.9,5759.9,5766.9,255,0
20231106,150000,5761.7,5768.2,5760,5762.5,658,0
20231106,160000,5762.9,5767.8,5759.4,5766.8,965,0
20231106,170000,5763.5,5764.9,5758.3,5760.5,1497,0
20231106,180000,5760.4,5761,5753.1,5753.1,704,0
20231106,190000,5755,5758,5741,5750.9,235,0
20231106,200000,5753.9,5760,5753.9,5760,33,0
20231106,210000,5759.5,5759.5,5750,5750.8,73,0
20231106,220000,5749.6,5754,5747.5,5749,1414,0
20231106,230000,5747.5,5750.6,5741.3,5750.6,130,0
20231107,090000,5755,5757.5,5740,5751.9,1574,0
20231107,100000,5749.1,5749.1,5731.4,5735,2072,0
20231107,110000,5735.1,5740.5,5735,5740.5,683,0
20231107,120000,5741,5742,5736.3,5738.2,180,0
20231107,130000,5742.6,5746.3,5742.6,5744.8,318,0
20231107,140000,5742.4,5744,5731.4,5734,878,0
20231107,150000,5731.5,5732.8,5717.1,5724.8,1838,0
20231107,160000,5727.7,5734.7,5720,5731.5,984,0
20231107,170000,5731.7,5736.1,5730.3,5733.3,1097,0
20231107,180000,5733.5,5733.5,5708.8,5729.3,2135,0
20231107,190000,5732.7,5732.7,5712.5,5720.1,533,0
20231107,200000,5722.7,5725,5715.1,5725,206,0
20231107,210000,5722,5733,5722,5730,93,0
20231107,220000,5733,5735,5730,5732,34,0
20231107,230000,5733.4,5742,5731.1,5737,601,0
20231108,090000,5740,5740,5720.4,5726.6,1162,0
20231108,100000,5728.5,5737.2,5726.6,5735,2208,0
20231108,110000,5735,5737.6,5727.7,5731.9,137,0
20231108,120000,5730.5,5734.7,5713,5720,658,0
20231108,130000,5717.7,5717.7,5707,5708,724,0
20231108,140000,5710.4,5718.8,5705.8,5705.8,463,0
20231108,150000,5706,5711.4,5701,5705,1019,0
20231108,160000,5705.3,5711.7,5700.5,5704.3,2252,0
20231108,170000,5704.3,5706,5690,5694.3,1569,0
20231108,180000,5695.9,5699,5674.8,5679.1,5286,0
20231108,190000,5679.2,5689.5,5678,5684.9,560,0
20231108,200000,5684.9,5686,5681,5682,355,0
20231108,210000,5683,5686,5679.2,5680,1098,0
20231108,220000,5684.5,5684.5,5675.1,5675.1,509,0
20231108,230000,5675.1,5681.7,5671.8,5679.7,303,0
20231109,090000,5682,5693.4,5672.3,5680,442,0
20231109,100000,5680,5685.1,5658.5,5664.4,1163,0
20231109,110000,5662.1,5662.1,5628,5647.4,4100,0
20231109,120000,5640.9,5656.8,5631.9,5631.9,1349,0
20231109,130000,5632.9,5633.1,5631,5631.5,787,0
20231109,140000,5631,5638.9,5624.6,5638.9,4409,0
20231109,150000,5637,5647.1,5634.2,5643.3,1520,0
20231109,160000,5644,5645.7,5638.6,5645.7,230,0
20231109,170000,5645.7,5661.1,5640,5661.1,1394,0
20231109,180000,5661,5682,5657.5,5682,1097,0
20231109,190000,5680,5693.9,5655,5670,266,0
20231109,200000,5669,5672.2,5667.7,5667.7,66,0
20231109,210000,5665,5668.5,5665,5668.5,505,0
20231109,220000,5668.5,5672.2,5661.2,5672.2,149,0
20231109,230000,5672.2,5676.3,5667.8,5676.3,81,0
20231110,090000,5670,5676.2,5657.7,5667.8,663,0
20231110,100000,5667.8,5671.2,5662.6,5668.5,909,0
20231110,110000,5667.1,5686.2,5666.6,5684.1,2974,0
20231110,120000,5681.1,5682,5677.3,5681.9,1283,0
20231110,130000,5681.9,5684.1,5677.1,5680,582,0
20231110,140000,5679,5681.4,5671.2,5673.2,782,0
20231110,150000,5674,5674.5,5659.8,5666.9,3241,0
20231110,160000,5666.9,5682.7,5665,5680,300,0
20231110,170000,5681.9,5685.7,5672.8,5672.8,341,0
20231110,180000,5673,5678.9,5673,5676.4,152,0
20231110,190000,5686,5687.7,5676.3,5685.9,120,0
20231110,200000,5685.9,5687,5677.9,5681.2,93,0
20231110,210000,5679.1,5685.2,5672,5676.3,176,0
20231110,220000,5679.2,5681.9,5672.8,5673.9,49,0
20231110,230000,5679.8,5679.9,5673.6,5673.6,74,0
20231113,090000,5670.7,5683.7,5655,5681.9,781,0
20231113,100000,5680.9,5682.9,5671.1,5674,497,0
20231113,110000,5672.5,5673.9,5660.6,5667.8,820,0
20231113,120000,5662,5663.9,5657,5657.6,403,0
20231113,130000,5657.6,5659.5,5651.9,5659.5,445,0
20231113,140000,5659,5660.9,5649,5649,1155,0
20231113,150000,5649,5659.8,5644.5,5659.8,978,0
20231113,160000,5659,5660,5645,5646,415,0
20231113,170000,5646,5649.9,5632.4,5638.9,891,0
20231113,180000,5637.9,5639.4,5628.9,5637,1506,0
20231113,190000,5638.9,5677.8,5613.5,5622.9,4582,0
20231113,200000,5623.4,5632.8,5618.5,5631,2171,0
20231113,210000,5631.3,5634.7,5631,5634.7,184,0
20231113,220000,5634.7,5634.8,5619.5,5632.6,937,0
20231113,230000,5632.6,5632.6,5625,5631.9,148,0
20231114,090000,5632.3,5641.8,5632,5633,318,0
20231114,100000,5632.5,5640.9,5628.1,5640,1051,0
20231114,110000,5640,5645.5,5632.5,5636,4074,0
20231114,120000,5635.9,5641.9,5635.1,5640.8,428,0
20231114,130000,5640.8,5640.8,5635,5635,2864,0
20231114,140000,5635,5635.9,5619.9,5619.9,4671,0
20231114,150000,5620,5628,5613.8,5621.4,600,0
20231114,160000,5621.5,5633.3,5616.1,5624.6,5473,0
20231114,170000,5625,5652.3,5615.3,5645,3924,0
20231114,180000,5648.6,5651.8,5636.2,5639.3,1386,0
20231114,190000,5643.3,5652.5,5633.9,5645.9,309,0
20231114,200000,5645.8,5652.5,5642.2,5648.5,219,0
20231114,210000,5648.5,5652.5,5644.5,5650,163,0
20231114,220000,5650,5651.9,5647,5647,78,0
20231114,230000,5646.9,5649.9,5644.5,5649.9,53,0
20231115,090000,5648.6,5648.6,5635,5639.5,385,0
20231115,100000,5639.5,5647.7,5622.1,5629.8,2045,0
20231115,110000,5629.8,5634,5620,5620,7231,0
20231115,120000,5623.8,5625.5,5606.5,5607.8,1515,0
20231115,130000,5607.8,5617.7,5605.7,5610,728,0
20231115,140000,5610.4,5617.6,5607.4,5616,920,0
20231115,150000,5617.6,5630.8,5615.4,5628,4660,0
20231115,160000,5629.4,5631,5626.3,5628.9,222,0
20231115,170000,5629.5,5631,5614,5617.8,709,0
20231115,180000,5618.7,5627.7,5614,5622.1,425,0
20231115,190000,5620.9,5630.2,5617.7,5623.1,191,0
20231115,200000,5623.1,5627.8,5611.2,5617.8,1023,0
20231115,210000,5613.8,5623,5608.1,5610.9,250,0
20231115,220000,5610,5623,5608.1,5612.8,59,0
20231115,230000,5615.8,5623,5607.9,5607.9,141,0
20231116,090000,5615.1,5627,5613.8,5624,282,0
20231116,100000,5622,5628.9,5586.5,5589.9,3674,0
20231116,110000,5589.4,5595,5574.5,5580,1741,0
20231116,120000,5580.9,5581.1,5576,5580,1146,0
20231116,130000,5580,5590.5,5579.4,5583,829,0
20231116,140000,5583,5593.9,5583,5593.9,383,0
20231116,150000,5593.9,5593.9,5578.6,5578.9,474,0
20231116,160000,5581.9,5585.7,5507.2,5539.4,10696,0
20231116,170000,5539.4,5539.4,5515.4,5536,16109,0
20231116,180000,5531.2,5549,5520.9,5540,4993,0
20231116,190000,5543,5571.4,5543,5557.8,945,0
20231116,200000,5557.8,5571.4,5557.5,5561.4,184,0
20231116,210000,5565.8,5568.9,5561.3,5562.5,146,0
20231116,220000,5562.4,5575,5561.3,5571.9,798,0
20231116,230000,5571.9,5573.8,5563,5563.2,161,0
20231117,090000,5562.5,5562.9,5542.4,5547.6,1195,0
20231117,100000,5545,5554.8,5538.1,5554.8,269,0
20231117,110000,5551.5,5556.1,5550.1,5556.1,184,0
20231117,120000,5556.4,5565.3,5556,5565.3,1220,0
20231117,130000,5565.5,5566.9,5564,5566,266,0
20231117,140000,5564,5572.9,5560,5565.1,929,0
20231117,150000,5565.5,5573.5,5560.5,5565.1,484,0
20231117,160000,5570.4,5574,5566,5570.7,1288,0
20231117,170000,5572.9,5581.9,5568.6,5573,1886,0
20231117,180000,5572,5582.3,5567.9,5582.3,994,0
20231117,190000,5578.3,5582.9,5566,5571.1,162,0
20231117,200000,5573.9,5580.9,5570,5575.7,126,0
20231117,210000,5570.2,5582.9,5570.2,5580.7,143,0
20231117,220000,5576,5576.1,5566,5576.1,95,0
20231117,230000,5575,5580.9,5569.2,5575.9,174,0
20231120,090000,5568,5568,5552.4,5566,698,0
20231120,100000,5566,5567,5531,5531,11826,0
20231120,110000,5531.5,5541.2,5520.3,5524.1,21358,0
20231120,120000,5524.2,5526,5514.3,5515,5011,0
20231120,130000,5514.8,5517.3,5510.8,5513.4,1412,0
20231120,140000,5513.9,5513.9,5501.8,5508.7,1715,0
20231120,150000,5508.7,5514.9,5507.3,5514.9,1440,0
20231120,160000,5515,5523,5500,5500,2031,0
20231120,170000,5500,5501.7,5490.6,5498.6,2031,0
20231120,180000,5498.6,5507.4,5495.7,5506,1054,0
20231120,190000,5500.8,5513.6,5495,5502.3,1027,0
20231120,200000,5502.4,5502.6,5483,5497.2,641,0
20231120,210000,5497.3,5505.6,5497.3,5500.1,102,0
20231120,220000,5500,5504.7,5497.9,5504.6,108,0
20231120,230000,5499.5,5513.2,5499.5,5513.2,231,0
20231121,090000,5508,5517.1,5505.3,5508.3,866,0
20231121,100000,5508,5516.7,5507.1,5515.1,977,0
20231121,110000,5515.1,5520,5514.2,5517.7,554,0
20231121,120000,5520,5525.2,5519.7,5525.1,430,0
20231121,130000,5525,5529.8,5525,5529.8,279,0
20231121,140000,5528.7,5529.9,5528.3,5529,162,0
20231121,150000,5529,5536.3,5528.7,5535,508,0
20231121,160000,5535,5540,5535,5540,301,0
20231121,170000,5540.5,5559,5539.6,5558,1376,0
20231121,180000,5554.4,5557.8,5553,5556,578,0
20231121,190000,5555,5555,5536.2,5538.9,253,0
20231121,200000,5538.9,5542.4,5536,5542.4,87,0
20231121,210000,5542.5,5548,5542.5,5546,377,0
20231121,220000,5546.1,5550.8,5546.1,5549.4,78,0
20231121,230000,5550.9,5555.8,5546.1,5546.1,303,0
20231122,090000,5554.5,5564.4,5554.5,5556.4,790,0
20231122,100000,5556.4,5564.4,5553.8,5563.9,849,0
20231122,110000,5563.5,5576.1,5563.5,5574.5,3170,0
20231122,120000,5574.1,5581.5,5568.8,5574.8,2141,0
20231122,130000,5574.8,5584.3,5565.1,5568,4494,0
20231122,140000,5571.9,5571.9,5564.9,5567.5,1449,0
20231122,150000,5567.7,5568.9,5558,5566.3,1907,0
20231122,160000,5564.4,5568.9,5541.9,5545.1,4716,0
20231122,170000,5545,5556.2,5541.1,5553.3,9067,0
20231122,180000,5553.3,5555.1,5535.9,5545.8,5383,0
20231122,190000,5547.2,5549.1,5536.2,5549.1,1088,0
20231122,200000,5549.2,5549.4,5535.4,5543,477,0
20231122,210000,5542.1,5555.9,5517.8,5535.8,882,0
20231122,220000,5531.2,5543.2,5524.6,5537.4,1180,0
20231122,230000,5539.5,5547.9,5537.4,5543.7,1523,0
20231123,090000,5540.7,5540.7,5534.3,5538.6,388,0
20231123,100000,5538.6,5539.9,5521,5538.8,3251,0
20231123,110000,5539.8,5539.8,5529.6,5530.9,606,0
20231123,120000,5531.9,5533.9,5530.6,5532,177,0
20231123,130000,5532.4,5548,5532.3,5540.6,1276,0
20231123,140000,5542.2,5542.2,5540,5541.6,218,0
20231123,150000,5541.5,5545.4,5540.5,5545.3,954,0
20231123,160000,5543.9,5550,5543.9,5544.9,622,0
20231123,170000,5549.4,5561.8,5548.1,5561.8,1831,0
20231123,180000,5560.3,5560.3,5549.6,5549.6,1014,0
20231123,190000,5548.4,5549.3,5545,5549.3,117,0
20231123,200000,5545.3,5553.3,5545.2,5551.8,73,0
20231123,210000,5550.5,5554.2,5536.9,5548.6,549,0
20231123,220000,5548.5,5549.2,5542.9,5548.5,183,0
20231123,230000,5548.3,5549.2,5543.1,5549.2,34,0
20231124,090000,5549.2,5578.4,5544.4,5569.2,3292,0
20231124,100000,5567.9,5579.5,5565.3,5572,481,0
20231124,110000,5571.6,5571.6,5555.8,5558,3070,0
20231124,120000,5558,5583.3,5557.3,5574.4,3954,0
20231124,130000,5574.4,5586.2,5573.1,5585.1,1541,0
20231124,140000,5585.1,5585.5,5573.1,5578,369,0
20231124,150000,5573.3,5584.2,5567.3,5567.3,1334,0
20231124,160000,5568.5,5572.3,5560.2,5567.3,1044,0
20231124,170000,5567.3,5579.9,5562.6,5577.6,1085,0
20231124,180000,5576.8,5576.8,5563.5,5565.8,559,0
20231124,190000,5579.1,5579.1,5564.3,5569.5,163,0
20231124,200000,5570.7,5576.6,5567.8,5572,35,0
20231124,210000,5572,5578.6,5572,5578.6,67,0
20231124,220000,5578.7,5586.4,5574.9,5574.9,518,0
20231124,230000,5574.9,5579.7,5572,5579.7,141,0
20231127,090000,5579.8,5594.6,5579.8,5592.1,2403,0
20231127,100000,5592.1,5607.5,5588.2,5603.2,1583,0
20231127,110000,5604.5,5607.6,5590.9,5593.6,2777,0
20231127,120000,5593.6,5608.3,5587.2,5604,1954,0
20231127,130000,5604,5621.4,5601.3,5619.7,2643,0
20231127,140000,5616.2,5622.5,5614,5614.1,453,0
20231127,150000,5614.1,5616.2,5610.5,5614.6,369,0
20231127,160000,5616.9,5618.6,5600.4,5604.1,911,0
20231127,170000,5604.1,5607,5590.9,5596.3,2498,0
20231127,180000,5596.1,5605,5591.9,5600.8,3228,0
20231127,190000,5597.5,5603.7,5593.8,5600,214,0
20231127,200000,5600,5605.2,5600,5605.2,110,0
20231127,210000,5605.3,5617.9,5605.3,5616.9,305,0
20231127,220000,5618,5673.4,5614.9,5627,1377,0
20231127,230000,5626.5,5660,5621,5625.4,237,0
20231128,090000,5625.5,5632.9,5607.1,5609.5,1574,0
20231128,100000,5611.2,5614,5605.1,5608.2,2072,0
20231128,110000,5608.2,5608.3,5604.1,5605,382,0
20231128,120000,5605,5610.8,5603.4,5610.8,527,0
20231128,130000,5611,5615.3,5602.5,5602.5,1015,0
20231128,140000,5604,5608.9,5603.7,5608.9,190,0
20231128,150000,5607.8,5616,5607.8,5613.3,2479,0
20231128,160000,5613.1,5641.3,5607,5641.3,5386,0
20231128,170000,5641.4,5658.8,5641.3,5657.2,3389,0
20231128,180000,5657.2,5675.3,5656.8,5664.6,4846,0
20231128,190000,5672.5,5698.5,5672.5,5695.9,1281,0
20231128,200000,5695.3,5706.5,5695,5704.9,893,0
20231128,210000,5704.8,5706.5,5693.9,5696,1083,0
20231128,220000,5695.9,5699,5695.9,5698.9,198,0
20231128,230000,5698.9,5704.7,5697.5,5700,60,0
20231129,090000,5694,5704.6,5676.8,5680.9,2653,0
20231129,100000,5681.7,5690.9,5681.7,5685.5,4052,0
20231129,110000,5686,5687.2,5681,5682,604,0
20231129,120000,5682.3,5688.7,5676.3,5678,2574,0
20231129,130000,5676.2,5682,5676.2,5678.6,1265,0
20231129,140000,5678.9,5687.6,5676.1,5678.9,2230,0
20231129,150000,5678.8,5684.4,5675.1,5681.5,1208,0
20231129,160000,5681.5,5688.7,5675.1,5679.7,1626,0
20231129,170000,5678.5,5687.1,5674.1,5687.1,603,0
20231129,180000,5687.2,5689.4,5678.6,5682,389,0
20231129,190000,5687,5689.9,5685.1,5689.8,222,0
20231129,200000,5689.8,5689.8,5685.5,5686.2,63,0
20231129,210000,5686.3,5687,5685,5685.9,4398,0
20231129,220000,5685,5687.9,5685,5687.3,287,0
20231129,230000,5687.3,5687.4,5684.9,5684.9,515,0
20231130,090000,5684.8,5687.9,5684.1,5686.9,2167,0
20231130,100000,5686.9,5687.6,5684.7,5686.8,806,0
20231130,110000,5686.8,5686.9,5685,5685.8,4356,0
20231130,120000,5685.8,5686.7,5680.3,5684,2560,0
20231130,130000,5684,5684.3,5677.6,5684.3,2367,0
20231130,140000,5684.2,5686.9,5676.8,5686.9,1332,0
20231130,150000,5685.5,5693.1,5685.3,5691.4,2898,0
20231130,160000,5690.4,5707.2,5686,5702.3,4259,0
20231130,170000,5702.8,5724.6,5701.5,5723.9,1643,0
20231130,180000,5722.9,5725.2,5719,5725.2,1343,0
20231130,190000,5728.5,5750,5717.3,5725.3,1644,0
20231130,200000,5721.8,5725.3,5721.7,5723.7,76,0
20231130,210000,5722,5723.9,5718.1,5719.7,122,0
20231130,220000,5719.9,5719.9,5709,5713.2,600,0
20231130,230000,5710.1,5746,5710.1,5723.8,846,0
20231201,090000,5718.9,5744.6,5718.9,5736.3,1516,0
20231201,100000,5736,5736,5722.2,5731.2,1563,0
20231201,110000,5731.2,5768.4,5731.2,5766.5,3457,0
20231201,120000,5766.5,5785.2,5766.5,5784.7,6418,0
20231201,130000,5784.9,5796.8,5778.4,5792.1,6696,0
20231201,140000,5792.1,5793.5,5774.4,5775.8,3332,0
20231201,150000,5774.4,5776.3,5770.3,5773.1,616,0
20231201,160000,5775.3,5789.6,5775.3,5789,1563,0
20231201,170000,5789,5797.2,5784.4,5787.8,10384,0
20231201,180000,5787.8,5806.5,5781.1,5795.9,7815,0
20231201,190000,5799.9,5812,5795.9,5800,918,0
20231201,200000,5799.9,5807.3,5797.9,5805,800,0
20231201,210000,5801.1,5825.7,5800.7,5815,3030,0
20231201,220000,5814.1,5834.6,5810,5830,2054,0
20231201,230000,5830,5838.9,5830,5837.8,648,0
20231204,090000,5870,5875.3,5810.1,5874.5,12321,0
20231204,100000,5874.5,5874.9,5839.5,5843.6,18753,0
20231204,110000,5845.7,5874.9,5839.2,5871.3,15087,0
20231204,120000,5869.5,5885,5869.5,5879.4,2944,0
20231204,130000,5880,5895.4,5862.8,5890.7,4143,0
20231204,140000,5890.1,5900,5880.1,5887,8221,0
20231204,150000,5887,5893.2,5884.5,5892.9,1072,0
20231204,160000,5892.9,5901.7,5885,5886.1,2185,0
20231204,170000,5886.1,5886.1,5877.8,5884,4440,0
20231204,180000,5883.9,5885,5823.8,5837.6,8828,0
20231204,190000,5828.1,5849.7,5803,5825,1342,0
20231204,200000,5824.5,5835.7,5812.4,5829.9,1034,0
20231204,210000,5825,5825.9,5812.6,5812.6,293,0
20231204,220000,5812.8,5839.9,5812.1,5839.9,239,0
20231204,230000,5832.8,5842.4,5829,5842.4,167,0
20231205,090000,5845.9,5862.7,5837.8,5847.8,2990,0
20231205,100000,5853.2,5859.9,5845.8,5849.6,714,0
20231205,110000,5849.6,5860,5848.6,5857.2,3461,0
20231205,120000,5858.9,5859.8,5850.1,5854.6,924,0
20231205,130000,5855,5855.6,5845,5845.6,2441,0
20231205,140000,5845.9,5852,5840.8,5840.8,934,0
20231205,150000,5844,5860.8,5843.9,5859.5,3137,0
20231205,160000,5862.6,5879.5,5856.9,5879.5,1203,0
20231205,170000,5880,5884.6,5861.9,5867,4169,0
20231205,180000,5867.4,5871,5859.3,5859.3,1077,0
20231205,190000,5865,5877.6,5853.4,5859.7,763,0
20231205,200000,5859.7,5866.8,5854.2,5859.6,394,0
20231205,210000,5859.5,5867.7,5859.1,5867.7,476,0
20231205,220000,5868,5877.3,5867.7,5872,390,0
20231205,230000,5872,5882.7,5872,5880,292,0
20231206,090000,5877.7,5902,5873.4,5901,5828,0
20231206,100000,5899,5920.3,5899,5913.4,2370,0
20231206,110000,5912.9,5918,5907.8,5907.8,2664,0
20231206,120000,5908.7,5912.5,5904.2,5908.9,2201,0
20231206,130000,5908.7,5908.9,5865.1,5872.7,8864,0
20231206,140000,5872.1,5876.4,5835.4,5843.3,6068,0
20231206,150000,5849.2,5857.7,5842.6,5851.8,1756,0
20231206,160000,5851.1,5868.1,5849,5861.5,954,0
20231206,170000,5861.5,5900.7,5861.1,5899.1,2468,0
20231206,180000,5899.3,5899.5,5892.8,5894.1,2120,0
20231206,190000,5892.7,5900,5884.9,5889.7,974,0
20231206,200000,5894.7,5905.3,5892.8,5905,719,0
20231206,210000,5905,5905,5893,5893,317,0
20231206,220000,5892.7,5895,5887.8,5895,119,0
20231206,230000,5897.7,5901,5895,5900.9,21,0
20231207,090000,5899.9,5899.9,5861,5875.5,2003,0
20231207,100000,5878.4,5886,5856.1,5865.4,1048,0
20231207,110000,5862.8,5885,5860.9,5874.5,1484,0
20231207,120000,5874.2,5899,5874.2,5897.7,2406,0
20231207,130000,5899,5899.5,5888.5,5890.7,962,0
20231207,140000,5890.6,5893.6,5882.8,5883.2,893,0
20231207,150000,5884,5887.6,5880.1,5885.9,431,0
20231207,160000,5886,5897.8,5883.4,5889.2,1456,0
20231207,170000,5894.9,5894.9,5879.1,5879.2,999,0
20231207,180000,5879.2,5879.2,5850.2,5850.6,3149,0
20231207,190000,5855,5855,5790,5819,1363,0
20231207,200000,5819.7,5835,5783.9,5831.9,1293,0
20231207,210000,5826.8,5837.6,5826.8,5837.5,78,0
20231207,220000,5837.6,5837.6,5835,5837.6,34,0
20231207,230000,5837.6,5838,5832.3,5838,36,0
20231208,090000,5843.9,5853.9,5830,5840.1,2767,0
20231208,100000,5841.7,5847.4,5818,5825.1,1781,0
20231208,110000,5827.7,5832.4,5821.1,5823.7,850,0
20231208,120000,5826.6,5832.4,5810.4,5817.5,673,0
20231208,130000,5817.5,5822.5,5788,5789.6,2164,0
20231208,140000,5787.6,5802.4,5782,5782,1482,0
20231208,150000,5782,5789.2,5768.5,5789.2,945,0
20231208,160000,5789.9,5790,5760.1,5771.6,3845,0
20231208,170000,5770.3,5770.3,5710,5714,12933,0
20231208,180000,5713.1,5721.2,5699.7,5721.2,12333,0
20231208,190000,5719.9,5737.4,5718,5725.2,956,0
20231208,200000,5725.2,5725.2,5675,5701.8,1747,0
20231208,210000,5693.6,5700,5607,5680.7,3286,0
20231208,220000,5680.1,5722.6,5673.4,5701.9,1945,0
20231208,230000,5701.8,5705,5695.2,5695.4,472,0
20231211,090000,5699.1,5708.4,5690,5704.2,3825,0
20231211,100000,5703.5,5703.7,5672.1,5673.5,5612,0
20231211,110000,5673.3,5673.3,5650,5663.5,3372,0
20231211,120000,5663.5,5666,5650.1,5650.1,955,0
20231211,130000,5651.3,5658.5,5638.7,5639.9,3941,0
20231211,140000,5639.9,5650.8,5638.8,5640,1317,0
20231211,150000,5639,5656,5638.6,5653.8,1044,0
20231211,160000,5656,5660.7,5623.6,5641.1,5904,0
20231211,170000,5642.3,5648.5,5625,5627.4,7717,0
20231211,180000,5627.4,5644.9,5624.1,5628.3,3471,0
20231211,190000,5633.5,5633.6,5610,5615.2,456,0
20231211,200000,5615.2,5616.4,5610,5614.1,189,0
20231211,210000,5612.4,5615,5609.9,5613,655,0
20231211,220000,5614.7,5616.1,5610.3,5616.1,147,0
20231211,230000,5612.4,5614,5595.7,5595.7,1413,0
20231212,090000,5600,5632.6,5600,5627.4,3252,0
20231212,100000,5625.7,5630.1,5616.3,5623.5,776,0
20231212,110000,5618.2,5618.2,5605,5606.7,313,0
20231212,120000,5606.7,5608.6,5590,5600.4,2030,0
20231212,130000,5600.4,5611,5591.2,5610.3,981,0
20231212,140000,5610.4,5612.2,5600,5601,1491,0
20231212,150000,5603.5,5615,5593,5613,1200,0
20231212,160000,5613,5621.1,5589.3,5590,4097,0
20231212,170000,5588.6,5596.3,5587.7,5587.8,3917,0
20231212,180000,5587.7,5587.8,5571.1,5578.8,4500,0
20231212,190000,5589.9,5589.9,5572.6,5579.2,185,0
20231212,200000,5579.2,5579.6,5571,5571.8,136,0
20231212,210000,5578.4,5578.9,5570.8,5571.1,92,0
20231212,220000,5576.8,5579.9,5571.7,5577.9,58,0
20231212,230000,5577.9,5578,5572,5578,66,0
20231213,090000,5578,5579,5558,5562.1,1148,0
20231213,100000,5561.1,5565.3,5558.9,5564.5,2754,0
20231213,110000,5565.3,5573.9,5561.2,5573.9,892,0
20231213,120000,5573.9,5578,5573.2,5576.5,980,0
20231213,130000,5578,5578.1,5572.8,5576.1,597,0
20231213,140000,5576.4,5580.7,5565.1,5572,1038,0
20231213,150000,5570.2,5573.5,5564.9,5564.9,305,0
20231213,160000,5563.1,5573.3,5562.6,5569.6,1183,0
20231213,170000,5570.7,5580,5564.3,5576.6,1684,0
20231213,180000,5577.4,5583.8,5574.5,5576.2,6037,0
20231213,190000,5580.9,5598.4,5580.9,5598.4,214,0
20231213,200000,5598.6,5607.2,5597.1,5607,329,0
20231213,210000,5601.8,5605,5595.1,5599,358,0
20231213,220000,5599,5656,5599,5648.1,1683,0
20231213,230000,5648,5656.1,5637.4,5656.1,310,0
20231214,090000,5662,5692.6,5656.3,5688.5,3494,0
20231214,100000,5688.5,5701.8,5671.4,5674.2,3852,0
20231214,110000,5676.8,5711.3,5676.4,5692.4,4836,0
20231214,120000,5691.1,5713.9,5691,5711.6,1822,0
20231214,130000,5711.1,5727.4,5711.1,5716.5,1991,0
20231214,140000,5717,5723.9,5686.5,5722.1,7610,0
20231214,150000,5721.8,5729.7,5714.3,5722.4,2124,0
20231214,160000,5727.1,5741.1,5704.9,5730.9,2743,0
20231214,170000,5730.9,5784.8,5728,5768.9,6202,0
20231214,180000,5767.1,5779.3,5699.1,5741.9,13999,0
20231214,190000,5742,5745.8,5728.2,5739.2,274,0
20231214,200000,5739.8,5743.9,5720.3,5725,264,0
20231214,210000,5725,5734.2,5702.3,5710,1256,0
20231214,220000,5716.4,5735.5,5711,5728.6,298,0
20231214,230000,5734,5739.9,5729.1,5738,161,0
20231215,090000,5734.9,5734.9,5711.2,5711.7,890,0
20231215,100000,5710.1,5718,5700,5711,1399,0
20231215,110000,5711,5730,5710,5730,1252,0
20231215,120000,5731.9,5738.8,5720.1,5725.3,1904,0
20231215,130000,5729.4,5739.4,5724.6,5739.4,4507,0
20231215,140000,5737.1,5737.1,5724.7,5730.4,353,0
20231215,150000,5732,5740,5729.6,5729.6,1885,0
20231215,160000,5730,5734.4,5717.1,5719.9,1276,0
20231215,170000,5720,5729.3,5719.5,5726.9,778,0
20231215,180000,5729.4,5733.3,5719.6,5724.5,956,0
20231215,190000,5729.4,5740.5,5722,5734.4,342,0
20231215,200000,5734.4,5737.6,5729.6,5736.5,157,0
20231215,210000,5732.6,5738,5676.4,5682.1,2187,0
20231215,220000,5682.1,5691.3,5670,5691.2,571,0
20231215,230000,5691.2,5719.9,5690.1,5691.2,1417,0
20231218,090000,5696.3,5711.9,5696.3,5711.9,907,0
20231218,100000,5711.9,5716.5,5705,5707,3548,0
20231218,110000,5706.1,5710,5704.6,5709,2747,0
20231218,120000,5710,5711,5705.5,5710.9,1658,0
20231218,130000,5708.5,5710.3,5704.6,5704.6,1410,0
20231218,140000,5707.9,5709.1,5703,5709,800,0
20231218,150000,5705.5,5732.4,5704.1,5715.1,1732,0
20231218,160000,5718.5,5718.5,5711.1,5716.9,409,0
20231218,170000,5716.8,5716.9,5670.8,5683.7,8737,0
20231218,180000,5684.5,5693,5684.1,5689.8,1074,0
20231218,190000,5689.2,5689.2,5670,5670,741,0
20231218,200000,5672.9,5680.8,5610,5678,3127,0
20231218,210000,5678,5680.8,5667,5667.1,154,0
20231218,220000,5667,5671.9,5665,5671.9,152,0
20231218,230000,5671.9,5672,5671.9,5672,29,0
20231219,090000,5678.5,5684.7,5672,5674.5,1217,0
20231219,100000,5674.5,5691.7,5662.1,5689.3,2289,0
20231219,110000,5691.9,5691.9,5667.2,5680.1,418,0
20231219,120000,5683.5,5690,5678,5689.9,1003,0
20231219,130000,5690,5690,5683.1,5687,993,0
20231219,140000,5688.6,5697.6,5687.3,5697.6,1865,0
20231219,150000,5697.6,5697.6,5684.1,5694.2,1198,0
20231219,160000,5692.9,5696.9,5688,5691,2007,0
20231219,170000,5696.9,5712.4,5696.9,5712.4,5794,0
20231219,180000,5712.5,5742,5710.3,5723,6641,0
20231219,190000,5724,5741,5720.1,5740,599,0
20231219,200000,5740,5740,5720,5720.7,530,0
20231219,210000,5721,5726.7,5717,5718.6,475,0
20231219,220000,5718.6,5726,5718.6,5726,42,0
20231219,230000,5724,5727,5718.6,5726.9,154,0
20231220,090000,5740,5741.9,5704.8,5726.9,2958,0
20231220,100000,5722.6,5730.5,5704.2,5724.5,4756,0
20231220,110000,5725,5729.8,5719.5,5729.8,551,0
20231220,120000,5729.8,5738.9,5725.7,5732,1332,0
20231220,130000,5730,5730,5719.6,5722.1,1154,0
20231220,140000,5726.2,5732.9,5719.7,5723.7,4357,0
20231220,150000,5724.1,5729.4,5721.1,5721.1,1083,0
20231220,160000,5723,5726.6,5719,5723.3,1685,0
20231220,170000,5726.5,5734.2,5725.8,5729.8,5077,0
20231220,180000,5729,5729,5717.1,5720.9,583,0
20231220,190000,5722.7,5740,5722.7,5729.5,599,0
20231220,200000,5732.3,5740,5726,5739.9,44,0
20231220,210000,5734.8,5740,5729,5729,616,0
20231220,220000,5734.3,5740,5732,5732,1698,0
20231220,230000,5732,5732,5721.1,5727,119,0
20231221,090000,5727.1,5730.9,5711,5724.4,424,0
20231221,100000,5719.3,5729.4,5705.4,5718.4,3295,0
20231221,110000,5718.3,5718.7,5700.1,5712,2343,0
20231221,120000,5710,5753.4,5710,5736.9,4510,0
20231221,130000,5735.4,5747.1,5726.1,5730.6,2249,0
20231221,140000,5726.1,5736.9,5718.7,5736.9,1992,0
20231221,150000,5736.9,5787,5732.4,5761.4,8779,0
20231221,160000,5760.7,5826.9,5751.2,5799,23121,0
20231221,170000,5792.6,5792.6,5777,5790,572,0
20231221,180000,5782.9,5831,5780.1,5809.2,3328,0
20231221,190000,5812,5832.5,5805,5825.7,615,0
20231221,200000,5812.8,5824.4,5800,5800,386,0
20231221,210000,5800,5804,5793.3,5804,158,0
20231221,220000,5804,5807.5,5800.1,5800.1,117,0
20231221,230000,5804,5807.5,5795.5,5807.5,182,0
20231222,090000,5802.5,5818.3,5792.1,5817.4,2622,0
20231222,100000,5816.4,5835.8,5811,5823.5,2822,0
20231222,110000,5821.6,5836.6,5809.6,5826.3,3174,0
20231222,120000,5823.8,5832.5,5815.4,5815.5,3554,0
20231222,130000,5817,5817,5803.7,5817,1779,0
20231222,140000,5817.5,5826.2,5812.4,5822,1529,0
20231222,150000,5822,5823,5815.5,5815.5,764,0
20231222,160000,5815.5,5832,5807.6,5830.6,3419,0
20231222,170000,5832.5,5846.2,5822.7,5823.6,2851,0
20231222,180000,5823.6,5840.1,5823.6,5834.4,3193,0
20231222,190000,5833.9,5833.9,5813.6,5815,515,0
20231222,200000,5814.1,5820,5810.2,5816.4,388,0
20231222,210000,5815.2,5820,5815.1,5816.3,172,0
20231222,220000,5816.3,5816.3,5812.1,5812.1,244,0
20231222,230000,5813.6,5819.9,5812.9,5819.9,194,0
20231225,090000,5813.4,5833,5811.9,5831.7,1397,0
20231225,100000,5829,5839.6,5822,5838.4,2496,0
20231225,110000,5838.3,5858.2,5836.2,5857,1120,0
20231225,120000,5857.1,5860,5847.5,5851.4,2162,0
20231225,130000,5851.4,5860,5845,5846.6,1563,0
20231225,140000,5849,5856,5849,5856,473,0
20231225,150000,5856,5872.3,5852.3,5867,7821,0
20231225,160000,5867,5880,5856.3,5864.7,5161,0
20231225,170000,5864.3,5871.4,5862,5868.8,498,0
20231225,180000,5865.1,5871.4,5865.1,5865.1,502,0
20231225,190000,5871.3,5879.5,5865.1,5868.4,1194,0
20231225,200000,5872.3,5872.4,5866.6,5872.4,276,0
20231225,210000,5869,5875.6,5850,5850,1391,0
20231225,220000,5850.1,5869.6,5850,5862.5,321,0
20231225,230000,5860.6,5870,5860.6,5864.5,24,0
20231226,090000,5869.5,5874.9,5861.5,5872.5,1680,0
20231226,100000,5872.5,5879,5872.5,5878.9,1112,0
20231226,110000,5877.7,5878.5,5864,5869.3,2478,0
20231226,120000,5870.3,5871.2,5864.7,5866.6,391,0
20231226,130000,5869.7,5873,5859.1,5864.2,504,0
20231226,140000,5869.4,5884.1,5869.4,5884.1,1018,0
20231226,150000,5884.1,5885,5876.3,5879.9,999,0
20231226,160000,5880,5888,5878,5887.5,1790,0
20231226,170000,5888,5895,5886.8,5894.4,6265,0
20231226,180000,5894.4,5907.8,5885,5890,3280,0
20231226,190000,5888,5893.8,5880.6,5884.6,811,0
20231226,200000,5890.2,5890.2,5884.5,5884.5,267,0
20231226,210000,5884.5,5884.5,5881.6,5881.6,280,0
20231226,220000,5881.6,5884.3,5880.2,5881.4,422,0
20231226,230000,5881.4,5887.5,5881.4,5882.7,912,0
20231227,090000,5900.2,5918.3,5889.7,5914,3233,0
20231227,100000,5909.7,5916,5908.5,5909.1,1487,0
20231227,110000,5909,5921.6,5907.5,5921.6,2332,0
20231227,120000,5921.6,5940,5919.9,5940,2511,0
20231227,130000,5939,5940,5924.6,5930,2269,0
20231227,140000,5930,5935.4,5918.9,5925.3,1577,0
20231227,150000,5925.4,5933,5918.5,5928,2276,0
20231227,160000,5928,5928.9,5910,5921.4,1041,0
20231227,170000,5921,5926.8,5916.6,5925,1123,0
20231227,180000,5925,5934.8,5917.4,5924.5,990,0
20231227,190000,5920.5,5923.4,5881.3,5917.9,2210,0
20231227,200000,5917.9,5925.7,5910.6,5925.4,4864,0
20231227,210000,5925.5,5929.9,5910.5,5910.5,361,0
20231227,220000,5914.9,5914.9,5891,5891,550,0
20231227,230000,5893.1,5910.9,5893.1,5899.8,297,0
20231228,090000,5927.3,5929.9,5900.5,5915.1,992,0
20231228,100000,5920,5920,5869.2,5874,7763,0
20231228,110000,5874,5874,5826.4,5847,7332,0
20231228,120000,5847,5869.6,5830.9,5868,4526,0
20231228,130000,5867.5,5868,5845.7,5853.1,3003,0
20231228,140000,5853.3,5853.3,5841.2,5846.1,1214,0
20231228,150000,5846.9,5847.3,5835.1,5847.2,4053,0
20231228,160000,5846.8,5847.7,5832.7,5843.4,5740,0
20231228,170000,5843.4,5878.1,5839.3,5878.1,2774,0
20231228,180000,5879,5886,5873.3,5873.3,5374,0
20231228,190000,5874.5,5883.2,5853.9,5853.9,771,0
20231228,200000,5852.5,5857.4,5850.5,5850.6,1477,0
20231228,210000,5853.3,5859.1,5846.9,5855.1,603,0
20231228,220000,5859.4,5859.4,5844.7,5844.7,452,0
20231228,230000,5844.5,5848.9,5840.1,5847.4,29,0
