20241223,100000,8660,8685,8586.3,8586.8,57150,0
20241223,110000,8586.8,8605.6,8552,8598.3,30148,0
20241223,120000,8598,8608.4,8580,8586.4,18274,0
20241223,130000,8587.3,8587.3,8516.1,8535.3,26264,0
20241223,140000,8533.3,8533.3,8506.3,8520.4,26477,0
20241223,150000,8520.4,8523.1,8474.6,8514.7,49094,0
20241223,160000,8515.3,8547.8,8495.6,8536.5,28680,0
20241223,170000,8536.4,8544.3,8510,8526.9,17407,0
20241223,180000,8529.1,8542.9,8510.1,8521.3,18269,0
20241223,190000,8516,8541,8492.2,8537.6,17584,0
20241223,200000,8538.2,8544,8511.1,8513.8,6240,0
20241223,210000,8513.8,8523.7,8512.4,8514.3,3348,0
20241223,220000,8514.4,8533.2,8514,8524,4870,0
20241223,230000,8525.2,8532.2,8516,8516.5,3004,0
20241224,100000,8532.2,8542,8485.5,8502.8,30993,0
20241224,110000,8505.7,8531.8,8505.7,8511,21222,0
20241224,120000,8511,8521.2,8489.9,8491.2,19373,0
20241224,130000,8492.6,8501.4,8473,8475.5,21694,0
20241224,140000,8475.5,8477,8433,8463.6,31842,0
20241224,150000,8462.6,8484.2,8457.8,8478.2,19537,0
20241224,160000,8479.9,8498.3,8463.8,8481.2,13124,0
20241224,170000,8480.6,8484.9,8458.3,8469.9,12601,0
20241224,180000,8468.2,8479.4,8441.7,8453.4,15852,0
20241224,190000,8456,8489.9,8452.9,8489.1,12983,0
20241224,200000,8489,8518.9,8488,8501,10188,0
20241224,210000,8502.4,8510,8490.1,8504.6,5269,0
20241224,220000,8502.7,8511.9,8498.4,8509,6212,0
20241224,230000,8508,8509.2,8499.8,8499.8,3892,0
20241225,100000,8491.3,8513.1,8476.1,8480.1,33361,0
20241225,110000,8480,8485.2,8458.1,8477.3,22386,0
20241225,120000,8477.3,8481,8464.2,8473.5,12866,0
20241225,130000,8473.4,8476.7,8469,8473.5,5328,0
20241225,140000,8475.7,8476.1,8454,8464.5,8585,0
20241225,150000,8464.3,8479.3,8451.2,8458.5,13129,0
20241225,160000,8458,8472.9,8447.6,8449.9,19465,0
20241225,170000,8449.9,8462.6,8442.8,8452.7,9503,0
20241225,180000,8453.5,8491.2,8448.1,8452.8,24093,0
20241225,190000,8458.8,8475.1,8453,8464.9,7776,0
20241225,200000,8464.6,8469.1,8460,8463.8,3180,0
20241225,210000,8463.2,8463.9,8454.5,8456.6,1917,0
20241225,220000,8456.6,8472.4,8454.9,8467,1381,0
20241225,230000,8467,8471.2,8460.6,8471.2,1349,0
20241226,100000,8471.3,8497.5,8465,8495.9,23271,0
20241226,110000,8495.4,8543.2,8495.3,8510.2,41314,0
20241226,120000,8510.2,8512.7,8470.6,8492.1,40447,0
20241226,130000,8491.9,8493.9,8472,8480.2,9612,0
20241226,140000,8487.7,8489.9,8465,8473.8,11243,0
20241226,150000,8474.6,8474.7,8448,8451.4,17457,0
20241226,160000,8451.4,8461.1,8419,8421.1,28118,0
20241226,170000,8421,8452.1,8401.5,8450.1,26087,0
20241226,180000,8450,8476.4,8446,8471.1,15582,0
20241226,190000,8466.8,8473,8449.7,8455.2,7164,0
20241226,200000,8455.2,8460.5,8440.7,8452.3,2982,0
20241226,210000,8450.4,8480,8450.3,8478.4,4891,0
20241226,220000,8479,8479.7,8462.9,8465.2,4055,0
20241226,230000,8469.1,8470.9,8450,8464.3,3671,0
20241227,100000,8470.6,8475.2,8420.4,8429.8,45242,0
20241227,110000,8429.6,8433.7,8379.4,8387.3,57972,0
20241227,120000,8387.1,8438.5,8369.5,8438.5,38254,0
20241227,130000,8438.3,8468.9,8434.3,8466.5,24383,0
20241227,140000,8466.8,8494,8449,8493.9,19688,0
20241227,150000,8493.9,8586,8491,8492.1,54563,0
20241227,160000,8492.2,8494.8,8444.5,8453.5,38757,0
20241227,170000,8453.4,8462.6,8401.1,8408.4,30792,0
20241227,180000,8409,8443.5,8406.7,8442,12988,0
20241227,190000,8434.6,8473.9,8417.6,8453.6,15706,0
20241227,200000,8456,8460,8433.2,8440,7323,0
20241227,210000,8442.4,8452.6,8423.6,8439.7,7784,0
20241227,220000,8440.8,8440.8,8420,8435.9,8122,0
20241227,230000,8435.6,8438,8425,8425,2548,0
20241228,100000,8424.9,8469.9,8424.9,8469.6,18846,0
20241228,110000,8467.5,8480.1,8448.1,8468.7,15588,0
20241228,120000,8468.7,8482.8,8466.2,8478.4,12649,0
20241228,130000,8478.1,8488.2,8471.9,8488.2,12252,0
20241228,140000,8488.3,8514.5,8481.9,8499.5,18698,0
20241228,150000,8500.2,8533.1,8500.2,8521.8,20312,0
20241228,160000,8523.8,8528.5,8501.7,8517.8,22130,0
20241228,170000,8517.8,8540.9,8511.5,8532.3,17171,0
20241228,180000,8532.3,8569,8532.2,8555,23060,0
20241228,190000,8555,8563.2,8540,8558,6972,0
20241228,200000,8558,8560,8548.7,8548.7,1964,0
20241228,210000,8548.7,8559.7,8531.1,8547.3,6957,0
20241228,220000,8547.3,8547.5,8532,8540,5484,0
20241228,230000,8541.5,8559.6,8534.7,8559.6,5139,0
20241230,100000,8549.9,8578.3,8473.1,8499.9,46021,0
20241230,110000,8497.7,8572.7,8490.6,8561,30200,0
20241230,120000,8559.7,8605.9,8559.7,8581.7,21879,0
20241230,130000,8581.7,8636.4,8579.7,8612.1,23899,0
20241230,140000,8610.2,8617.5,8588.5,8598.4,10635,0
20241230,150000,8599.5,8623.2,8592,8623.2,8309,0
20241230,160000,8621,8626.7,8568.8,8571.7,15006,0
20241230,170000,8570.4,8589.8,8555.2,8587.8,14861,0
20241230,180000,8588.8,8588.8,8538,8545.7,14000,0
20241230,190000,8545.5,8556.4,8530.5,8545.2,5625,0
20241230,200000,8545.5,8568.5,8544.9,8568.5,2920,0
20241230,210000,8569,8579.5,8561.1,8579.2,3405,0
20241230,220000,8579.2,8579.6,8558.5,8574.8,4595,0
20241230,230000,8576.7,8590,8574.7,8580.1,4449,0
20250103,100000,8685.9,8816,8650.2,8802,65992,0
20250103,110000,8802,8819.9,8778.5,8785.5,33123,0
20250103,120000,8788.6,8800.5,8737.6,8759.8,20464,0
20250103,130000,8761.7,8785.3,8759.5,8780.2,11147,0
20250103,140000,8781.8,8787,8760,8772.7,13397,0
20250103,150000,8770.6,8774.6,8735.1,8766.5,21203,0
20250103,160000,8766.5,8771,8707.1,8740,13530,0
20250103,170000,8741.7,8754,8725,8741.3,7465,0
20250103,180000,8740,8740,8710,8722.9,9829,0
20250103,190000,8723,8745.9,8715.3,8715.9,8135,0
20250103,200000,8717.3,8736.8,8717.2,8730.6,3660,0
20250103,210000,8730.5,8737.4,8722.7,8735,1822,0
20250103,220000,8734.8,8741.5,8732.4,8738.6,2938,0
20250103,230000,8738.7,8742,8723,8742,3715,0
20250106,100000,8723.9,8739.9,8587.5,8620.3,51414,0
20250106,110000,8615.8,8651,8601.2,8631.4,21715,0
20250106,120000,8632,8654.9,8626.2,8633.6,9845,0
20250106,130000,8632.6,8632.6,8571.5,8598,22450,0
20250106,140000,8598,8659.2,8571.6,8639.7,26911,0
20250106,150000,8638.6,8642.5,8616.2,8633,11264,0
20250106,160000,8631.5,8649,8563.9,8572.8,30494,0
20250106,170000,8571.8,8592.2,8551.1,8582.8,20164,0
20250106,180000,8584.7,8624.8,8577.1,8619.9,15172,0
20250106,190000,8619.9,8639.9,8605.6,8624.5,12118,0
20250106,200000,8625.2,8628.5,8605,8617.7,6362,0
20250106,210000,8617.7,8627,8605.7,8618,4241,0
20250106,220000,8617.9,8628.3,8616.7,8623.1,5314,0
20250106,230000,8627,8643.5,8619,8643.5,2734,0
20250108,100000,8673,8707.7,8653.3,8677.9,42487,0
20250108,110000,8678.8,8682.6,8624.9,8637.9,24210,0
20250108,120000,8637.9,8650.7,8623.7,8632.1,9981,0
20250108,130000,8631.1,8642.2,8613.4,8626.5,11236,0
20250108,140000,8626.5,8629.1,8615.8,8626.9,6190,0
20250108,150000,8626.8,8627.4,8610.8,8622.5,5059,0
20250108,160000,8622.9,8649.3,8622.9,8645.4,11758,0
20250108,170000,8644.2,8672.2,8641.7,8646.6,19851,0
20250108,180000,8646.6,8658.8,8640.3,8649.8,8827,0
20250108,190000,8649,8676.4,8643.9,8676.4,5155,0
20250108,200000,8675.9,8698.8,8641,8658.9,17646,0
20250108,210000,8658.7,8669.8,8636.5,8646.4,7247,0
20250108,220000,8649,8669.8,8643.6,8666,2615,0
20250108,230000,8665.9,8687.5,8665.9,8676.3,3955,0
20250109,100000,8677.9,8739.4,8677.9,8719.7,48119,0
20250109,110000,8720,8747.7,8708,8739.5,24856,0
20250109,120000,8739.9,8770,8721.8,8731.9,45915,0
20250109,130000,8731.3,8759.8,8731.3,8758.8,11241,0
20250109,140000,8758.6,8778.1,8753.4,8775.8,17466,0
20250109,150000,8777.7,8785.5,8740.1,8759.5,20743,0
20250109,160000,8759.4,8777.5,8752.6,8764.6,24565,0
20250109,170000,8764.7,8764.7,8744,8750.6,10221,0
20250109,180000,8748.4,8755.8,8739,8748.7,6940,0
20250109,190000,8746.6,8749.7,8727.2,8741,7283,0
20250109,200000,8741.5,8759.8,8733.4,8747.4,5881,0
20250109,210000,8748.5,8768.8,8745.6,8763.9,4320,0
20250109,220000,8764.9,8765,8751.6,8759.8,1761,0
20250109,230000,8759.2,8766,8753,8758.4,2312,0
20250110,100000,8766,8819,8766,8814.1,39973,0
20250110,110000,8814.1,8836.6,8809.2,8820.4,36165,0
20250110,120000,8820.1,8849.7,8820.1,8836.3,16092,0
20250110,130000,8837.8,8849,8822.1,8824.7,20960,0
20250110,140000,8822.9,8839.6,8810,8825.4,23062,0
20250110,150000,8823.7,8826.9,8814.4,8815.2,12069,0
20250110,160000,8815.1,8858.4,8778.7,8854.3,39055,0
20250110,170000,8854.7,8895.9,8848.3,8872.6,43007,0
20250110,180000,8872,8909.5,8861.3,8894,18591,0
20250110,190000,8892.2,8930.4,8871.9,8929.6,14489,0
20250110,200000,8929.4,8930.8,8892.9,8898.6,8082,0
20250110,210000,8901.2,8908.3,8885,8888,6493,0
20250110,220000,8888,8904.7,8881.2,8904.1,5109,0
20250110,230000,8896.1,8913.6,8894.6,8900,4503,0
20250113,100000,8911.7,8935.5,8900,8911.3,46362,0
20250113,110000,8912.6,8941.9,8905.1,8925.4,19478,0
20250113,120000,8924.7,8928.4,8892.7,8897,24879,0
20250113,130000,8898.6,8898.6,8835.3,8843.1,38474,0
20250113,140000,8841.9,8893.3,8820,8870,41519,0
20250113,150000,8870,8870,8838,8850.8,15748,0
20250113,160000,8850.7,8863.7,8840,8858.1,9433,0
20250113,170000,8858.3,8864.3,8833,8845.9,11721,0
20250113,180000,8849.9,8861.6,8840.6,8846.1,6227,0
20250113,190000,8850.6,8855.5,8840.6,8840.6,5934,0
20250113,200000,8840.6,8840.6,8813.8,8833.6,17428,0
20250113,210000,8833.3,8850,8821,8843.4,6587,0
20250113,220000,8844.9,8855,8835.4,8838.9,3598,0
20250113,230000,8841.8,8844.3,8835.4,8840.8,1332,0
20250114,100000,8850,8908.3,8850,8895.1,28242,0
20250114,110000,8896.2,8901.6,8873.5,8880.6,18971,0
20250114,120000,8879.8,8884.6,8846.4,8852.1,15449,0
20250114,130000,8851.5,8870.7,8814.1,8862.6,38530,0
20250114,140000,8865.2,8880,8830.1,8871.1,55861,0
20250114,150000,8871.1,8879.5,8847.4,8857.1,14457,0
20250114,160000,8856.9,8875,8824.1,8845,28059,0
20250114,170000,8846.1,8848.6,8828,8843.9,11119,0
20250114,180000,8843.9,8888,8843.9,8860.6,15303,0
20250114,190000,8861,8872.4,8854.2,8863,3331,0
20250114,200000,8863,8873.4,8847.9,8860.1,5534,0
20250114,210000,8857.7,8879.2,8855.8,8879.1,3772,0
20250114,220000,8879.1,8887.6,8873.5,8885.5,5643,0
20250114,230000,8887.2,8890,8867,8879.4,3007,0
20250115,100000,8890.2,8936.1,8880.8,8905.2,36894,0
20250115,110000,8904.2,8927,8885.9,8903.5,16418,0
20250115,120000,8904.9,8929.8,8893.9,8926,19096,0
20250115,130000,8926,8947.9,8915.8,8935.9,24221,0
20250115,140000,8936.8,8945,8923.1,8931,14442,0
20250115,150000,8929.7,8930.2,8916.9,8920.7,9397,0
20250115,160000,8920.7,8950,8919.8,8947.4,18651,0
20250115,170000,8947.3,8955.4,8913.5,8929.5,21714,0
20250115,180000,8928.1,8932.1,8910,8930.9,11872,0
20250115,190000,8926.7,8956.5,8870.1,8935,19730,0
20250115,200000,8932,8942.7,8926.1,8942.1,4899,0
20250115,210000,8941.6,8945,8927.5,8938.3,3891,0
20250115,220000,8939.2,8953,8931,8942.2,6323,0
20250115,230000,8942.1,8953,8941.9,8942.2,4021,0
20250116,100000,8940,8967,8934.2,8959.6,27851,0
20250116,110000,8959.5,8969.5,8944.8,8956.5,10439,0
20250116,120000,8953.5,8979.5,8941.5,8978.4,14804,0
20250116,130000,8975.9,8980,8966.3,8969.4,8426,0
20250116,140000,8973.1,8978.4,8968.3,8970.1,5715,0
20250116,150000,8970,8974,8962,8969,5961,0
20250116,160000,8969.1,8996.5,8966.9,8988.4,22387,0
20250116,170000,8989.9,9000,8977.3,8997.4,26409,0
20250116,180000,8997.6,8999.9,8985.5,8993.5,12949,0
20250116,190000,8997,9012,8989.7,9009,10280,0
20250116,200000,9009,9019.9,9009,9013.8,5871,0
20250116,210000,9014.1,9020.2,8996.6,9000.9,8292,0
20250116,220000,9000.9,9009.7,9000,9006,4585,0
20250116,230000,9006.3,9020,9000,9003.1,3131,0
20250117,100000,9008.3,9022.7,8981.2,8984.2,30720,0
20250117,110000,8983.3,8989,8964.1,8975.7,21731,0
20250117,120000,8971.8,8979.5,8945.9,8963.1,30304,0
20250117,130000,8961.1,8966.8,8950.5,8958.1,12533,0
20250117,140000,8958.1,8985.7,8954.1,8980.1,13702,0
20250117,150000,8982.5,8998,8982.4,8992.8,13141,0
20250117,160000,8993.9,8994,8972.9,8978.3,15886,0
20250117,170000,8980,8986.4,8959.9,8966.6,22828,0
20250117,180000,8965.2,8978.4,8960,8963,19789,0
20250117,190000,8964.9,8983.9,8964.9,8983.8,9238,0
20250117,200000,8983.8,8983.8,8967.8,8977.4,5122,0
20250117,210000,8977.3,8980.6,8960,8960,6311,0
20250117,220000,8960.1,8964,8953.2,8953.7,5023,0
20250117,230000,8953.2,8955,8934.8,8944.7,12658,0
20250120,100000,8952.7,8987.5,8925.5,8940.7,42438,0
20250120,110000,8940.6,8955,8926,8928.4,17991,0
20250120,120000,8929,8943.2,8920.1,8935.9,17209,0
20250120,130000,8933.1,8941.1,8923,8929.8,15568,0
20250120,140000,8929.8,8931.4,8916.7,8920.8,15335,0
20250120,150000,8919.7,8922,8898.5,8905,19193,0
20250120,160000,8905,8912.4,8886.9,8902.5,32914,0
20250120,170000,8901.2,8922,8890.7,8917.2,25328,0
20250120,180000,8916.4,8935.5,8907.3,8926.9,16310,0
20250120,190000,8923.4,8926.9,8900,8905.9,7004,0
20250120,200000,8908.4,8926.5,8903,8919.1,3549,0
20250120,210000,8919.1,8926.5,8912.9,8926.2,3675,0
20250120,220000,8926.1,8933.1,8920.8,8920.8,2816,0
20250120,230000,8920.8,8925.2,8911.1,8915,2053,0
20250121,100000,8940.4,8980.5,8940.3,8969.9,38043,0
20250121,110000,8969.9,8971.9,8896.8,8902,55361,0
20250121,120000,8900.1,8900.4,8860,8860.5,32776,0
20250121,130000,8860.5,8881.5,8845,8858.7,26941,0
20250121,140000,8857.5,8886.7,8843.5,8885.4,23152,0
20250121,150000,8885.2,8885.4,8849.2,8849.2,12164,0
20250121,160000,8849.2,8874,8838,8861.8,30170,0
20250121,170000,8863,8868.6,8851.1,8865.5,12711,0
20250121,180000,8865,8868.6,8830.1,8840,13118,0
20250121,190000,8848,8882.5,8847.7,8879.3,12424,0
20250121,200000,8882.1,8900,8872,8879.1,21638,0
20250121,210000,8879.3,8891.5,8876,8890.3,3049,0
20250121,220000,8890.4,8890.5,8864.5,8887.1,4942,0
20250121,230000,8887.6,8889,8867.8,8875,1681,0
20250122,100000,8876.5,8899.7,8851.1,8865.1,32594,0
20250122,110000,8865.1,8897.2,8860,8878.9,16173,0
20250122,120000,8878.9,8886.4,8868.6,8875,4016,0
20250122,130000,8875,8881.7,8865,8870,12971,0
20250122,140000,8870,8871.7,8853.7,8862.9,12746,0
20250122,150000,8862.9,8862.9,8831,8850.5,19234,0
20250122,160000,8850.5,8868.5,8835.6,8849.8,14737,0
20250122,170000,8848.1,8858.5,8830.5,8846.3,13429,0
20250122,180000,8843.9,8849.4,8836.9,8845.3,4990,0
20250122,190000,8848.2,8876.9,8818.2,8869.4,21271,0
20250122,200000,8867.5,8873.6,8852.7,8863.4,6471,0
20250122,210000,8867.3,8890,8861,8889.6,9600,0
20250122,220000,8889.7,8889.8,8871.4,8886.9,4906,0
20250122,230000,8886.9,8887.7,8855,8876,3846,0
20250123,100000,8871.2,8896.9,8856,8893.8,25410,0
20250123,110000,8893.8,8905.6,8892.3,8898.7,21876,0
20250123,120000,8898.7,8900.9,8869.5,8881,14304,0
20250123,130000,8882.5,8883.5,8865.7,8881.8,12011,0
20250123,140000,8880.9,8887.8,8858.9,8860.8,7709,0
20250123,150000,8862.4,8862.4,8846.4,8854.4,11196,0
20250123,160000,8857.2,8858.9,8830,8835.4,13651,0
20250123,170000,8837.4,8851.6,8831.1,8842.5,8378,0
20250123,180000,8842.5,8850,8831,8841.7,15142,0
20250123,190000,8841.4,8904.2,8841.4,8891.7,20590,0
20250123,200000,8892,8896.1,8882.5,8892.3,5049,0
20250123,210000,8892.4,8904.2,8891,8897.2,6487,0
20250123,220000,8897.2,8911,8897.2,8904,8006,0
20250123,230000,8903.4,8904,8892,8897.7,3475,0
20250124,100000,8930,8950.8,8880.2,8881.1,35562,0
20250124,110000,8881.1,8883.4,8848.8,8858.9,29900,0
20250124,120000,8858.1,8863.7,8826,8831.7,25027,0
20250124,130000,8831.6,8868.3,8828.1,8864.9,13599,0
20250124,140000,8865,8889.8,8862.3,8884.9,12203,0
20250124,150000,8884.9,8891,8871.2,8878,7424,0
20250124,160000,8879.2,8904.9,8876.3,8889.4,12217,0
20250124,170000,8889.4,8898.7,8877.4,8886.7,8731,0
20250124,180000,8886.8,8903.6,8878.3,8884.2,6721,0
20250124,190000,8892.8,8892.8,8859.6,8864.2,6862,0
20250124,200000,8864.2,8878.3,8860.3,8870.5,2107,0
20250124,210000,8870.2,8876.9,8867,8872.1,3616,0
20250124,220000,8870.2,8875.9,8866.1,8875.8,4022,0
20250124,230000,8875,8876.6,8863.8,8863.8,2954,0
20250127,090000,8863.8,8863.8,8825.8,8848.8,15371,0
20250127,100000,8849.1,8849.1,8741,8743.9,62761,0
20250127,110000,8743.9,8775,8716.8,8717.3,59567,0
20250127,120000,8716.8,8734.3,8709.2,8733.6,40505,0
20250127,130000,8733.7,8770,8733.7,8751.1,19821,0
20250127,140000,8750,8779.9,8730,8775.6,24293,0
20250127,150000,8775.6,8778.3,8731.8,8753.4,31862,0
20250127,160000,8753.4,8757.8,8722.4,8732.5,15513,0
20250127,170000,8733.6,8743.6,8717.3,8736.8,20929,0
20250127,180000,8737.9,8753,8718.1,8740,15904,0
20250127,190000,8738,8745.6,8725.6,8729,11411,0
20250127,200000,8729,8738.3,8716,8729.3,7229,0
20250127,210000,8729.3,8745,8727.9,8735.6,3696,0
20250127,220000,8736,8745,8735,8742.3,2359,0
20250127,230000,8740.5,8749.1,8734.5,8745,2682,0
20250128,090000,8745,8771.1,8743.3,8758.6,10736,0
20250128,100000,8757.3,8814.4,8755,8762.6,67284,0
20250128,110000,8766,8768,8726,8739.6,26220,0
20250128,120000,8742.9,8745.7,8715.8,8718,12190,0
20250128,130000,8717.4,8717.4,8685.8,8686,42457,0
20250128,140000,8686.1,8688.1,8670,8681.2,17177,0
20250128,150000,8681.3,8700,8675.2,8683.4,15625,0
20250128,160000,8684.1,8700,8678.2,8689.1,6753,0
20250128,170000,8690.6,8697.3,8663.2,8679.3,18092,0
20250128,180000,8678.1,8700,8676.5,8690,14517,0
20250128,190000,8696.5,8730,8693.8,8725.2,12106,0
20250128,200000,8724.6,8730.3,8720.5,8726.7,5134,0
20250128,210000,8728,8731.4,8725.3,8728.7,4578,0
20250128,220000,8728.6,8731.4,8725.4,8727.5,3710,0
20250128,230000,8727.5,8731.4,8725.3,8731.3,2944,0
20250129,090000,8726.4,8734.8,8700.9,8723.1,10390,0
20250129,100000,8722.1,8746.9,8668,8682,35763,0
20250129,110000,8681,8717.9,8679,8712.5,12143,0
20250129,120000,8712.4,8721.2,8700.6,8711.6,8003,0
20250129,130000,8712.8,8714.4,8694.6,8712,19125,0
20250129,140000,8713,8737.9,8708.7,8708.7,18947,0
20250129,150000,8710,8715.3,8686.9,8692,13515,0
20250129,160000,8692,8703.4,8684.4,8699.9,6075,0
20250129,170000,8699.9,8708,8690,8692.8,9042,0
20250129,180000,8690.7,8703,8685,8687.5,11967,0
20250129,190000,8695,8699,8685.1,8688,2749,0
20250129,200000,8688.2,8694.4,8681.6,8681.7,3893,0
20250129,210000,8681.7,8693.6,8680,8688.8,2108,0
20250129,220000,8688.9,8698.5,8667,8688.3,12521,0
20250129,230000,8693.6,8698.9,8686.3,8691,1964,0
20250130,090000,8695,8719.2,8691.4,8719.1,4501,0
20250130,100000,8719.1,8739.8,8704.2,8737.8,18622,0
20250130,110000,8736.5,8772.9,8735.8,8753.4,34362,0
20250130,120000,8754.9,8765.9,8731.1,8740.5,11982,0
20250130,130000,8737.2,8749.7,8733.5,8746.2,8127,0
20250130,140000,8746.2,8760.9,8727.9,8729.3,32415,0
20250130,150000,8728.8,8746.7,8714.2,8740.3,23171,0
20250130,160000,8739.3,8760,8716,8746.2,29087,0
20250130,170000,8746.5,8772,8729.6,8765,28517,0
20250130,180000,8764.7,8780,8757.5,8768.1,25202,0
20250130,190000,8771.8,8787.5,8750.2,8750.2,16144,0
20250130,200000,8751.8,8764,8745.4,8764,4369,0
20250130,210000,8763.9,8773.6,8759.8,8772.7,4001,0
20250130,220000,8771.7,8772.7,8757.2,8764.5,4246,0
20250130,230000,8767.2,8774,8760.1,8772.2,2824,0
20250131,090000,8757.4,8800,8756.8,8794.1,19735,0
20250131,100000,8794,8848.4,8786,8823,36661,0
20250131,110000,8823.3,8825.9,8783.1,8785.2,23943,0
20250131,120000,8785.7,8800.3,8775.6,8798.6,12439,0
20250131,130000,8798.7,8819.3,8786.8,8801,13973,0
20250131,140000,8787.6,8807,8772.9,8791.5,10170,0
20250131,150000,8790.4,8802.6,8780,8802.6,16122,0
20250131,160000,8802.6,8823.9,8802.6,8810.2,11424,0
20250131,170000,8811.2,8848.4,8806.5,8844.2,18885,0
20250131,180000,8844.2,8888.9,8844,8850.2,42324,0
20250131,190000,8850,8874,8841,8844.1,9910,0
20250131,200000,8847.5,8851.1,8812.3,8841.8,9055,0
20250131,210000,8837.9,8841.7,8820.5,8826.2,6229,0
20250131,220000,8826.5,8831.5,8811,8819.6,4660,0
20250131,230000,8819.5,8838.3,8813.6,8836.2,3915,0
20250203,090000,8809.4,8868,8809.4,8860,22409,0
20250203,100000,8860,8908.1,8860,8882.3,32021,0
20250203,110000,8882.6,8907.5,8870.4,8885.5,14748,0
20250203,120000,8885.5,8898.3,8852.7,8867.7,44118,0
20250203,130000,8868.3,8873.9,8842.9,8853.8,18625,0
20250203,140000,8854.2,8888,8854.2,8881.2,14626,0
20250203,150000,8881.2,8916.8,8878,8909,18211,0
20250203,160000,8909,8922.6,8885,8899.1,19395,0
20250203,170000,8899,8932.2,8885,8929.2,19767,0
20250203,180000,8929.1,8935.8,8868,8881.2,40068,0
20250203,190000,8885,8922,8870.7,8879.7,9722,0
20250203,200000,8881.8,8892,8881.8,8886.4,2994,0
20250203,210000,8887.1,8892,8885.6,8892,5719,0
20250203,220000,8892,8892,8890,8890.6,6196,0
20250203,230000,8891.3,8892,8883.1,8891.8,3995,0
20250204,090000,8889,8889,8840.4,8865.5,35403,0
20250204,100000,8865.6,8881.4,8846.4,8848.5,36679,0
20250204,110000,8847.1,8876.9,8846.4,8858.2,16797,0
20250204,120000,8859.4,8888,8855.7,8880,14146,0
20250204,130000,8881.7,8884.4,8850.1,8855,15150,0
20250204,140000,8855,8858,8846.4,8849.5,6238,0
20250204,150000,8849,8873,8848,8869,6725,0
20250204,160000,8869.1,8896.5,8866.7,8883.9,24701,0
20250204,170000,8884,8907,8884,8897.8,16673,0
20250204,180000,8899.1,8905,8871.2,8879.8,13549,0
20250204,190000,8876,8904.5,8876,8900.7,9140,0
20250204,200000,8900.8,8910.7,8899.3,8910.6,14164,0
20250204,210000,8910.5,8928.8,8907.9,8918.3,16021,0
20250204,220000,8918.1,8938.3,8916.5,8926.5,7174,0
20250204,230000,8928,8933.3,8922.8,8924.2,3194,0
20250205,090000,8949.3,8990.2,8945.1,8990.2,23726,0
20250205,100000,8990,8990.2,8954.6,8972.2,38653,0
20250205,110000,8971.6,8972.7,8911.5,8924.4,50677,0
20250205,120000,8924.4,8940,8900,8908.6,37669,0
20250205,130000,8908.1,8918.9,8859.6,8871.1,44644,0
20250205,140000,8871.1,8910,8855,8905.2,26234,0
20250205,150000,8907.2,8912.5,8889.3,8905.6,20909,0
20250205,160000,8904.4,8910.6,8865.5,8883.2,16132,0
20250205,170000,8883.7,8899.4,8872,8889.2,14426,0
20250205,180000,8893.6,8897,8854.2,8866.1,20363,0
20250205,190000,8870,8892,8800,8851.9,39340,0
20250205,200000,8852,8860.1,8835.2,8850,9787,0
20250205,210000,8850,8853,8824.5,8827.9,8001,0
20250205,220000,8826.2,8838.6,8810,8814.5,11574,0
20250205,230000,8812.2,8831.2,8807.3,8822.2,4974,0
20250206,090000,8824.5,8848.2,8765,8770.2,23054,0
20250206,100000,8772.9,8828.1,8753.9,8826.1,71108,0
20250206,110000,8826.1,8860,8825,8858.9,37707,0
20250206,120000,8857.8,8872,8830.4,8841,21378,0
20250206,130000,8841,8872.5,8829.6,8860.6,13657,0
20250206,140000,8860.6,8878.3,8852,8869.4,15510,0
20250206,150000,8872.1,8896.8,8860,8893.6,20482,0
20250206,160000,8893.6,8933.8,8883,8918.4,31856,0
20250206,170000,8918.7,8956.1,8897.2,8899,42821,0
20250206,180000,8900,8935.8,8884,8929.2,27035,0
20250206,190000,8923,8941,8904.2,8910,10373,0
20250206,200000,8910,8919.9,8903.6,8917.5,2298,0
20250206,210000,8916.6,8924.4,8915,8923.2,3599,0
20250206,220000,8923.1,8925.1,8917.9,8923.1,1632,0
20250206,230000,8923.1,8928.7,8918.6,8923.6,2060,0
20250207,090000,8934.8,8966.5,8931.5,8941,10191,0
20250207,100000,8940.7,8975,8933.3,8966.5,23840,0
20250207,110000,8967,8973.6,8934.6,8946.2,18627,0
20250207,120000,8945.1,8960.1,8925,8933.9,20481,0
20250207,130000,8933.8,8933.8,8893,8903,20027,0
20250207,140000,8903.9,8940.8,8897.4,8933,9854,0
20250207,150000,8930.1,8932.9,8907.5,8907.5,14847,0
20250207,160000,8907.1,8952,8900,8941.3,21474,0
20250207,170000,8942,9000,8933.3,8989.4,74353,0
20250207,180000,8989.4,9023,8987.7,9012,37389,0
20250207,190000,9009.6,9017,8923.6,8963.1,41649,0
20250207,200000,8963.1,8973.7,8950,8968.5,11992,0
20250207,210000,8968.6,8975.2,8962.1,8967.1,4278,0
20250207,220000,8965.7,8968.8,8961.8,8963.5,2061,0
20250207,230000,8963.6,8965.6,8962,8965,4654,0
20250210,090000,8980,9032.8,8976,9017,28319,0
20250210,100000,9011.3,9040.3,8997.2,9031.3,35291,0
20250210,110000,9030.2,9031.7,9000.4,9015.7,19379,0
20250210,120000,9014.3,9023.5,9000,9007.6,16311,0
20250210,130000,9006.8,9029.9,9004.3,9023.9,13896,0
20250210,140000,9024,9026.9,9004.7,9017,8873,0
20250210,150000,9017,9025,9012.3,9013.4,7648,0
20250210,160000,9012.2,9024.4,8990.6,9006.3,19396,0
20250210,170000,9006.2,9012,8980.8,8996.8,18909,0
20250210,180000,8995.7,9009.8,8984.2,8985,8773,0
20250210,190000,8989.1,9000.6,8977.7,8982.9,10258,0
20250210,200000,8982.8,8996.4,8976.9,8991.2,4664,0
20250210,210000,8994,9003.6,8985.3,9000,3425,0
20250210,220000,9001.4,9017.5,8986.1,9013.1,5581,0
20250210,230000,9013.3,9020.1,9005,9012.1,3608,0
20250211,090000,9028.5,9060,9016.4,9021.4,19199,0
20250211,100000,9021.6,9021.6,8971.2,8992.5,28385,0
20250211,110000,8992.6,9029.6,8951.5,8964,29855,0
20250211,120000,8964.6,8968.8,8918.6,8934.3,38110,0
20250211,130000,8934.4,8950.2,8911.4,8936.1,19930,0
20250211,140000,8937.5,8955.6,8922,8930,14993,0
20250211,150000,8930.4,8953.7,8913,8916.3,22522,0
20250211,160000,8916.8,8916.8,8870,8902.9,47183,0
20250211,170000,8905,8925.5,8889.3,8893.8,12522,0
20250211,180000,8894,8912.8,8877.8,8901,17093,0
20250211,190000,8901,8920,8884.8,8896.1,11105,0
20250211,200000,8896.3,8919.8,8892.7,8917.6,4490,0
20250211,210000,8917.6,8919.9,8910,8917.5,2096,0
20250211,220000,8919.8,8925.8,8902.8,8905.2,2708,0
20250211,230000,8906.9,8909.5,8885,8895.3,2962,0
20250212,090000,8877.8,8896,8853,8865.5,12214,0
20250212,100000,8865.2,8881.2,8788,8792.7,53030,0
20250212,110000,8791.1,8791.8,8739.8,8755.3,55681,0
20250212,120000,8755.3,8785.3,8750,8762.3,22553,0
20250212,130000,8764,8765.6,8697.7,8706.2,55700,0
20250212,140000,8706.5,8742,8703,8739.2,19521,0
20250212,150000,8739.2,8776,8738,8769.2,35141,0
20250212,160000,8769.7,8783.1,8725,8776.6,46122,0
20250212,170000,8775.9,8790,8756.2,8765.8,25411,0
20250212,180000,8766.9,8768.4,8735.8,8740,21487,0
20250212,190000,8740,8768.3,8731.3,8752.1,9508,0
20250212,200000,8751.2,8751.4,8611.4,8656.6,82363,0
20250212,210000,8658.9,8658.9,8421.4,8525,107153,0
20250212,220000,8525,8568.3,8430,8448.4,100503,0
20250212,230000,8450.1,8511.8,8435.1,8498.8,33228,0
20250213,090000,8550,8588.6,8497.5,8506.3,28248,0
20250213,100000,8510.3,8700,8509.6,8693.2,129021,0
20250213,110000,8695.7,8702.4,8599.6,8608.3,84737,0
20250213,120000,8608.3,8613.8,8570,8600.8,27790,0
20250213,130000,8600.4,8642.9,8593.9,8635,18804,0
20250213,140000,8635.2,8636,8609.5,8612.7,14749,0
20250213,150000,8613.1,8687.1,8595,8660.6,27880,0
20250213,160000,8660.5,8669.2,8607,8608.6,25391,0
20250213,170000,8607.1,8660,8605.3,8637.6,17487,0
20250213,180000,8637.7,8645.7,8617,8630,9330,0
20250213,190000,8627.8,8632,8575.7,8579.1,14363,0
20250213,200000,8578.8,8627.4,8577.7,8627.4,5647,0
20250213,210000,8627.2,8638.1,8603.7,8635.9,7112,0
20250213,220000,8636.2,8645.7,8631.1,8636.7,4895,0
20250213,230000,8636.8,8636.9,8600,8600,4841,0
20250214,090000,8597,8630.2,8550,8569,34999,0
20250214,100000,8569.1,8685.3,8569,8645,48730,0
20250214,110000,8645,8654.8,8592.6,8606.8,34171,0
20250214,120000,8605.7,8636.7,8597.2,8626.7,19899,0
20250214,130000,8629.2,8672.1,8626.7,8666.6,30098,0
20250214,140000,8662.8,8678,8630,8662.8,51733,0
20250214,150000,8663,8742,8656.4,8734.9,69865,0
20250214,160000,8734.9,8772.5,8703.7,8717.2,74606,0
20250214,170000,8717.2,8745,8699.9,8699.9,51146,0
20250214,180000,8699.9,8702.7,8632.6,8657.1,50547,0
20250214,190000,8664,8750,8625,8655.8,20230,0
20250214,200000,8660.4,8675.1,8638.7,8647,8733,0
20250214,210000,8644.5,8646.5,8629,8631.8,13643,0
20250214,220000,8631.8,8637.1,8630.3,8630.3,16713,0
20250214,230000,8630.3,8646.2,8628.2,8638,12030,0
20250217,090000,8653.4,8679.1,8625.5,8644.8,59164,0
20250217,100000,8647.9,8693.6,8582.6,8637.7,87526,0
20250217,110000,8639.2,8651.8,8615.1,8635.3,33034,0
20250217,120000,8635.3,8639.3,8618.9,8627.7,24099,0
20250217,130000,8626.8,8629,8600.4,8619.4,20912,0
20250217,140000,8618.6,8629.3,8608.4,8619.1,9721,0
20250217,150000,8620.9,8626.9,8600.5,8605.9,14602,0
20250217,160000,8606,8613.7,8576,8583.3,34178,0
20250217,170000,8581,8581,8505.8,8559.9,62862,0
20250217,180000,8559.8,8561.4,8516.4,8516.5,24121,0
20250217,190000,8518.1,8538,8484.9,8523.4,17400,0
20250217,200000,8524.4,8541.6,8505.8,8513.6,6574,0
20250217,210000,8512.2,8534.1,8507.8,8512,4719,0
20250217,220000,8512.9,8530.1,8510.5,8515.7,4922,0
20250217,230000,8518,8543.6,8516.2,8525,4466,0
20250218,090000,8545.4,8608.4,8545.4,8583.7,15774,0
20250218,100000,8585.5,8626.9,8583.6,8602.5,35186,0
20250218,110000,8602.5,8605.7,8571.4,8577.9,26924,0
20250218,120000,8577.7,8583.4,8567.9,8581.5,23169,0
20250218,130000,8581.5,8581.6,8563,8576,7979,0
20250218,140000,8573.8,8608.1,8550,8567.6,37341,0
20250218,150000,8568,8622.1,8565,8585.6,24402,0
20250218,160000,8584.8,8603.2,8573,8588,22396,0
20250218,170000,8587.6,8620,8584.4,8616.8,28307,0
20250218,180000,8618.9,8629.5,8606.4,8612.6,20913,0
20250218,190000,8620.4,8637.9,8600,8637.8,9620,0
20250218,200000,8637.9,8667.3,8637.8,8656,16747,0
20250218,210000,8656,8660.6,8623.2,8654.9,14704,0
20250218,220000,8657,8659.3,8643.3,8656.5,5135,0
20250218,230000,8656.7,8658.5,8638,8640,2080,0
20250219,090000,8626,8665,8602.6,8604.3,10261,0
20250219,100000,8604.3,8636.1,8600,8609.8,19374,0
20250219,110000,8608.8,8638.7,8600,8622.5,22549,0
20250219,120000,8623.2,8630.4,8601.6,8612,12881,0
20250219,130000,8609.6,8620.6,8581.4,8593,21402,0
20250219,140000,8593.4,8620,8576.1,8581.5,20818,0
20250219,150000,8581.5,8608.5,8575,8590.7,17574,0
20250219,160000,8590.6,8607.6,8578,8593.1,10373,0
20250219,170000,8592.4,8642.9,8590.5,8623.7,25170,0
20250219,180000,8623.1,8626.5,8601.6,8601.6,10217,0
20250219,190000,8601.7,8602.2,8560.3,8570.9,21564,0
20250219,200000,8573.1,8573.3,8545,8547.7,13952,0
20250219,210000,8545.1,8545.1,8496.4,8530.1,12778,0
20250219,220000,8530.1,8548,8471,8542.6,25373,0
20250219,230000,8542.9,8549.3,8535,8535,7164,0
20250220,090000,8557.8,8599.4,8552.8,8596.6,9367,0
20250220,100000,8596.5,8614.9,8537.3,8539.6,35311,0
20250220,110000,8539.7,8571.8,8511,8521.3,28807,0
20250220,120000,8521.6,8546.6,8500,8501.9,24154,0
20250220,130000,8501.9,8510.4,8453.1,8486.8,38698,0
20250220,140000,8492.2,8492.6,8453,8454.4,25277,0
20250220,150000,8454.3,8490.1,8430.3,8470.3,33991,0
20250220,160000,8470.6,8474.1,8407,8432.6,33078,0
20250220,170000,8430.4,8438.2,8382.5,8410.7,43448,0
20250220,180000,8410.7,8426.9,8383,8383,27657,0
20250220,190000,8390,8415.6,8372,8372.1,19364,0
20250220,200000,8372.2,8375,8330.2,8357.5,31875,0
20250220,210000,8355.3,8371.8,8340.5,8362.8,8357,0
20250220,220000,8362.6,8365,8338.2,8357.8,6275,0
20250220,230000,8357.1,8367,8354.4,8367,2225,0
20250221,090000,8351.9,8352,8254.4,8316.8,50011,0
20250221,100000,8316.8,8376.5,8286.9,8354.2,69681,0
20250221,110000,8354.3,8357.2,8291,8320.6,69559,0
20250221,120000,8322,8354,8297,8349.8,28614,0
20250221,130000,8349.8,8446.9,8345.1,8421,90538,0
20250221,140000,8420.8,8462.4,8374.4,8384.7,52185,0
20250221,150000,8384.7,8440,8384.7,8437.6,22912,0
20250221,160000,8437.1,8450.1,8416,8416.1,33622,0
20250221,170000,8416.1,8437.1,8379.9,8380.6,25305,0
20250221,180000,8379.9,8386.6,8320.5,8335,46768,0
20250221,190000,8341.4,8372.8,8334.4,8350.6,13896,0
20250221,200000,8352.2,8379.2,8349.2,8372.2,6165,0
20250221,210000,8372.2,8394.4,8347.2,8392,6438,0
20250221,220000,8392,8394.6,8373,8377.6,3558,0
20250221,230000,8379.1,8389.5,8346.4,8378.7,4023,0
20250224,090000,8394.7,8394.7,8330,8343.5,14421,0
20250224,100000,8344.4,8428.4,8336.6,8417.3,69458,0
20250224,110000,8418,8440,8350,8375.5,55003,0
20250224,120000,8372.5,8372.5,8336,8351.8,30873,0
20250224,130000,8351.8,8366,8340,8354.9,27723,0
20250224,140000,8354.9,8381.6,8353.1,8374.1,24589,0
20250224,150000,8375,8384.6,8340,8363,15741,0
20250224,160000,8359.6,8392.4,8357.7,8387.3,21106,0
20250224,170000,8390.1,8390.2,8340.7,8350.5,30237,0
20250224,180000,8349.7,8353.1,8296.7,8305.6,37423,0
20250224,190000,8307.1,8337,8297.7,8328,10055,0
20250224,200000,8327.9,8335.1,8304.2,8307.2,6742,0
20250224,210000,8306.3,8312.1,8290.2,8302.6,15792,0
20250224,220000,8302.6,8309.9,8295,8300.4,4475,0
20250224,230000,8301,8302.7,8255,8283.2,7664,0
20250225,090000,8278.2,8288.3,8265,8274.2,16957,0
20250225,100000,8271.5,8291.6,8225.2,8232.9,73697,0
20250225,110000,8225.9,8246.8,8219.4,8219.4,25854,0
20250225,120000,8219.4,8243.5,8214.2,8243,24398,0
20250225,130000,8241,8243.5,8219.3,8219.3,20636,0
20250225,140000,8220.4,8243.4,8219.3,8235.9,12853,0
20250225,150000,8235.3,8239.6,8185.3,8198.9,42514,0
20250225,160000,8198.9,8209.8,8195.2,8204.6,12372,0
20250225,170000,8203.9,8237.9,8195.8,8196,23537,0
20250225,180000,8196,8200.4,8074.1,8110.7,77646,0
20250225,190000,8105.1,8113.9,8034.4,8057.8,76451,0
20250225,200000,8058.4,8119,8053.3,8117.4,20438,0
20250225,210000,8116.4,8118.1,8079.8,8096.2,11710,0
20250225,220000,8098.4,8103.9,8085.2,8090.7,8508,0
20250225,230000,8090.7,8103.2,8085.1,8100.5,3119,0
20250226,090000,8110,8156.2,8100.5,8124.8,25340,0
20250226,100000,8123,8150,8113.6,8143.9,40909,0
20250226,110000,8143.9,8145.9,8088.7,8092.9,43441,0
20250226,120000,8094.5,8095.6,8024,8039.4,49531,0
20250226,130000,8039.4,8152.9,8025.5,8131.1,70952,0
20250226,140000,8128.2,8205.8,8122.1,8128.8,76813,0
20250226,150000,8133.1,8166.8,8129.3,8164.8,17023,0
20250226,160000,8165.2,8189.4,8146.9,8161.8,20091,0
20250226,170000,8163.3,8275,8131.4,8236.6,76631,0
20250226,180000,8239.2,8252.9,8185.8,8221.3,36349,0
20250226,190000,8233.5,8300.1,8233.5,8270.2,31374,0
20250226,200000,8270.3,8290.3,8250.6,8288.6,8178,0
20250226,210000,8288.2,8312.8,8279.3,8310,17466,0
20250226,220000,8310,8311.1,8291.5,8297.1,10634,0
20250226,230000,8299.7,8311.1,8286.5,8304.4,3598,0
20250227,090000,8258.9,8270.9,8231.4,8250.6,28056,0
20250227,100000,8253,8314.8,8161.1,8170.8,80991,0
20250227,110000,8169.3,8195.7,8123.5,8184.1,66085,0
20250227,120000,8184.5,8224.8,8137.8,8201.2,46126,0
20250227,130000,8201.3,8206,8178.1,8195.9,24056,0
20250227,140000,8195.9,8209.5,8176.9,8178.3,14292,0
20250227,150000,8178.3,8187,8161,8163,19755,0
20250227,160000,8162.3,8232.4,8153,8207.1,49155,0
20250227,170000,8208.2,8242.7,8180.2,8228.9,60598,0
20250227,180000,8231,8255.5,8211.1,8231.3,51146,0
20250227,190000,8242.7,8290,8230,8282,11843,0
20250227,200000,8285,8317.2,8265.7,8316.3,12916,0
20250227,210000,8315.6,8324.2,8293.4,8315.3,13722,0
20250227,220000,8313.6,8316.3,8272.5,8287.7,8221,0
20250227,230000,8284.9,8305,8275,8294.8,11323,0
20250228,090000,8273.6,8274,8234.9,8255.7,18237,0
20250228,100000,8255.9,8267.4,8191.1,8196.8,58591,0
20250228,110000,8197.3,8202.6,8175,8196.9,27147,0
20250228,120000,8196.1,8215.8,8190.8,8202.4,13653,0
20250228,130000,8204.3,8208.4,8190.2,8196.5,10380,0
20250228,140000,8199.9,8215.3,8180,8214.2,17337,0
20250228,150000,8214.1,8225,8184.3,8206.2,34918,0
20250228,160000,8210,8250.6,8205.7,8214.4,41434,0
20250228,170000,8214.8,8220.2,8180,8191.3,44774,0
20250228,180000,8189.3,8199,8164.6,8168.5,34139,0
20250228,190000,8182.4,8218.4,8126.2,8130.3,22928,0
20250228,200000,8130.8,8164.5,8112.9,8147.8,25527,0
20250228,210000,8148,8189.9,8130.5,8174,17262,0
20250228,220000,8172,8199.4,8158,8158,9420,0
20250228,230000,8159,8159,8115.9,8136,9273,0
20250303,090000,8156.8,8259.4,8150.2,8239.7,24987,0
20250303,100000,8243,8275,8221.7,8228.7,26764,0
20250303,110000,8230,8238,8196,8219,19038,0
20250303,120000,8217.2,8256.4,8216.2,8243.7,20086,0
20250303,130000,8243.8,8269.2,8237,8262.2,17489,0
20250303,140000,8263.3,8318.6,8263.3,8314.5,38265,0
20250303,150000,8314.5,8320,8291.4,8309.4,25161,0
20250303,160000,8311.2,8329,8305,8315.8,28720,0
20250303,170000,8317.6,8353.8,8297.8,8301.4,50739,0
20250303,180000,8302.9,8327.6,8293.7,8307,53407,0
20250303,190000,8307.1,8356.5,8306.2,8327.8,18419,0
20250303,200000,8327.9,8348,8311.9,8322.6,9293,0
20250303,210000,8324.1,8352.6,8296,8345.6,18349,0
20250303,220000,8345.7,8349.2,8247.7,8269.2,29357,0
20250303,230000,8266.9,8307.5,8261.8,8305,7093,0
20250304,090000,8305,8328,8261.4,8286.1,22048,0
20250304,100000,8288.6,8358.8,8275.4,8348.6,42691,0
20250304,110000,8349.8,8403,8332.5,8403,60325,0
20250304,120000,8403,8432.6,8396,8415.4,36081,0
20250304,130000,8415.7,8415.7,8395.3,8405.1,20167,0
20250304,140000,8405.1,8422.1,8399.2,8405,21183,0
20250304,150000,8404,8436,8401.5,8417.2,37808,0
20250304,160000,8418.1,8436.8,8415,8432.3,18457,0
20250304,170000,8435,8435,8367.8,8369,60185,0
20250304,180000,8369,8400.9,8362.4,8365.4,22727,0
20250304,190000,8367,8385.2,8327,8373,22652,0
20250304,200000,8373,8373,8346,8346.3,7924,0
20250304,210000,8346.1,8351.5,8336,8348,5173,0
20250304,220000,8350.1,8369,8349,8368.4,4071,0
20250304,230000,8368.6,8394.3,8366.2,8379.9,7614,0
20250305,090000,8380,8409.9,8380,8409.9,16549,0
20250305,100000,8408.9,8463.4,8408.8,8452.5,43272,0
20250305,110000,8452.5,8465.9,8448.8,8459.5,24015,0
20250305,120000,8459.9,8463,8437.1,8442.2,31545,0
20250305,130000,8442.5,8443.1,8415,8439,28363,0
20250305,140000,8431.6,8465,8431.6,8455,18518,0
20250305,150000,8455,8461.7,8434.7,8452.5,16336,0
20250305,160000,8453.8,8456,8369.1,8398.3,55908,0
20250305,170000,8396.7,8432.8,8380,8410.6,37850,0
20250305,180000,8409.9,8439.5,8400,8430,15045,0
20250305,190000,8430,8483.8,8413.1,8461.3,19077,0
20250305,200000,8460.1,8464.3,8430.2,8443,8416,0
20250305,210000,8443.6,8469,8436.8,8456.7,10891,0
20250305,220000,8456.6,8489.8,8446,8476.4,13209,0
20250305,230000,8479.9,8500,8475.6,8489,6153,0
20250306,090000,8490,8512.8,8471,8498.1,20239,0
20250306,100000,8496.7,8505.7,8440.1,8441,32502,0
20250306,110000,8441,8460.1,8405.2,8421.5,42373,0
20250306,120000,8420.1,8426.2,8371,8371.6,40815,0
20250306,130000,8372,8413,8370.6,8391.1,22766,0
20250306,140000,8396,8414.9,8390.2,8404.8,5903,0
20250306,150000,8406.3,8423.1,8388.9,8398.2,9518,0
20250306,160000,8399.1,8412.5,8381,8391.7,12643,0
20250306,170000,8386.7,8430.6,8384.2,8420,14389,0
20250306,180000,8420,8438.7,8408.2,8425.2,13557,0
20250306,190000,8426.8,8456.4,8425,8450.5,10458,0
20250306,200000,8450.7,8479,8430.9,8435.9,11383,0
20250306,210000,8435.5,8459.9,8434.7,8449.6,4217,0
20250306,220000,8450.6,8450.7,8420.3,8423.7,7534,0
20250306,230000,8423.3,8430.8,8409.6,8420,3546,0
20250307,090000,8415.3,8436.2,8390.1,8435.9,8709,0
20250307,100000,8436.7,8437.5,8412.4,8426.6,10951,0
20250307,110000,8427.4,8430.5,8411,8423.1,13562,0
20250307,120000,8423.2,8434.5,8401.8,8409.1,52918,0
20250307,130000,8408,8408,8382,8398.3,29868,0
20250307,140000,8399.4,8409.4,8375.5,8381.3,15281,0
20250307,150000,8381.9,8392.7,8333.8,8335,31533,0
20250307,160000,8335,8364,8320,8349,50158,0
20250307,170000,8348.4,8416.4,8323.8,8394.7,45705,0
20250307,180000,8397.7,8419.4,8358.8,8360.7,20662,0
20250307,190000,8390,8409,8348,8348,8702,0
20250307,200000,8350.2,8360,8260,8288.7,41583,0
20250307,210000,8285.5,8317,8275.3,8308,12207,0
20250307,220000,8305.4,8306.7,8271.5,8284,8956,0
20250307,230000,8285.1,8293.1,8275.2,8280.6,5319,0
20250310,090000,8290,8340,8290,8325.4,19576,0
20250310,100000,8325.4,8360,8313.1,8324.5,35688,0
20250310,110000,8323.6,8325.9,8283.1,8297.6,30419,0
20250310,120000,8297.3,8340.5,8294.4,8326.6,29841,0
20250310,130000,8325,8326.4,8271.3,8288.4,43201,0
20250310,140000,8285.2,8294.3,8256.1,8280.7,19836,0
20250310,150000,8283,8289.3,8260.1,8279.2,14670,0
20250310,160000,8280.5,8280.5,8254,8271.6,15895,0
20250310,170000,8272.2,8282.6,8215,8223.1,27779,0
20250310,180000,8223,8236.1,8193.1,8199.9,27389,0
20250310,190000,8203.5,8215,8150,8158.8,20589,0
20250310,200000,8158.9,8158.9,8131,8138.9,15297,0
20250310,210000,8139.2,8153.6,8132.9,8144.4,7934,0
20250310,220000,8142.9,8159.9,8134,8150.8,6871,0
20250310,230000,8150.8,8174.2,8150.8,8165.3,2839,0
20250311,090000,8185.4,8207.9,8147,8180.5,21260,0
20250311,100000,8180.2,8197.7,8140.9,8180,25556,0
20250311,110000,8180,8200,8173,8193.2,14669,0
20250311,120000,8191.6,8195.4,8141.9,8148.5,17991,0
20250311,130000,8148.5,8156,8121,8137.2,21357,0
20250311,140000,8134.7,8139.7,8115.6,8131.4,9733,0
20250311,150000,8130.5,8135.1,8092.3,8127.9,21259,0
20250311,160000,8127.5,8135.4,8100.1,8117.5,20788,0
20250311,170000,8120.2,8127.4,8108.5,8113.7,8853,0
20250311,180000,8111.7,8169,8090.8,8165,42581,0
20250311,190000,8165,8176.5,8140,8156.3,12018,0
20250311,200000,8155.4,8170.7,8145.5,8156.1,5951,0
20250311,210000,8158.5,8255,8156.4,8248,31020,0
20250311,220000,8246.8,8277.4,8223.3,8237,30757,0
20250311,230000,8235.9,8236.1,8200,8211.7,19085,0
20250312,090000,8209.6,8220,8165,8174,13746,0
20250312,100000,8176,8234.2,8173,8214.9,48409,0
20250312,110000,8212.6,8217.6,8181,8197.1,15991,0
20250312,120000,8198.5,8218.9,8193,8210.5,12028,0
20250312,130000,8208.5,8213.1,8200.5,8204.4,17321,0
20250312,140000,8204.4,8239.7,8200,8221.4,36591,0
20250312,150000,8224.6,8236.5,8205.5,8216.8,19493,0
20250312,160000,8216.7,8229.3,8175,8216,21743,0
20250312,170000,8216.9,8231.5,8200.4,8225.2,18687,0
20250312,180000,8228.6,8266,8216,8222.8,22553,0
20250312,190000,8223.4,8258.8,8216.8,8251.5,12174,0
20250312,200000,8251.7,8269.5,8244.5,8253.2,9312,0
20250312,210000,8251.9,8280,8245,8272.2,4795,0
20250312,220000,8269.8,8288.7,8255.2,8259.5,12286,0
20250312,230000,8259.2,8279.5,8255.3,8264.7,3551,0
20250313,090000,8275,8308.1,8268.5,8301.3,17906,0
20250313,100000,8300.9,8308.1,8270.6,8279.7,37622,0
20250313,110000,8278.6,8279.9,8229.1,8240.8,42479,0
20250313,120000,8240,8245,8224.3,8236.4,29338,0
20250313,130000,8233.8,8233.8,8205.3,8217.9,36402,0
20250313,140000,8217.2,8255.6,8210,8246,28454,0
20250313,150000,8246.9,8261,8220,8237,15647,0
20250313,160000,8235,8277.8,8227.1,8268.2,20628,0
20250313,170000,8268.2,8308.2,8268.2,8284.2,59630,0
20250313,180000,8283.5,8308,8268.3,8270,33330,0
20250313,190000,8289.7,8289.7,8200,8259.8,52342,0
20250313,200000,8257,8262,8230,8259.5,10819,0
20250313,210000,8259.8,8265,8247.7,8261.3,5084,0
20250313,220000,8259.8,8275.3,8251.4,8268.5,5186,0
20250313,230000,8269.3,8276.9,8256.6,8276.9,4650,0
20250314,090000,8279,8300,8252.6,8300,18035,0
20250314,100000,8300,8329,8296.1,8324.2,35483,0
20250314,110000,8324.9,8343.2,8317,8340.1,14996,0
20250314,120000,8342,8346,8318.3,8323,16669,0
20250314,130000,8322.8,8332.9,8293.6,8303.9,35775,0
20250314,140000,8302.4,8325.5,8296.5,8302.7,14208,0
20250314,150000,8302.7,8322,8296,8296,15248,0
20250314,160000,8296,8298.8,8260.9,8286.1,35250,0
20250314,170000,8285.1,8301.2,8268.3,8278.2,17544,0
20250314,180000,8277.8,8293.7,8263.3,8275.9,10588,0
20250314,190000,8284,8298.6,8277.7,8289.2,6092,0
20250314,200000,8289.2,8289.8,8275,8278.7,6189,0
20250314,210000,8278.6,8284,8267.1,8271.2,3450,0
20250314,220000,8271,8281.5,8270,8281.5,4102,0
20250314,230000,8280.3,8293.8,8270,8293.8,2483,0
20250317,090000,8285,8289.9,8268.1,8272,7470,0
20250317,100000,8271.8,8274.8,8224,8224.1,34726,0
20250317,110000,8224.1,8227.1,8153.6,8172.4,56926,0
20250317,120000,8172.4,8196.4,8160.7,8192.7,26729,0
20250317,130000,8193.3,8198.8,8163.3,8170.8,18527,0
20250317,140000,8171,8197.5,8170.7,8187,13200,0
20250317,150000,8184.3,8184.3,8154,8164.4,17739,0
20250317,160000,8164.6,8177.5,8128,8140.1,22831,0
20250317,170000,8140,8160.5,8123.4,8151.3,24524,0
20250317,180000,8149.2,8152.7,8100,8100.1,32824,0
20250317,190000,8100.1,8123.5,8080,8085,20603,0
20250317,200000,8088.1,8109.6,8053.3,8064.6,20905,0
20250317,210000,8063.5,8066.9,8053.3,8060.7,10360,0
20250317,220000,8061,8078.1,8059,8076.5,6162,0
20250317,230000,8076.5,8094,8069.3,8083.3,4715,0
20250318,090000,8095,8143.8,8091.3,8140,19994,0
20250318,100000,8137,8150,8031.9,8057.2,57548,0
20250318,110000,8053.4,8079.2,8000,8003.6,66598,0
20250318,120000,8004,8073.5,7990.7,8066.8,64370,0
20250318,130000,8067,8113.2,8063,8084.6,43952,0
20250318,140000,8082,8118.5,8080.6,8108.9,20310,0
20250318,150000,8109.2,8177.6,8107.1,8154,36109,0
20250318,160000,8154,8223.4,8153,8205.6,67422,0
20250318,170000,8203.7,8215.8,8142,8184.7,44186,0
20250318,180000,8184.3,8210,8149.7,8153.6,40269,0
20250318,190000,8159,8170,8133,8153.4,29309,0
20250318,200000,8153.9,8207,8114.2,8168.6,56472,0
20250318,210000,8170.5,8210,8170.5,8207,27065,0
20250318,220000,8207,8209.7,8193.4,8201.2,13071,0
20250318,230000,8201,8209.9,8182,8208.8,10892,0
20250319,090000,8220,8233.3,8184,8212.4,13081,0
20250319,100000,8212,8259,8200.4,8208.6,63348,0
20250319,110000,8210.1,8212.3,8165,8165,34169,0
20250319,120000,8165,8201.3,8154,8199.1,20044,0
20250319,130000,8200,8238.1,8196.5,8235.4,23750,0
20250319,140000,8235.2,8292.6,8235.2,8285,51329,0
20250319,150000,8285.1,8331.2,8273,8293.1,57373,0
20250319,160000,8291.5,8310,8263.7,8305,38483,0
20250319,170000,8304.1,8313.3,8274,8288.8,28192,0
20250319,180000,8288.6,8310,8259.1,8266.5,16997,0
20250319,190000,8272.6,8329.3,8258.8,8325.7,26424,0
20250319,200000,8322.8,8339,8321,8323.5,20892,0
20250319,210000,8323.8,8388,8321,8358.2,28124,0
20250319,220000,8357.9,8427,8353.4,8361,18866,0
20250319,230000,8361,8393.6,8357.6,8388,6455,0
20250320,090000,8379.9,8416.5,8370,8404.1,21278,0
20250320,100000,8404,8404.1,8321.4,8337,59113,0
20250320,110000,8339,8373,8335,8370,36663,0
20250320,120000,8370,8385,8362.3,8365.3,40955,0
20250320,130000,8365.3,8378.1,8320.7,8354.9,41537,0
20250320,140000,8351.6,8410,8344,8377,33434,0
20250320,150000,8375.4,8383.8,8360.3,8376,13008,0
20250320,160000,8375.9,8379.9,8358,8360.1,11815,0
20250320,170000,8360.1,8373.7,8345.7,8361.7,16807,0
20250320,180000,8360.6,8362.7,8308.3,8349.9,28999,0
20250320,190000,8353,8395.4,8348.1,8386.4,13268,0
20250320,200000,8384.2,8386.9,8372,8382,4184,0
20250320,210000,8383.5,8386.9,8375.9,8384.1,3773,0
20250320,220000,8384,8387,8379,8382.7,2106,0
20250320,230000,8382.8,8387.6,8380.5,8387.5,1743,0
20250321,090000,8363.8,8386,8347.1,8378.8,8225,0
20250321,100000,8378.8,8382.1,8349.5,8355,37057,0
20250321,110000,8353.9,8365.2,8319.7,8320.3,26288,0
20250321,120000,8320.5,8335.5,8296.7,8330.3,31928,0
20250321,130000,8330.1,8345.5,8321.3,8342,21175,0
20250321,140000,8342,8350.4,8325,8339.2,19541,0
20250321,150000,8337.1,8351.9,8321.3,8340.9,13775,0
20250321,160000,8342.3,8343.2,8272.7,8288.4,52882,0
20250321,170000,8289.6,8297.4,8269.7,8290.2,23738,0
20250321,180000,8289.5,8300.3,8280.1,8285.6,15692,0
20250321,190000,8288.9,8312.1,8280.3,8298.2,7426,0
20250321,200000,8298.1,8308.7,8294.9,8297.4,3142,0
20250321,210000,8297.1,8309.7,8297,8304,3039,0
20250321,220000,8304,8318.5,8294.9,8311.3,4214,0
20250321,230000,8311.3,8325,8309.7,8317.1,4372,0
20250324,090000,8317,8324.5,8276.6,8284,15126,0
20250324,100000,8283.9,8299.3,8241,8241,39111,0
20250324,110000,8241,8254,8215,8251.3,30727,0
20250324,120000,8251,8299.5,8236.4,8296.9,39658,0
20250324,130000,8295.3,8324.9,8288.9,8307.1,29335,0
20250324,140000,8311,8340,8290.8,8291.3,28756,0
20250324,150000,8293,8328.2,8290.4,8295.4,18030,0
20250324,160000,8297.7,8313.8,8277.8,8290.9,14205,0
20250324,170000,8289.8,8320,8276.2,8295.8,18630,0
20250324,180000,8297,8309.8,8277.5,8300,9449,0
20250324,190000,8293.7,8309.9,8288.1,8292.8,4575,0
20250324,200000,8293.6,8305.7,8283.6,8296.4,7946,0
20250324,210000,8296,8338.9,8285.2,8313.2,14018,0
20250324,220000,8310.2,8324.2,8308.4,8310,4999,0
20250324,230000,8310,8324.9,8303.2,8324.9,4571,0
20250325,090000,8325,8335,8284.9,8333.3,10405,0
20250325,100000,8330.9,8338,8258.3,8266,35230,0
20250325,110000,8266.1,8286.1,8256.7,8268,24591,0
20250325,120000,8266.8,8283.2,8257.5,8282.9,15190,0
20250325,130000,8282.9,8283.8,8265.6,8269.4,10950,0
20250325,140000,8273.2,8273.2,8242,8246.3,21922,0
20250325,150000,8246.3,8275,8230.2,8271.2,16961,0
20250325,160000,8274.3,8301,8268.9,8286.8,28533,0
20250325,170000,8288.6,8300,8218,8229.9,33430,0
20250325,180000,8228.1,8232.1,8200,8212,24960,0
20250325,190000,8215,8236.9,8200,8218.6,15093,0
20250325,200000,8218.8,8239.8,8213.2,8231.7,9115,0
20250325,210000,8233.3,8233.3,8200.3,8202,5608,0
20250325,220000,8202.7,8220.8,8191,8216.7,6804,0
20250325,230000,8215.2,8225,8200.6,8200.6,2415,0
20250326,090000,8218.8,8245.8,8214.1,8219.6,12050,0
20250326,100000,8224.6,8280,8211.5,8264.9,19429,0
20250326,110000,8264.9,8269.8,8226.6,8242.4,17857,0
20250326,120000,8242.4,8253.8,8229.4,8238.9,13727,0
20250326,130000,8242.3,8256.8,8233.9,8254,7323,0
20250326,140000,8255.6,8258.4,8216.7,8218.8,22775,0
20250326,150000,8218.4,8230,8200.5,8217.8,33566,0
20250326,160000,8211.7,8212.6,8181.4,8185.1,28771,0
20250326,170000,8185.1,8213.7,8182.5,8189.4,20703,0
20250326,180000,8188.9,8195,8171,8172.8,22718,0
20250326,190000,8174.6,8198.1,8160,8179.4,11804,0
20250326,200000,8177.4,8195.2,8176,8187.6,5235,0
20250326,210000,8187.1,8203.6,8186.8,8200,5127,0
20250326,220000,8198.1,8212,8196.9,8212,4401,0
20250326,230000,8211.4,8225.5,8205.7,8208.7,4021,0
20250327,090000,8227,8250,8225.1,8236.6,17094,0
20250327,100000,8235.2,8235.2,8195.6,8218.5,55953,0
20250327,110000,8219.9,8237,8205,8218.6,33475,0
20250327,120000,8218.5,8221.5,8192.4,8209.7,25315,0
20250327,130000,8209.2,8229.7,8194.5,8197,15127,0
20250327,140000,8198,8220,8177.1,8216.8,37575,0
20250327,150000,8218.6,8219.9,8206.2,8217.9,11753,0
20250327,160000,8218.8,8219.3,8178.2,8195,26106,0
20250327,170000,8193.4,8202,8169,8170,23290,0
20250327,180000,8170,8189.2,8168.8,8182.9,24007,0
20250327,190000,8180,8206,8178.4,8190.1,11580,0
20250327,200000,8189.7,8195.5,8175.1,8191.1,5661,0
20250327,210000,8191.1,8215,8190.1,8204,6032,0
20250327,220000,8204.2,8217.5,8204.2,8217.5,5784,0
20250327,230000,8217.4,8218.5,8195.6,8202.1,6379,0
20250328,090000,8237.2,8248.9,8230.3,8247.1,22315,0
20250328,100000,8246.9,8258.4,8236,8250.2,43246,0
20250328,110000,8250.2,8253,8215.1,8245.4,28198,0
20250328,120000,8247.9,8258.4,8228.2,8247.1,24604,0
20250328,130000,8246.8,8280,8242.4,8279,29276,0
20250328,140000,8268.7,8280,8255.1,8255.5,14703,0
20250328,150000,8255.8,8398.9,8253,8360.1,63668,0
20250328,160000,8362.5,8405,8350.2,8393.9,41733,0
20250328,170000,8396,8450,8381,8411.6,54485,0
20250328,180000,8410.8,8444.9,8404.8,8427,20912,0
20250328,190000,8429.9,8460.5,8429.9,8448.8,11184,0
20250328,200000,8451,8469.1,8435,8457.4,13481,0
20250328,210000,8458.2,8484,8451.1,8453,9650,0
20250328,220000,8453,8469.4,8452.1,8457.5,4032,0
20250328,230000,8457.5,8474.6,8452.4,8474.1,6984,0
20250331,090000,8510.6,8670,8507.4,8612,56375,0
20250331,100000,8614,8618.2,8514.2,8532.3,57076,0
20250331,110000,8530.4,8551.3,8517.1,8528.8,20616,0
20250331,120000,8530,8540,8501.9,8508.1,27696,0
20250331,130000,8507.2,8514.5,8486,8502.9,34013,0
20250331,140000,8507.1,8512,8481.8,8488,16971,0
20250331,150000,8487.3,8549.4,8480,8539,25314,0
20250331,160000,8538.9,8538.9,8475,8509,18484,0
20250331,170000,8509,8555,8499.8,8536,26704,0
20250331,180000,8536,8553.9,8510.6,8514,31592,0
20250331,190000,8515,8548,8512.9,8526.6,11771,0
20250331,200000,8526.5,8538.9,8505,8508.3,8925,0
20250331,210000,8507.9,8537,8505,8528.8,4015,0
20250331,220000,8531.4,8548,8527,8540,3200,0
20250331,230000,8542.4,8565,8542,8565,3472,0
20250401,090000,8570,8583.8,8558.4,8572.7,10762,0
20250401,100000,8572.7,8580,8490.3,8510,34007,0
20250401,110000,8505.7,8522.6,8491.1,8504.5,32369,0
20250401,120000,8505.5,8512.4,8494.8,8503.5,8935,0
20250401,130000,8503,8511.8,8495.3,8501.5,18594,0
20250401,140000,8504.4,8524.9,8500.2,8517.1,9352,0
20250401,150000,8517.9,8522.6,8502,8511.4,11490,0
20250401,160000,8509.8,8516.3,8466.2,8476.6,34581,0
20250401,170000,8476.7,8481,8452.4,8452.5,45819,0
20250401,180000,8453.9,8463.6,8409.9,8421.1,25851,0
20250401,190000,8413.8,8436.4,8368.3,8411.4,37174,0
20250401,200000,8410,8445.1,8405.1,8435.1,12664,0
20250401,210000,8437.1,8445.6,8413.3,8425.3,8485,0
20250401,220000,8425.5,8433.3,8412,8432.3,18850,0
20250401,230000,8432.3,8462.7,8432.1,8462.7,4273,0
20250402,090000,8462.7,8475.2,8421,8439.8,12690,0
20250402,100000,8439.8,8471.2,8435.8,8453.7,20899,0
20250402,110000,8455.4,8479.6,8442,8456.2,28589,0
20250402,120000,8459.3,8488.2,8443.1,8478.7,30659,0
20250402,130000,8480.8,8484.5,8463.8,8472,24208,0
20250402,140000,8466.7,8485.6,8458.7,8480.2,13699,0
20250402,150000,8481.2,8492.5,8447.6,8482.4,27113,0
20250402,160000,8481.7,8506.1,8468.9,8493.8,18533,0
20250402,170000,8496.3,8498.4,8471.7,8475.2,11598,0
20250402,180000,8474.4,8485.9,8457.1,8480.7,10350,0
20250402,190000,8477.2,8508.4,8468,8488.8,10231,0
20250402,200000,8487.3,8487.3,8444,8470,8074,0
20250402,210000,8467.3,8478.9,8462.2,8470.9,2646,0
20250402,220000,8470.9,8506.2,8462.1,8503.1,18267,0
20250402,230000,8503,8543.4,8444,8520,22826,0
20250403,090000,8497.8,8497.8,8466.5,8479.8,19570,0
20250403,100000,8479,8515.5,8468,8514.7,17944,0
20250403,110000,8515,8525.1,8494.3,8503,22212,0
20250403,120000,8502.7,8502.7,8388.8,8405.8,66746,0
20250403,130000,8405.1,8405.7,8355,8355,56357,0
20250403,140000,8357,8389.3,8306.2,8385.2,53560,0
20250403,150000,8386.1,8386.4,8321.4,8351.4,64130,0
20250403,160000,8349.2,8396,8301.2,8377.1,69993,0
20250403,170000,8379.8,8458.7,8379.8,8455.6,69889,0
20250403,180000,8455.5,8482.7,8418.2,8447.4,46786,0
20250403,190000,8449,8498,8446.9,8465.2,19376,0
20250403,200000,8465.1,8482.2,8447.7,8472.1,10551,0
20250403,210000,8474,8478.3,8446.1,8470.5,8924,0
20250403,220000,8470.4,8479.8,8463,8479.6,10620,0
20250403,230000,8479.6,8500,8471.1,8485.3,3285,0
20250404,090000,8474.5,8474.5,8402.5,8424.5,22921,0
20250404,100000,8424.1,8424.1,8355.5,8370.4,70049,0
20250404,110000,8370.4,8386,8355.5,8383,42132,0
20250404,120000,8385.6,8415,8370.7,8384,26590,0
20250404,130000,8383.2,8494.3,8375.2,8492.9,65924,0
20250404,140000,8486.5,8603.7,8463,8556.9,207112,0
20250404,150000,8556.9,8575.8,8476.7,8494.8,89448,0
20250404,160000,8494.7,8529.3,8467.9,8482.3,50136,0
20250404,170000,8476.6,8526,8438,8507.7,114509,0
20250404,180000,8507,8521,8435.9,8441.7,94982,0
20250404,190000,8440.5,8500,8437,8492.6,15465,0
20250404,200000,8493.5,8498.1,8438.5,8454.2,16085,0
20250404,210000,8456.8,8458.3,8413.3,8445.3,22920,0
20250404,220000,8446.7,8474.9,8439.8,8467,13567,0
20250404,230000,8467.7,8490,8448.5,8461,6172,0
20250407,090000,8481,8591.1,8481,8559,96490,0
20250407,100000,8558.8,8559.1,8451.8,8486.1,60701,0
20250407,110000,8486.1,8527.3,8484,8513.2,29370,0
20250407,120000,8514,8530,8475,8483,47985,0
20250407,130000,8481.6,8498.7,8456.4,8472.9,22381,0
20250407,140000,8471,8500.9,8461.2,8462.6,13727,0
20250407,150000,8462.3,8486.3,8451.2,8481.9,15518,0
20250407,160000,8483.3,8489.4,8386,8426.3,53988,0
20250407,170000,8425.8,8442.8,8362,8384.7,43590,0
20250407,180000,8387.2,8393.1,8322.9,8326.2,29614,0
20250407,190000,8329.7,8369.7,8308,8308.1,34906,0
20250407,200000,8308.3,8319.5,8265.9,8314.5,39916,0
20250407,210000,8316.3,8331.2,8300,8301.7,9313,0
20250407,220000,8301.7,8340.6,8300.2,8328.1,6118,0
20250407,230000,8328,8339.4,8307.9,8327.2,4757,0
20250408,090000,8351.2,8415,8351.2,8398.2,37733,0
20250408,100000,8394.4,8397.2,8328.4,8359.4,27412,0
20250408,110000,8357.8,8376.6,8335,8367.1,34179,0
20250408,120000,8365.2,8376.5,8346.2,8361.8,28557,0
20250408,130000,8363.9,8377.2,8352.6,8373,20204,0
20250408,140000,8374.3,8378.4,8346.5,8365,16055,0
20250408,150000,8365,8385,8350.8,8365.2,26867,0
20250408,160000,8365.4,8400,8357.2,8396.3,17228,0
20250408,170000,8398,8411.5,8379.6,8385.7,20571,0
20250408,180000,8385.7,8388.1,8359.3,8359.3,21814,0
20250408,190000,8360,8390,8341.7,8357.2,18753,0
20250408,200000,8358,8360.9,8315.6,8349.3,12756,0
20250408,210000,8350.3,8357.6,8326.7,8352.1,5026,0
20250408,220000,8354,8392,8330.5,8392,11880,0
20250408,230000,8390.1,8412.7,8373.8,8407,8653,0
20250409,090000,8473.1,8509.5,8466,8503,42200,0
20250409,100000,8503.1,8528.8,8477.2,8477.3,51192,0
20250409,110000,8477.3,8487.2,8448.2,8454.5,20236,0
20250409,120000,8454.3,8494.9,8447.2,8484.3,26227,0
20250409,130000,8484.3,8487.3,8454.5,8480,27001,0
20250409,140000,8476.2,8546.5,8473.6,8546.5,52569,0
20250409,150000,8546.6,8567.1,8448.4,8467.5,69113,0
20250409,160000,8467.7,8505.9,8463.3,8499.4,43995,0
20250409,170000,8497.7,8522.2,8485.3,8499,23363,0
20250409,180000,8500.6,8527.1,8468,8492,29271,0
20250409,190000,8500,8523.2,8494,8506.4,10514,0
20250409,200000,8507.4,8510.7,8380,8390.7,58964,0
20250409,210000,8388,8415.7,8330,8351.2,46368,0
20250409,220000,8351.7,8451.9,8347.1,8424.9,20980,0
20250409,230000,8429.7,8433.5,8407.7,8408,9333,0
20250410,090000,8487.8,8530,8487.8,8497,32828,0
20250410,100000,8497,8538,8494.2,8530.9,52645,0
20250410,110000,8530.2,8560,8505,8519.4,48925,0
20250410,120000,8520.2,8547.1,8516.1,8537,23647,0
20250410,130000,8536.8,8543.5,8511,8529.3,21638,0
20250410,140000,8530.2,8569.9,8520.4,8554,32591,0
20250410,150000,8553.8,8558.9,8516.2,8520.6,29162,0
20250410,160000,8521.8,8549.2,8512.4,8533.2,18120,0
20250410,170000,8533,8598.2,8533,8591.7,44877,0
20250410,180000,8591.2,8629.3,8585.6,8592.9,48412,0
20250410,190000,8595,8659,8580.4,8606.9,32867,0
20250410,200000,8606.3,8637,8596.5,8616.5,11876,0
20250410,210000,8616.6,8663,8612,8659.1,13547,0
20250410,220000,8661.1,8663,8642.1,8645.8,10388,0
20250410,230000,8649.2,8675,8646.8,8673.8,5487,0
20250411,090000,8691.5,8740,8646.8,8666.1,34504,0
20250411,100000,8666.1,8679.7,8616.2,8677.8,50512,0
20250411,110000,8678,8720,8662.4,8713.6,32866,0
20250411,120000,8715.2,8720,8685.2,8710.4,35961,0
20250411,130000,8710.8,8713.5,8641.9,8648.3,53541,0
20250411,140000,8651.9,8688,8639.3,8647.5,37955,0
20250411,150000,8647.5,8691.8,8640.5,8688.9,19821,0
20250411,160000,8689.5,8696.4,8653.1,8663.1,18402,0
20250411,170000,8661.7,8676,8634,8652.7,35999,0
20250411,180000,8651.8,8660.3,8568.3,8603.2,49114,0
20250411,190000,8598.6,8632.6,8586.6,8596.1,16342,0
20250411,200000,8596.3,8607.9,8579.4,8588.5,9408,0
20250411,210000,8589,8621,8584.6,8618.3,5958,0
20250411,220000,8618.3,8623.5,8586,8619.1,6751,0
20250411,230000,8619.9,8655.9,8619.9,8648,5969,0
20250414,090000,8645,8650,8575.8,8599,16811,0
20250414,100000,8598.9,8634.7,8585.1,8591.1,28712,0
20250414,110000,8590.5,8596.2,8560.5,8570.7,53874,0
20250414,120000,8571,8592.5,8568,8577.5,18921,0
20250414,130000,8580.2,8580.2,8554.9,8559.8,37182,0
20250414,140000,8560.3,8574.7,8555.3,8571.1,7490,0
20250414,150000,8571.1,8598.2,8558.1,8561,38971,0
20250414,160000,8561,8583.9,8556.9,8566.4,40727,0
20250414,170000,8564,8578.5,8537.8,8571.7,23869,0
20250414,180000,8571.7,8580,8550.1,8551.2,25014,0
20250414,190000,8555,8690.5,8554.5,8645.3,29685,0
20250414,200000,8644,8661.2,8617.4,8625.5,13938,0
20250414,210000,8625.7,8637.4,8590.1,8611.7,7722,0
20250414,220000,8610.5,8627.9,8602,8606.3,2942,0
20250414,230000,8605.1,8607.4,8591,8595.6,1829,0
20250415,090000,8616.6,8661,8602.9,8610.5,19696,0
20250415,100000,8612.6,8636.8,8590.2,8602.3,38939,0
20250415,110000,8602.3,8609.7,8545.2,8550,47832,0
20250415,120000,8549.3,8587.1,8544.3,8583.7,32899,0
20250415,130000,8583.8,8596.9,8582.5,8583.3,21558,0
20250415,140000,8583.3,8592.7,8574.1,8582.5,24767,0
20250415,150000,8581.4,8623.8,8568.5,8616.2,43093,0
20250415,160000,8616.1,8629.4,8590.1,8596.3,16201,0
20250415,170000,8596.1,8634,8582.1,8616.3,23418,0
20250415,180000,8618,8625.1,8593.2,8603.8,14506,0
20250415,190000,8616.3,8629,8607.5,8608.1,4453,0
20250415,200000,8608.1,8632.9,8605.5,8624.2,3263,0
20250415,210000,8624,8638,8620,8630,4305,0
20250415,220000,8629.8,8632.2,8615.7,8621.7,1927,0
20250415,230000,8621.8,8636.5,8621.8,8634.3,2000,0
20250416,090000,8724.3,8799.9,8713.2,8799.9,53502,0
20250416,100000,8799.7,8807,8720.3,8754,86640,0
20250416,110000,8754,8787.7,8732.9,8769.5,78009,0
20250416,120000,8769.8,8818.7,8769.8,8801.6,110336,0
20250416,130000,8802.1,8817.3,8801,8816.2,33329,0
20250416,140000,8815,8880,8794.1,8856.1,72797,0
20250416,150000,8859.2,8870.1,8836.2,8839.3,54091,0
20250416,160000,8837.9,8889.5,8837,8879.3,64116,0
20250416,170000,8878.7,8897.9,8837,8854.2,55371,0
20250416,180000,8853.2,8875,8842.5,8857.5,15324,0
20250416,190000,8875,8896.7,8861.5,8880.6,17149,0
20250416,200000,8880.6,8895,8864.4,8882.3,7233,0
20250416,210000,8883.4,8945.5,8882.2,8928.1,25587,0
20250416,220000,8927.9,8932.8,8917.3,8918.4,5689,0
20250416,230000,8920.9,8950,8918,8950,4161,0
20250417,090000,8899.8,8947.4,8774,8891.6,52372,0
20250417,100000,8890.6,8895.2,8800.6,8808.8,61496,0
20250417,110000,8807,8816.1,8768.7,8793.2,52417,0
20250417,120000,8790.3,8790.3,8735.3,8780.8,86872,0
20250417,130000,8783,8814.7,8777.5,8798.5,77353,0
20250417,140000,8798,8805.3,8760.1,8793.4,29818,0
20250417,150000,8793,8809.3,8775.5,8788.8,25945,0
20250417,160000,8787.9,8809,8764.1,8786.5,35590,0
20250417,170000,8787,8794.4,8735.9,8742.7,112188,0
20250417,180000,8742.7,8764.1,8694.8,8698,68225,0
20250417,190000,8706.1,8744,8689,8736.4,20215,0
20250417,200000,8737,8740.9,8690.4,8701.7,13820,0
20250417,210000,8701.9,8716.7,8675.8,8684.6,19500,0
20250417,220000,8685.3,8708,8680.8,8699.4,5953,0
20250417,230000,8697.7,8710,8692.8,8709.1,6169,0
20250418,090000,8723.4,8738,8702.5,8714.6,12545,0
20250418,100000,8715.1,8729.2,8672,8684.7,29768,0
20250418,110000,8681.9,8717.1,8641.7,8700.4,92531,0
20250418,120000,8701.1,8769.9,8701.1,8749.5,61104,0
20250418,130000,8754.7,8793.9,8748.3,8765.3,60353,0
20250418,140000,8761.9,8799.4,8756.5,8776.8,41414,0
20250418,150000,8777,8814.9,8764.4,8769.4,37429,0
20250418,160000,8769.5,8790.7,8737.4,8744.4,30220,0
20250418,170000,8746.6,8753.9,8710.9,8717.7,28610,0
20250418,180000,8717.6,8734.3,8704.1,8708,22145,0
20250418,190000,8708.9,8735.2,8670,8708.3,21249,0
20250418,200000,8704.3,8754,8704.3,8722.2,6028,0
20250418,210000,8724.8,8738.9,8717.4,8728.8,3422,0
20250418,220000,8727.8,8729.5,8712.6,8724.8,1869,0
20250418,230000,8725.2,8750.1,8717.1,8750,11480,0
20250421,090000,8847,8890,8824.4,8852.7,49221,0
20250421,100000,8851.8,8865,8802.3,8820.7,50420,0
20250421,110000,8821.8,8846.8,8794.2,8845.3,49203,0
20250421,120000,8845.5,8857.9,8832.7,8845.7,43590,0
20250421,130000,8844.1,8858,8823.1,8856,19179,0
20250421,140000,8856.8,8864.8,8842.2,8859.5,19297,0
20250421,150000,8859.6,8888,8853.2,8887.9,42655,0
20250421,160000,8887.4,8906.8,8860.3,8894.1,44170,0
20250421,170000,8894.5,8925,8890,8917.3,38665,0
20250421,180000,8917.5,8936.1,8901.9,8924.1,18808,0
20250421,190000,8932.2,8945,8909,8921,9987,0
20250421,200000,8921,8944,8908.9,8943,10582,0
20250421,210000,8942.5,8952.3,8936.8,8951.1,6889,0
20250421,220000,8951.2,8962,8931,8947,8260,0
20250421,230000,8947.1,8955,8935.9,8955,2033,0
20250422,090000,9095.1,9119,9071.1,9086.5,49607,0
20250422,100000,9089.5,9096.8,8975.3,9072.3,119139,0
20250422,110000,9072.5,9087.6,9051,9054.6,95678,0
20250422,120000,9052.5,9081.5,9020.3,9041.4,55404,0
20250422,130000,9039.6,9073.7,9016,9030,33777,0
20250422,140000,9030,9044.8,9015.1,9034.5,18425,0
20250422,150000,9032.9,9076.3,9020.7,9039.1,72548,0
20250422,160000,9036.7,9050.4,8967,8985.4,75810,0
20250422,170000,8986.8,9028.8,8978.1,9021,43833,0
20250422,180000,9024.6,9058,9015.6,9018,19135,0
20250422,190000,9010.7,9015.2,8881,8938.8,56651,0
20250422,200000,8940.5,8997.2,8921.9,8975.9,25156,0
20250422,210000,8976,8977,8870,8903,27061,0
20250422,220000,8898.9,8923.4,8880,8922.1,14897,0
20250422,230000,8923,8939.2,8915.4,8930,6231,0
20250423,090000,8805,8830,8772.1,8790,52142,0
20250423,100000,8790.1,8929.4,8781.5,8903.1,99989,0
20250423,110000,8903.5,8907.4,8814,8826.5,126440,0
20250423,120000,8826.6,8867.7,8811,8812.1,85747,0
20250423,130000,8812.9,8851.7,8811.6,8844,21232,0
20250423,140000,8835.5,8863.4,8815,8816.9,52859,0
20250423,150000,8816.9,8860,8802.2,8810,34124,0
20250423,160000,8810,8822.5,8691.9,8710.8,147252,0
20250423,170000,8706.9,8776.5,8681,8763.3,53618,0
20250423,180000,8763.8,8787.9,8710.5,8745,24129,0
20250423,190000,8755,8831.1,8746.1,8783.2,34290,0
20250423,200000,8782.2,8800.3,8770.3,8791,9775,0
20250423,210000,8791.9,8809.2,8782.8,8809.2,4026,0
20250423,220000,8808.5,8835,8803.3,8815.1,7067,0
20250423,230000,8819.7,8824.6,8794.8,8815,3306,0
20250424,090000,8886.9,8895,8829.4,8867.4,27077,0
20250424,100000,8867.7,8907.6,8843.3,8857,73510,0
20250424,110000,8855.9,8898.7,8847,8886.2,34495,0
20250424,120000,8889.6,8919.2,8874.7,8889.3,41456,0
20250424,130000,8888.7,8897.6,8875.2,8879,13889,0
20250424,140000,8877.4,8891.1,8870.9,8874.6,13575,0
20250424,150000,8877.5,8899.6,8875.8,8877.9,17970,0
20250424,160000,8877.1,8878.2,8840,8841.4,32611,0
20250424,170000,8844.4,8876.5,8823.5,8839.8,20147,0
20250424,180000,8839.4,8864.2,8826,8846,14051,0
20250424,190000,8854.2,8879.1,8854,8875.1,5668,0
20250424,200000,8876.6,8890,8870,8879.1,5733,0
20250424,210000,8878.4,8884.6,8873.1,8877.3,4294,0
20250424,220000,8880,8908,8877.2,8903.3,6169,0
20250424,230000,8904.7,8946.4,8889,8930.4,9508,0
20250425,090000,8800.9,8827,8770,8793,55751,0
20250425,100000,8793,8845,8784.6,8813.8,29887,0
20250425,110000,8811.3,8818,8786.4,8801,42753,0
20250425,120000,8802.4,8812.5,8750,8751.6,51228,0
20250425,130000,8750.8,8802.1,8750.6,8774.6,45571,0
20250425,140000,8774.6,8788.7,8736,8749.7,27600,0
20250425,150000,8750.9,8798.8,8744.8,8769.1,38872,0
20250425,160000,8767.7,8776,8719.1,8757.1,44964,0
20250425,170000,8757.8,8765.1,8722.1,8729.5,30709,0
20250425,180000,8732.3,8751.4,8717.7,8742.1,25921,0
20250425,190000,8746.7,8764.2,8741.4,8759.3,8067,0
20250425,200000,8759.2,8800,8758.1,8789,15669,0
20250425,210000,8788.9,8802.2,8761.2,8772,9693,0
20250425,220000,8771.4,8822,8766.4,8809.6,10551,0
20250425,230000,8812.2,8832.6,8806,8825.7,4577,0
20250428,090000,8791.8,8814,8756.8,8775.9,22533,0
20250428,100000,8776.4,8790.3,8700,8726.5,67084,0
20250428,110000,8723.2,8732.7,8673.6,8676.6,45896,0
20250428,120000,8676.6,8695.9,8641.1,8661.6,62332,0
20250428,130000,8661.6,8692,8661.5,8672,25942,0
20250428,140000,8672.6,8681.3,8648.7,8667.6,28648,0
20250428,150000,8669.5,8688.5,8653.7,8684.1,22180,0
20250428,160000,8683,8697,8660,8681,20976,0
20250428,170000,8683.5,8755.5,8672.1,8748.1,76444,0
20250428,180000,8748,8748,8672.5,8711,47631,0
20250428,190000,8706,8706,8706,8706,2,0
20250428,200000,8706,8755,8706,8746,15469,0
20250428,210000,8746,8790,8740.1,8785.6,14542,0
20250428,220000,8785.6,8792,8770.5,8784.9,7855,0
20250428,230000,8784.7,8793.2,8765.7,8767.5,5490,0
20250429,090000,8715,8739.1,8680,8726.7,23755,0
20250429,100000,8724.1,8726.8,8663,8701.1,35414,0
20250429,110000,8703.2,8718.7,8671.4,8707.7,30613,0
20250429,120000,8709.3,8720,8672,8674.8,38357,0
20250429,130000,8675.2,8689.8,8658,8670.5,30635,0
20250429,140000,8668.8,8680.4,8646.2,8657.4,35182,0
20250429,150000,8656.4,8700,8645.7,8696.2,54314,0
20250429,160000,8694.1,8719,8668.6,8680,32218,0
20250429,170000,8681.3,8707.7,8663,8702.4,15077,0
20250429,180000,8700.7,8704.9,8656.2,8675,16306,0
20250429,190000,8675,8736.3,8663.6,8725.4,21323,0
20250429,200000,8726,8732.9,8684.3,8684.4,11494,0
20250429,210000,8684.4,8694.3,8683.3,8692.8,4903,0
20250429,220000,8692.9,8707.1,8692.9,8697.7,2963,0
20250429,230000,8701,8707.8,8692.1,8692.1,3677,0
20250430,090000,8679.5,8686.5,8662.2,8668,11490,0
20250430,100000,8668.3,8712.9,8655.6,8655.6,43372,0
20250430,110000,8655.6,8657.1,8585.4,8594.7,88980,0
20250430,120000,8594.6,8606.5,8573.7,8575.1,34312,0
20250430,130000,8575.1,8585.6,8564.8,8568.9,26594,0
20250430,140000,8568.9,8614.5,8563.8,8586.5,37634,0
20250430,150000,8586.3,8640,8568.3,8616.1,60002,0
20250430,160000,8615.3,8635.3,8595.4,8616,26086,0
20250430,170000,8615.5,8642.3,8587.1,8631.3,66574,0
20250430,180000,8630.1,8647,8610.4,8621.7,24083,0
20250430,190000,8625,8652.8,8625,8652.1,16754,0
20250430,200000,8651.8,8670,8640.4,8640.4,16332,0
20250430,210000,8640.3,8645.8,8635.7,8637.3,5574,0
20250430,220000,8637.8,8649.1,8623.4,8631,8047,0
20250430,230000,8630.5,8652.8,8623.4,8646.6,6469,0
20250502,090000,8590,8597.7,8545,8570.4,47500,0
20250502,100000,8570.4,8650,8570.4,8647.6,77131,0
20250502,110000,8649.6,8686.8,8639.1,8642.2,35732,0
20250502,120000,8641.9,8687.9,8641.9,8680,16413,0
20250502,130000,8681.7,8688,8656.1,8671,11616,0
20250502,140000,8671.7,8695.6,8655.6,8689.5,13722,0
20250502,150000,8692,8702.6,8668.6,8669.7,25317,0
20250502,160000,8670,8671.9,8629.6,8637.4,32417,0
20250502,170000,8636.9,8658.1,8615.1,8648.2,25116,0
20250502,180000,8649,8659,8588.4,8594.3,22130,0
20250502,190000,8586.5,8630,8580,8592.2,18195,0
20250502,200000,8592,8629.6,8590.1,8606.4,9953,0
20250502,210000,8606.7,8608.1,8590,8592.5,5580,0
20250502,220000,8593.1,8611.8,8593.1,8602.7,3795,0
20250502,230000,8602.6,8621.7,8595.4,8595.4,7718,0
20250505,090000,8635.9,8697.7,8635.9,8694.4,38687,0
20250505,100000,8693.2,8696,8612.7,8640.3,52591,0
20250505,110000,8641.4,8657.3,8615.4,8653,18979,0
20250505,120000,8653.1,8671.4,8640.7,8668.8,29166,0
20250505,130000,8670.9,8672.5,8644.6,8654.9,18204,0
20250505,140000,8654.6,8685.6,8649,8671.9,26955,0
20250505,150000,8670,8698.5,8669.5,8675.1,21287,0
20250505,160000,8676.2,8676.4,8645.4,8651.8,25339,0
20250505,170000,8648.4,8688.7,8642.5,8671.9,98179,0
20250505,180000,8671.7,8672.3,8641,8658.7,24488,0
20250505,190000,8660.2,8675.1,8652.4,8662.1,9503,0
20250505,200000,8664,8678.6,8659.9,8678.1,6396,0
20250505,210000,8678.3,8686.5,8670.5,8686.5,6612,0
20250505,220000,8686.4,8747.1,8686.4,8707.8,32059,0
20250505,230000,8707.5,8737,8707.5,8730,8078,0
20250506,090000,8781.1,8840,8764,8780,24902,0
20250506,100000,8779.9,8820,8765.5,8787.8,59822,0
20250506,110000,8789.5,8808.5,8785.5,8804.7,23393,0
20250506,120000,8805.7,8839.6,8780,8807,35502,0
20250506,130000,8806.9,8814.4,8796,8806.2,29590,0
20250506,140000,8807.3,8839.8,8801.6,8814.2,30709,0
20250506,150000,8812.6,8841.3,8805,8836.6,21761,0
20250506,160000,8838,8847.5,8813.2,8827.1,29267,0
20250506,170000,8827,8836.5,8790.3,8812.3,31999,0
20250506,180000,8815.5,8838.6,8811.6,8821.5,20481,0
20250506,190000,8825,8872.6,8822.2,8855,22696,0
20250506,200000,8859.7,8880,8852.8,8862,19617,0
20250506,210000,8860,8874,8856,8872.4,3592,0
20250506,220000,8871.9,8903.4,8867.4,8890,14451,0
20250506,230000,8890,8959.2,8890,8955,25924,0
20250507,090000,8859.3,8872,8822,8843,28905,0
20250507,100000,8842.9,8855.9,8804.8,8817.5,38734,0
20250507,110000,8812.8,8820,8755.4,8778.4,67466,0
20250507,120000,8778.3,8830.6,8778,8778,53292,0
20250507,130000,8778,8835,8777,8829,33565,0
20250507,140000,8824.7,8865.9,8812,8862.8,33570,0
20250507,150000,8865.8,8899.8,8856.1,8874.7,37062,0
20250507,160000,8874.3,8899.8,8843,8891.4,39282,0
20250507,170000,8891.9,8893.8,8833,8850.7,24358,0
20250507,180000,8849.1,8880.3,8838.8,8860.2,16866,0
20250507,190000,8861.5,8896,8861,8892.3,13192,0
20250507,200000,8893.7,8893.7,8875.5,8885.9,3559,0
20250507,210000,8886.3,8914,8873.4,8893.5,19865,0
20250507,220000,8893.9,8896.4,8852.8,8864.7,13224,0
20250507,230000,8863.5,8870,8851.2,8865.8,5230,0
20250508,090000,8852,8855.6,8752,8779,56848,0
20250508,100000,8779,8864.8,8778.7,8842.7,53183,0
20250508,110000,8843.2,8869.7,8830.1,8840.5,29240,0
20250508,120000,8838.1,8850,8801.3,8809.5,17274,0
20250508,130000,8808.1,8848.9,8803.2,8840,17339,0
20250508,140000,8843.8,8849,8830.7,8838.4,10373,0
20250508,150000,8840,8859.1,8795.3,8814.5,31131,0
20250508,160000,8814.5,8846.5,8806.9,8817.1,16003,0
20250508,170000,8818,8828.5,8806.4,8810.9,10964,0
20250508,180000,8813.4,8824.7,8776.8,8779.7,20858,0
20250508,190000,8777.9,8782.4,8741.7,8744.9,44949,0
20250508,200000,8745,8748.5,8716.3,8743.2,23358,0
20250508,210000,8743.1,8747,8729.5,8733.3,5233,0
20250508,220000,8735.5,8737.4,8689.6,8729.9,23754,0
20250508,230000,8728.2,8745,8722.1,8743.1,7287,0
20250512,090000,8673.6,8673.6,8555.6,8576,70067,0
20250512,100000,8576.5,8578.8,8443.3,8452.1,129592,0
20250512,110000,8452.1,8467.8,8435.6,8458.5,56089,0
20250512,120000,8458.6,8459,8389.9,8395.2,44714,0
20250512,130000,8395.3,8411.9,8377.8,8395.4,68258,0
20250512,140000,8396.8,8434.7,8390.4,8423.2,34455,0
20250512,150000,8423.5,8447.7,8413.4,8443.5,20406,0
20250512,160000,8443.7,8482.3,8428.7,8461.7,54721,0
20250512,170000,8461.4,8461.4,8425.2,8428.1,26208,0
20250512,180000,8428.3,8441.2,8406.4,8415,21619,0
20250512,190000,8415,8415,8380.5,8388,24057,0
20250512,200000,8388.1,8402.4,8378,8395.2,10958,0
20250512,210000,8396.2,8408.1,8383,8407.7,7750,0
20250512,220000,8407.6,8431.7,8407.6,8424.2,10098,0
20250512,230000,8424.3,8427.4,8380,8400.3,9402,0
20250513,090000,8447,8475,8437.1,8469.1,24973,0
20250513,100000,8468.9,8500,8468.9,8490.6,46963,0
20250513,110000,8491,8493.9,8468,8486.8,28556,0
20250513,120000,8488,8501.6,8472.4,8475.5,22839,0
20250513,130000,8475.6,8493.7,8472.9,8485.4,24695,0
20250513,140000,8486.6,8499.1,8481.1,8489.8,50623,0
20250513,150000,8489.1,8489.2,8462.1,8463.5,63166,0
20250513,160000,8463.8,8470,8426.4,8428.6,43190,0
20250513,170000,8429.3,8468.1,8426.4,8451.6,38411,0
20250513,180000,8452,8465.1,8440,8440,15931,0
20250513,190000,8459.1,8483.8,8440.5,8447,10567,0
20250513,200000,8447,8450,8430.2,8444.9,8621,0
20250513,210000,8444.4,8454.6,8439.5,8450.2,2492,0
20250513,220000,8450.2,8464.8,8450,8463,2422,0
20250513,230000,8462.8,8470.8,8450,8460.1,4541,0
20250514,090000,8436.6,8442.3,8417.5,8422.3,7704,0
20250514,100000,8422.3,8455.2,8418,8451,32336,0
20250514,110000,8451.3,8458.9,8421.5,8424.9,18622,0
20250514,120000,8424.9,8428.7,8407.1,8419.4,23529,0
20250514,130000,8416.5,8420.5,8387.8,8405,45086,0
20250514,140000,8406.5,8425.9,8381,8382.1,33172,0
20250514,150000,8381.8,8400,8319,8319.2,90704,0
20250514,160000,8319.1,8339.1,8280,8303.7,165984,0
20250514,170000,8303.7,8318.1,8276.3,8279.9,42255,0
20250514,180000,8279.9,8311.7,8275.1,8294.4,30987,0
20250514,190000,8298.8,8313.5,8283,8312.4,12810,0
20250514,200000,8313,8313,8289.6,8297,4393,0
20250514,210000,8296.9,8315.9,8285.3,8288.7,11300,0
20250514,220000,8288.9,8345,8281.6,8345,12655,0
20250514,230000,8344.9,8370,8318.8,8338.5,22676,0
20250515,090000,8216,8250.5,8184,8244.1,52389,0
20250515,100000,8244.1,8248.6,8185.5,8207.9,43459,0
20250515,110000,8207.1,8245.4,8196.7,8240.8,35482,0
20250515,120000,8242.7,8262,8226.7,8236.5,28216,0
20250515,130000,8237.7,8278,8233.2,8273,24071,0
20250515,140000,8273.8,8274.8,8258,8258.7,24014,0
20250515,150000,8258.7,8296,8257.7,8289.8,30841,0
20250515,160000,8287.3,8318,8282.9,8292.5,34147,0
20250515,170000,8293,8319,8286.6,8313.9,31854,0
20250515,180000,8314.2,8339.9,8313.2,8330,27625,0
20250515,190000,8334.2,8373.8,8333.4,8367.4,19431,0
20250515,200000,8367.5,8392.8,8344.3,8358.6,21669,0
20250515,210000,8359.7,8375.4,8353.1,8371.1,6442,0
20250515,220000,8371.5,8384.9,8366.3,8382.9,6754,0
20250515,230000,8382.8,8411.9,8370,8406.3,13960,0
20250516,090000,8349.9,8389.8,8336.9,8344.3,25583,0
20250516,100000,8343.9,8375.8,8331.5,8359.1,38581,0
20250516,110000,8359.2,8367.6,8346.8,8352.2,28752,0
20250516,120000,8353.3,8366.9,8339.4,8364.9,32547,0
20250516,130000,8364.1,8367.6,8296.5,8309.2,64817,0
20250516,140000,8310.7,8322.9,8256.5,8280,44326,0
20250516,150000,8279,8340.2,8263,8328.9,45968,0
20250516,160000,8330.5,8356.6,8294.2,8329.3,46599,0
20250516,170000,8331.9,8345.5,8314.5,8328.8,48501,0
20250516,180000,8329,8349.4,8327,8336,15271,0
20250516,190000,8344.3,8375.8,8343.3,8368,18676,0
20250516,200000,8368,8390,8346.4,8356.1,15527,0
20250516,210000,8355.8,8360.3,8325,8353,8872,0
20250516,220000,8353,8372.3,8351.7,8363.7,7010,0
20250516,230000,8370.7,8389.2,8362,8378.9,6694,0
20250519,090000,8403,8462.2,8403,8427.4,44831,0
20250519,100000,8427,8430.1,8393.6,8404.9,43308,0
20250519,110000,8403,8412.5,8381,8405.5,87804,0
20250519,120000,8405.9,8409.9,8385,8403.8,26252,0
20250519,130000,8403,8408,8384,8400.5,12922,0
20250519,140000,8404.3,8408.9,8393.8,8402.3,19378,0
20250519,150000,8400,8407.5,8370,8377.3,24830,0
20250519,160000,8377.3,8403.9,8363.8,8381.6,32325,0
20250519,170000,8381.7,8400,8352.9,8388.7,44705,0
20250519,180000,8390.3,8395.6,8354.8,8376.3,20857,0
20250519,190000,8372.6,8390.3,8365,8387,5172,0
20250519,200000,8386.4,8388.4,8356,8366.3,5797,0
20250519,210000,8368.7,8397.5,8364.7,8392.8,3045,0
20250519,220000,8394.7,8397.6,8388.7,8393,2566,0
20250519,230000,8394,8400,8373.1,8375,6483,0
20250520,090000,8353.3,8359.1,8321.1,8329.2,21658,0
20250520,100000,8329,8415.5,8326.3,8403.6,51137,0
20250520,110000,8403.8,8419.8,8375.2,8418.3,87181,0
20250520,120000,8418.3,8431.7,8400.5,8425.2,38914,0
20250520,130000,8424.8,8448.8,8415.2,8438.4,57174,0
20250520,140000,8438,8443.7,8425.4,8434.3,18296,0
20250520,150000,8436.9,8449.4,8414,8434.7,45984,0
20250520,160000,8434.1,8462.1,8415,8461.2,99111,0
20250520,170000,8461.3,8542.9,8458.5,8519.4,196616,0
20250520,180000,8519.4,8522.8,8501,8517.5,27400,0
20250520,190000,8509.2,8554.1,8509.2,8538,30022,0
20250520,200000,8538.1,8576.8,8538.1,8575.1,19020,0
20250520,210000,8574.9,8590,8559.2,8582.5,12569,0
20250520,220000,8580.7,8599,8573,8591.1,9420,0
20250520,230000,8591,8600,8566,8570.1,9128,0
20250521,090000,8580,8591,8557.5,8569.6,99469,0
20250521,100000,8569.4,8580,8476.1,8484.8,223514,0
20250521,110000,8484.5,8509.8,8476.6,8496.3,91780,0
20250521,120000,8496.5,8527.1,8484.4,8514.3,42422,0
20250521,130000,8512.4,8521.3,8501.2,8511.6,21181,0
20250521,140000,8511.9,8517.5,8482.5,8488.5,30043,0
20250521,150000,8489.7,8499.6,8457.1,8468.2,63597,0
20250521,160000,8468.1,8494.8,8460,8476.6,18698,0
20250521,170000,8474,8483.3,8441.1,8447,41047,0
20250521,180000,8447,8488.6,8443.5,8485,111222,0
20250521,190000,8484.9,8506.9,8470,8470.5,18250,0
20250521,200000,8470,8499,8470,8497.2,10324,0
20250521,210000,8498.9,8499.3,8481.7,8482.9,3741,0
20250521,220000,8483,8524.9,8483,8509,10065,0
20250521,230000,8510,8520,8500,8501.1,7262,0
20250522,090000,8527.5,8549.9,8505,8519.4,11829,0
20250522,100000,8518.1,8533.8,8494.2,8513.4,44913,0
20250522,110000,8513,8519.6,8461.6,8471.5,31007,0
20250522,120000,8471.8,8471.9,8442.1,8447.5,30543,0
20250522,130000,8447.9,8455.8,8420,8443.8,27664,0
20250522,140000,8436.5,8463.3,8377,8461,90609,0
20250522,150000,8461,8476.6,8447,8471.9,33614,0
20250522,160000,8473.8,8510,8435.4,8442,48043,0
20250522,170000,8443.3,8494.8,8425.5,8480,41292,0
20250522,180000,8480,8480.1,8440,8465,93179,0
20250522,190000,8474,8491.5,8465,8485.5,15981,0
20250522,200000,8485.6,8487.2,8452.3,8468.1,17595,0
20250522,210000,8468.9,8475.3,8453.5,8466.5,13636,0
20250522,220000,8466.4,8470.1,8445,8455.3,9880,0
20250522,230000,8455.8,8460.3,8447.2,8450.1,8183,0
20250523,090000,8500.7,8529.4,8500.7,8526.8,30716,0
20250523,100000,8525.2,8543.1,8512.6,8514.5,79561,0
20250523,110000,8515.9,8516,8484,8502.9,44504,0
20250523,120000,8502.9,8510.9,8486.2,8498.7,25335,0
20250523,130000,8501.2,8537.2,8493,8521,45769,0
20250523,140000,8521,8556.6,8507.6,8556,48995,0
20250523,150000,8556.8,8579.4,8542.2,8564.2,52429,0
20250523,160000,8566.3,8580,8530.7,8530.9,30957,0
20250523,170000,8531.4,8551.4,8522.9,8541.1,25623,0
20250523,180000,8541.1,8541.7,8516.6,8532,16739,0
20250523,190000,8535,8552.6,8530.9,8539.6,6492,0
20250523,200000,8539.6,8552.3,8538.2,8543.6,3476,0
20250523,210000,8545.5,8550.5,8530.3,8530.3,4884,0
20250523,220000,8530,8541.4,8521.1,8524.5,6068,0
20250523,230000,8524.5,8555,8521.7,8532,6384,0
20250526,090000,8526.7,8526.7,8486,8504.1,31765,0
20250526,100000,8504,8525.2,8491.5,8524.6,38186,0
20250526,110000,8523.5,8535,8507.7,8511.5,18147,0
20250526,120000,8508.8,8519.5,8494.9,8508,21291,0
20250526,130000,8508.1,8521.8,8505.4,8513.6,8575,0
20250526,140000,8516.4,8533.2,8510.2,8528.2,24701,0
20250526,150000,8528,8532.3,8505.1,8520.2,16889,0
20250526,160000,8520.8,8529.7,8516.5,8523.4,16953,0
20250526,170000,8521.8,8533,8512.1,8519,18066,0
20250526,180000,8518.3,8530.6,8505,8524.6,16211,0
20250526,190000,8528,8532.5,8514.7,8527,4837,0
20250526,200000,8527,8533.1,8525.3,8532.8,3893,0
20250526,210000,8533,8534.3,8527.3,8531,1084,0
20250526,220000,8532.5,8534.9,8520.1,8524,2277,0
20250526,230000,8524,8529.9,8520,8527.7,4216,0
20250527,090000,8501.8,8512.5,8478,8488,24867,0
20250527,100000,8488.1,8490.8,8433,8450.3,59735,0
20250527,110000,8450.4,8466.7,8420.3,8425,58523,0
20250527,120000,8425,8439.5,8416.6,8437,29368,0
20250527,130000,8435.5,8445,8426.2,8434.4,27851,0
20250527,140000,8434.8,8440.4,8413.7,8417.1,22992,0
20250527,150000,8417,8444,8417,8437.6,34752,0
20250527,160000,8439,8465.5,8433,8441.7,34441,0
20250527,170000,8442,8453.4,8424.3,8443.6,25085,0
20250527,180000,8442.4,8444.1,8420,8425.6,20515,0
20250527,190000,8422.5,8449.9,8422.5,8446.1,8774,0
20250527,200000,8445.9,8458.5,8443.9,8453.6,4131,0
20250527,210000,8453.3,8457.9,8435.6,8452.9,5471,0
20250527,220000,8450.3,8460.9,8449.1,8453.3,3337,0
20250527,230000,8451.3,8456.8,8446.8,8451.1,1261,0
20250528,090000,8460.1,8461.5,8395.2,8399.8,73854,0
20250528,100000,8400,8427.9,8391.9,8421.2,141619,0
20250528,110000,8421.4,8446,8418.3,8440.4,32931,0
20250528,120000,8437,8453.9,8430.1,8445.8,16190,0
20250528,130000,8447,8447,8413.4,8418.7,17958,0
20250528,140000,8417.7,8418.9,8400,8410,31121,0
20250528,150000,8410,8422.5,8390.1,8402.7,21890,0
20250528,160000,8403.5,8408.3,8373.1,8381,40045,0
20250528,170000,8383,8392.9,8376,8378.1,17277,0
20250528,180000,8379,8379,8350.2,8352.4,28210,0
20250528,190000,8352.4,8369,8310,8338.4,24833,0
20250528,200000,8338.4,8361.4,8331.3,8351.1,6702,0
20250528,210000,8352.6,8372.9,8352.6,8356.8,5143,0
20250528,220000,8357.9,8362.6,8340,8348.5,2875,0
20250528,230000,8348,8350,8334.8,8334.8,3608,0
20250529,090000,8298.3,8316,8232.7,8247.8,33433,0
20250529,100000,8245.9,8280.6,8234.9,8258.8,52227,0
20250529,110000,8258.2,8259,8232.5,8239.3,27760,0
20250529,120000,8240.7,8246.7,8222.1,8232.3,34099,0
20250529,130000,8233,8263.5,8224.2,8251,30126,0
20250529,140000,8254.3,8274.9,8245,8271,43295,0
20250529,150000,8271.1,8327.9,8270,8307.6,54292,0
20250529,160000,8308.3,8324.9,8291,8295.6,23566,0
20250529,170000,8296.5,8315.3,8271.2,8291.7,41707,0
20250529,180000,8291.7,8295.8,8284.4,8285.1,17159,0
20250529,190000,8292.9,8325,8292.9,8312.3,10810,0
20250529,200000,8311.5,8322.1,8298.3,8322.1,3489,0
20250529,210000,8322.1,8323.8,8284.1,8290,4838,0
20250529,220000,8290,8290.1,8259,8267.1,10431,0
20250529,230000,8267.1,8284.9,8265.8,8269.4,4877,0
20250530,090000,8247.5,8296.3,8238,8295.6,13601,0
20250530,100000,8295.1,8296.3,8267.1,8290,30192,0
20250530,110000,8288.8,8304.7,8282.9,8286.7,48957,0
20250530,120000,8286.7,8293.4,8278.4,8284.6,25060,0
20250530,130000,8284.2,8304.6,8269.3,8276.9,27695,0
20250530,140000,8279.9,8293.9,8274.2,8293.9,65273,0
20250530,150000,8295,8329.9,8280,8325.6,51116,0
20250530,160000,8324.3,8339.4,8283.4,8285.9,57836,0
20250530,170000,8288.2,8308.5,8259.2,8271.7,55385,0
20250530,180000,8275,8307,8262.5,8292,12871,0
20250530,190000,8291.4,8325,8291.4,8319.4,8318,0
20250530,200000,8316.5,8317,8300,8305.6,2986,0
20250530,210000,8306,8316.5,8305.5,8309.9,1492,0
20250530,220000,8309.3,8316.2,8303.6,8306.9,3977,0
20250530,230000,8306.6,8316,8300,8310,3626,0
20250602,090000,8368.6,8468.4,8367.7,8462.8,54630,0
20250602,100000,8462.8,8480,8441.7,8450,51163,0
20250602,110000,8450,8475,8446.5,8458.9,24712,0
20250602,120000,8458.6,8468,8450.7,8465,8617,0
20250602,130000,8464.9,8483.9,8460,8468.9,52583,0
20250602,140000,8475.1,8496.7,8473.8,8484.2,31089,0
20250602,150000,8485.7,8503,8474,8483.8,19472,0
20250602,160000,8485.3,8525.7,8483,8511.8,22716,0
20250602,170000,8513.6,8532.2,8503.4,8511.7,49794,0
20250602,180000,8513,8513.5,8477.2,8492,22397,0
20250602,190000,8493.9,8499,8465.5,8497,14291,0
20250602,200000,8498,8515.7,8498,8511.9,5527,0
20250602,210000,8512.9,8512.9,8491.1,8506.7,2099,0
20250602,220000,8523,8530,8522,8529.2,4429,0
20250602,230000,8525.9,8540,8525,8537,6634,0
20250603,090000,8499.8,8500,8460,8475,25434,0
20250603,100000,8475,8490.4,8441.9,8459,30036,0
20250603,110000,8461.4,8472,8452,8455.2,24141,0
20250603,120000,8455.8,8468,8453,8462.1,12633,0
20250603,130000,8462.7,8474.9,8459.2,8469.5,11753,0
20250603,140000,8473,8479.9,8467.6,8475,10580,0
20250603,150000,8477.3,8485.2,8463.2,8480.3,26945,0
20250603,160000,8477.4,8490,8459.6,8466.1,44566,0
20250603,170000,8465,8470,8441,8455.9,30111,0
20250603,180000,8454,8455.4,8445.2,8449,38542,0
20250603,190000,8455.6,8469.5,8442.3,8449.7,20870,0
20250603,200000,8450,8450,8447.7,8449.9,12387,0
20250603,210000,8449.8,8450,8446.2,8450,7716,0
20250603,220000,8450,8450,8446.9,8449,12029,0
20250603,230000,8449.3,8450,8446.9,8448.9,4075,0
20250604,090000,8450,8450,8429.7,8440,13277,0
20250604,100000,8440,8450,8421.6,8422.8,30179,0
20250604,110000,8422.3,8438.8,8415.1,8437.6,31583,0
20250604,120000,8438.9,8458.8,8425,8452.2,31369,0
20250604,130000,8450.4,8461.3,8445,8451.3,50948,0
20250604,140000,8454.5,8459.4,8450,8450,25955,0
20250604,150000,8450.4,8525.7,8440.5,8522.9,102105,0
20250604,160000,8523,8565,8522.1,8541.2,132143,0
20250604,170000,8541.3,8594,8535.2,8580.5,47547,0
20250604,180000,8582.1,8587.3,8556.4,8564.7,31413,0
20250604,190000,8569.4,8587.5,8564.7,8586.1,11841,0
20250604,200000,8585,8595.9,8582.2,8595.9,4543,0
20250604,210000,8595,8599.2,8579.2,8586,6044,0
20250604,220000,8586,8587.4,8575,8580.7,4707,0
20250604,230000,8578.5,8585,8570,8585,4886,0
20250605,090000,8557,8584,8531,8564.8,14237,0
20250605,100000,8564.3,8564.3,8548.7,8556,36444,0
20250605,110000,8557,8565.3,8549.5,8559.6,17947,0
20250605,120000,8559.9,8593.3,8556.7,8584,23050,0
20250605,130000,8583.2,8595.6,8579,8586.5,16877,0
20250605,140000,8587,8597.6,8577.3,8591.7,27816,0
20250605,150000,8592,8605,8551.1,8564.3,47050,0
20250605,160000,8564.3,8586.4,8548.1,8569.5,35577,0
20250605,170000,8569.5,8576,8540.1,8545.7,62566,0
20250605,180000,8545.2,8556,8480,8485.1,51126,0
20250605,190000,8486,8554.5,8478,8534.9,24494,0
20250605,200000,8534.9,8546.4,8513.6,8540,11333,0
20250605,210000,8540,8549.5,8528.8,8539,5815,0
20250605,220000,8541.1,8549,8531.7,8541.2,3976,0
20250605,230000,8539.8,8545,8530,8530,2659,0
20250606,090000,8551.4,8573.1,8536.1,8541.9,11564,0
20250606,100000,8544,8551,8529.6,8539.1,24767,0
20250606,110000,8541.5,8548,8533,8543.7,26362,0
20250606,120000,8542.9,8547,8533,8543.7,10513,0
20250606,130000,8543.6,8573.7,8526,8541,67118,0
20250606,140000,8541.4,8542,8508.6,8509.5,21921,0
20250606,150000,8509.5,8521.3,8455,8461.8,35619,0
20250606,160000,8461.8,8473,8433.1,8443.3,55423,0
20250606,170000,8443.3,8460.2,8416.7,8441.1,38621,0
20250606,180000,8442,8464.5,8429.1,8452.9,16535,0
20250606,190000,8461.8,8479.9,8440.9,8448.7,8647,0
20250606,200000,8451.8,8453.8,8442.1,8449.6,2343,0
20250606,210000,8448.5,8449,8433,8443.6,22302,0
20250606,220000,8444.3,8444.6,8435.8,8436.7,5520,0
20250606,230000,8436,8449.9,8426,8446.6,7078,0
20250609,090000,8448.7,8449,8413.2,8443.9,15271,0
20250609,100000,8444,8456.7,8394.7,8428.3,44054,0
20250609,110000,8428,8428.7,8397.5,8417.4,18435,0
20250609,120000,8416.7,8431.4,8402,8414.8,9678,0
20250609,130000,8414.1,8415,8398.1,8413.8,9599,0
20250609,140000,8413.8,8433.3,8412.7,8423.4,13391,0
20250609,150000,8425,8432,8411.5,8425.5,6314,0
20250609,160000,8425.8,8429.5,8401,8416.8,26701,0
20250609,170000,8418.3,8435,8403,8413.7,16292,0
20250609,180000,8415.4,8438.4,8404.8,8425,9718,0
20250609,190000,8429.5,8459.9,8425,8455,9592,0
20250609,200000,8455,8456,8435.9,8440,4870,0
20250609,210000,8438.6,8448.8,8434.3,8439.2,2145,0
20250609,220000,8438.4,8441,8430.1,8432.1,579,0
20250609,230000,8431.1,8435.4,8420,8420.3,3592,0
20250610,090000,8417.5,8417.5,8383.2,8389.8,17073,0
20250610,100000,8389.9,8406.4,8378.2,8405,33762,0
20250610,110000,8405.1,8408.5,8387.1,8391.1,12411,0
20250610,120000,8391.2,8399,8381.2,8395.9,12547,0
20250610,130000,8395.9,8404.4,8378.1,8393.1,32833,0
20250610,140000,8391.8,8404.7,8384,8388.1,11128,0
20250610,150000,8390,8404.9,8380,8394.6,19179,0
20250610,160000,8393.1,8416.4,8381,8385.3,20300,0
20250610,170000,8385.4,8386.5,8343.2,8353.8,43216,0
20250610,180000,8354,8357,8303.2,8308.1,34728,0
20250610,190000,8309.9,8322.3,8283.2,8295.8,20473,0
20250610,200000,8295.9,8311,8295,8302.9,4608,0
20250610,210000,8302.9,8303.4,8280.1,8282.9,7714,0
20250610,220000,8282.2,8309.7,8281.5,8296.9,3896,0
20250610,230000,8296.5,8308.5,8283.7,8308,2159,0
20250611,090000,8334,8390.5,8310.8,8370,21250,0
20250611,100000,8370,8407.3,8362.2,8395.9,58384,0
20250611,110000,8395.9,8415.9,8390,8403.6,36364,0
20250611,120000,8403.6,8404.9,8370.2,8371.6,16572,0
20250611,130000,8374,8398.7,8368.7,8390.9,26069,0
20250611,140000,8387.2,8446.8,8383.2,8441.6,32128,0
20250611,150000,8442.2,8486,8421.8,8433,57045,0
20250611,160000,8434,8463,8422.1,8459.3,26356,0
20250611,170000,8458.1,8468,8436.7,8454.3,23400,0
20250611,180000,8456.3,8465,8439.4,8440.5,14249,0
20250611,190000,8444,8464,8444,8455.4,5252,0
20250611,200000,8452.3,8452.5,8420,8438,7057,0
20250611,210000,8437.4,8486,8436.1,8475.6,15016,0
20250611,220000,8476.1,8498.5,8471.8,8489.2,9038,0
20250611,230000,8490.5,8504,8490.5,8499.8,22019,0
20250613,090000,8656,8680,8600.1,8615.4,40543,0
20250613,100000,8615.8,8616,8515.4,8566.5,53677,0
20250613,110000,8564.2,8604.5,8555,8590.6,26170,0
20250613,120000,8592.5,8602,8556,8586.6,17180,0
20250613,130000,8586.6,8591.1,8560.8,8581.2,10576,0
20250613,140000,8579.6,8589.2,8566.3,8576.8,5001,0
20250613,150000,8577.7,8596,8568.8,8590.8,16273,0
20250613,160000,8589.2,8608,8575.7,8592.6,20755,0
20250613,170000,8590.6,8597.4,8567.6,8576,18526,0
20250613,180000,8572.5,8582.6,8560,8560.1,13412,0
20250613,190000,8563,8581,8550,8580.6,6103,0
20250613,200000,8579.9,8590.5,8573.8,8580,5178,0
20250613,210000,8582.7,8592.6,8576,8587.9,2831,0
20250613,220000,8589.9,8595.2,8574.1,8582,3671,0
20250613,230000,8582.6,8599.9,8573.6,8599,8191,0
20250616,090000,8591,8596,8480,8510.1,40840,0
20250616,100000,8511.6,8545,8502,8525.2,123412,0
20250616,110000,8525.2,8542,8523.3,8531.6,31369,0
20250616,120000,8531.9,8551,8526.8,8536.4,21524,0
20250616,130000,8537,8550,8531.6,8534.4,12296,0
20250616,140000,8534.5,8544.6,8528.5,8537,14905,0
20250616,150000,8537.1,8544.5,8536.3,8544.4,8431,0
20250616,160000,8542.5,8556.3,8500.3,8506,45261,0
20250616,170000,8506.1,8524.5,8492.3,8518.1,32642,0
20250616,180000,8517.2,8529,8511.9,8513.3,11839,0
20250616,190000,8513.3,8526,8512.8,8523,5099,0
20250616,200000,8519.6,8525.6,8500,8501.8,5240,0
20250616,210000,8503.4,8504.4,8484.1,8484.9,11119,0
20250616,220000,8485,8494,8480.3,8484.2,6547,0
20250616,230000,8484.2,8499.8,8477.8,8492.5,3865,0
20250617,090000,8511,8520,8485,8490.1,10973,0
20250617,100000,8492,8509.3,8490.9,8496.6,22582,0
20250617,110000,8496.3,8497.3,8473.7,8474.1,25268,0
20250617,120000,8474.1,8509,8470.8,8505.8,15844,0
20250617,130000,8505.3,8518.9,8499.2,8513.4,21882,0
20250617,140000,8512.2,8520.9,8491.2,8491.6,17181,0
20250617,150000,8491.5,8509.5,8485.7,8495,25107,0
20250617,160000,8495.8,8514.4,8487.4,8495.8,21832,0
20250617,170000,8496.1,8502,8459.2,8477.9,52582,0
20250617,180000,8476.4,8477,8450.5,8451,21445,0
20250617,190000,8453.1,8476.4,8451.3,8471.2,6814,0
20250617,200000,8473.1,8487.6,8466.1,8486.7,4034,0
20250617,210000,8486.7,8490,8471,8472,4338,0
20250617,220000,8473.3,8483,8463.1,8481,2652,0
20250617,230000,8481.6,8493,8471.2,8478,2989,0
20250618,090000,8476.4,8488.8,8458,8460.6,6173,0
20250618,100000,8458.1,8475.1,8443,8468.2,27225,0
20250618,110000,8469.7,8485.1,8450,8450.3,14378,0
20250618,120000,8451.9,8461.5,8434,8448.8,21622,0
20250618,130000,8446.5,8450.9,8436.9,8442.7,16819,0
20250618,140000,8444,8469,8441.1,8460.1,36369,0
20250618,150000,8462,8474.4,8455.6,8470,23332,0
20250618,160000,8470,8482.8,8470,8480.2,14887,0
20250618,170000,8477.9,8500,8464,8480,60976,0
20250618,180000,8480,8490.8,8466.6,8481.9,18031,0
20250618,190000,8481.9,8491.9,8453.1,8460,22981,0
20250618,200000,8461.8,8480,8456.2,8469.1,5854,0
20250618,210000,8472,8480,8459.1,8460.2,8326,0
20250618,220000,8461.1,8472.9,8441.7,8447.2,13668,0
20250618,230000,8447.2,8450.6,8440,8440.2,9144,0
20250619,090000,8440.2,8441.1,8400,8429,32187,0
20250619,100000,8429,8431,8400,8414.4,77624,0
20250619,110000,8414.2,8415.8,8391.5,8395.3,54231,0
20250619,120000,8395.3,8423.3,8380,8420.6,53985,0
20250619,130000,8417.9,8428.9,8405.1,8411.6,19755,0
20250619,140000,8415.3,8419,8407,8412.6,13536,0
20250619,150000,8412.6,8414.3,8401.5,8402.5,34587,0
20250619,160000,8401.7,8422.9,8400,8420,12306,0
20250619,170000,8419.5,8429.6,8412.1,8428.5,36239,0
20250619,180000,8428.5,8440,8418.3,8424.5,31662,0
20250619,190000,8427,8462.8,8427,8460,14696,0
20250619,200000,8462,8492.1,8460.7,8463.4,19238,0
20250619,210000,8463.1,8473.8,8461.1,8468.8,3079,0
20250619,220000,8468.2,8478.7,8468.2,8474,4332,0
20250619,230000,8473.7,8486.4,8466.7,8480,6907,0
20250620,090000,8429.3,8433.8,8405,8424.1,25419,0
20250620,100000,8423.1,8426.8,8404.9,8407.9,34050,0
20250620,110000,8408,8414.7,8401.4,8408.2,17622,0
20250620,120000,8408.2,8425,8406.9,8409.7,29236,0
20250620,130000,8409.7,8412.8,8403.2,8407.2,13340,0
20250620,140000,8406.2,8408.6,8393.7,8396.2,10993,0
20250620,150000,8396.6,8407.8,8392.3,8392.7,10773,0
20250620,160000,8393.2,8446.1,8391,8440.5,30948,0
20250620,170000,8440.4,8440.5,8406,8416.4,23880,0
20250620,180000,8415.1,8419.1,8385.1,8405,17979,0
20250620,190000,8407.5,8437.3,8407.5,8430.1,8769,0
20250620,200000,8430.4,8430.5,8411.2,8412.9,2688,0
20250620,210000,8413,8420,8413,8417,1316,0
20250620,220000,8418,8424.5,8413.3,8414,2378,0
20250620,230000,8414.2,8430,8414.1,8430,2894,0
