20240625,100000,6503.9,6525,6480.8,6521.3,8076,0
20240625,110000,6519.6,6520.5,6505.1,6514.5,3467,0
20240625,120000,6515.5,6553,6515.5,6543.5,3756,0
20240625,130000,6543.5,6550.6,6537.9,6547.9,2366,0
20240625,140000,6542,6550,6530.3,6543.3,1697,0
20240625,150000,6541.7,6541.7,6525.2,6525.2,646,0
20240625,160000,6525,6536,6521.5,6528.7,933,0
20240625,170000,6535.8,6542.9,6526,6538,2805,0
20240625,180000,6537.3,6545,6531.9,6544.7,1536,0
20240625,190000,6549.7,6550.2,6510.6,6525.1,1956,0
20240625,200000,6520,6528.8,6515.9,6525.3,394,0
20240625,210000,6526,6530.8,6521.5,6530.8,308,0
20240625,220000,6530.8,6532.8,6529.1,6532.8,105,0
20240625,230000,6532.7,6532.8,6521.1,6523.3,250,0
20240626,100000,6532.8,6550,6522.2,6537.6,4722,0
20240626,110000,6537.7,6550,6514.7,6515,5796,0
20240626,120000,6515,6523.6,6502.1,6515.6,3579,0
20240626,130000,6515.6,6517.5,6503.1,6503.1,1466,0
20240626,140000,6503.1,6513.1,6496,6503.6,2863,0
20240626,150000,6503.1,6509,6490.7,6499.5,5849,0
20240626,160000,6498.9,6506,6494.9,6495.5,7663,0
20240626,170000,6497.6,6501.6,6492,6496.5,1599,0
20240626,180000,6495.1,6497.6,6476.3,6484.4,3979,0
20240626,190000,6480,6484.7,6450,6477.7,2014,0
20240626,200000,6477.9,6483.3,6477.5,6482.1,601,0
20240626,210000,6482.9,6484.7,6477.5,6480.8,315,0
20240626,220000,6480.8,6484.7,6477.6,6484.7,190,0
20240626,230000,6480.1,6484.6,6477.5,6484.6,310,0
20240627,100000,6482.1,6482.3,6410,6414.1,8249,0
20240627,110000,6414.2,6433.1,6399,6429.1,7666,0
20240627,120000,6428.6,6449.5,6412,6439.3,4873,0
20240627,130000,6438,6464.3,6435.5,6458,4702,0
20240627,140000,6458,6467,6442.7,6455.5,1860,0
20240627,150000,6456,6504.5,6456,6496.8,4917,0
20240627,160000,6495,6519.2,6483,6495.4,3944,0
20240627,170000,6495.2,6520.9,6495.2,6516.9,3295,0
20240627,180000,6517.7,6518.8,6494.9,6495.7,1401,0
20240627,190000,6491.1,6514.8,6491,6503,2035,0
20240627,200000,6505.3,6513.2,6505.3,6507.1,155,0
20240627,210000,6507.1,6507.1,6489.3,6492.1,1546,0
20240627,220000,6490.5,6494.7,6488.8,6493.4,224,0
20240627,230000,6493.4,6503.6,6493.4,6503.3,348,0
20240628,100000,6500.1,6561.4,6493.5,6550.1,6560,0
20240628,110000,6550.1,6558.2,6544.5,6557.9,3123,0
20240628,120000,6555.1,6559.1,6506.2,6511.9,4206,0
20240628,130000,6513.5,6518.5,6500.3,6507,3545,0
20240628,140000,6511.5,6519,6503,6510.1,2371,0
20240628,150000,6510.1,6530.8,6508.3,6530.2,1142,0
20240628,160000,6528.5,6542,6528.5,6538.8,2780,0
20240628,170000,6537.1,6543.6,6531.6,6537,1732,0
20240628,180000,6539.9,6541.7,6531.4,6531.4,813,0
20240628,190000,6540.7,6553,6540.6,6541.7,1368,0
20240628,200000,6541.7,6544.9,6541,6541.9,189,0
20240628,210000,6542,6551,6541,6541.1,846,0
20240628,220000,6542.2,6546.8,6540.1,6540.1,104,0
20240628,230000,6540.1,6541,6525.4,6530.3,1046,0
20240701,100000,6535.9,6586,6533.7,6576,7702,0
20240701,110000,6575.5,6577.2,6542.3,6558,2933,0
20240701,120000,6551.1,6583.7,6551.1,6582,3072,0
20240701,130000,6582.3,6609.5,6580,6605.2,2843,0
20240701,140000,6602.1,6614.9,6602,6613.8,3402,0
20240701,150000,6610.1,6614.8,6595,6597.1,2106,0
20240701,160000,6597.1,6598.5,6582.5,6584.2,1492,0
20240701,170000,6586.4,6596.9,6572,6581.2,3931,0
20240701,180000,6580,6600,6575.7,6591.1,1576,0
20240701,190000,6595,6612.3,6595,6601.3,270,0
20240701,200000,6601.3,6612.4,6598.7,6598.7,477,0
20240701,210000,6598.8,6610,6595.4,6610,491,0
20240701,220000,6602.9,6609.8,6602.6,6609.7,236,0
20240701,230000,6608,6609.8,6607.5,6609.5,678,0
20240702,100000,6598.9,6629.9,6598.1,6620,5108,0
20240702,110000,6619.1,6637.2,6611.5,6627,1866,0
20240702,120000,6627.5,6642,6626.8,6640.1,2531,0
20240702,130000,6641.4,6642,6617.4,6627.6,1371,0
20240702,140000,6628,6636.8,6615.3,6634,2094,0
20240702,150000,6633.9,6636.8,6624,6636.7,855,0
20240702,160000,6636.7,6636.8,6628.7,6634,952,0
20240702,170000,6633.9,6634,6615.3,6617.1,2429,0
20240702,180000,6617.1,6617.1,6581,6581.8,5215,0
20240702,190000,6586.8,6598,6580.5,6593.4,699,0
20240702,200000,6591.1,6593.2,6584.8,6588,236,0
20240702,210000,6588,6589.7,6585.2,6589.7,543,0
20240702,220000,6589.7,6600,6588.1,6599.8,861,0
20240702,230000,6597.4,6600,6587.5,6588,102,0
20240703,100000,6600,6645.8,6597.6,6645.2,6574,0
20240703,110000,6646,6668.8,6645.2,6664.9,4469,0
20240703,120000,6664.8,6675,6650,6673.8,3672,0
20240703,130000,6672.9,6679.7,6663.9,6663.9,1736,0
20240703,140000,6662.9,6685.9,6650,6685.6,3627,0
20240703,150000,6680.8,6709.9,6677.1,6692.4,5364,0
20240703,160000,6694.3,6706,6680.1,6688.8,2875,0
20240703,170000,6689.7,6710.7,6689.7,6705.7,2572,0
20240703,180000,6700.1,6709.9,6698,6703.6,562,0
20240703,190000,6703,6720,6693.5,6693.5,1121,0
20240703,200000,6692.7,6701.9,6688.3,6697.3,1197,0
20240703,210000,6697.3,6699.2,6690.2,6691.8,182,0
20240703,220000,6692.1,6700,6687.1,6689.2,340,0
20240703,230000,6689.8,6698.2,6689.1,6696,132,0
20240704,100000,6701.2,6727.2,6694.3,6723.1,2750,0
20240704,110000,6724.2,6753.8,6724.2,6746.9,3769,0
20240704,120000,6747,6747,6731.6,6740,1112,0
20240704,130000,6737.6,6757.2,6737.6,6752.4,630,0
20240704,140000,6753.5,6801.3,6747.4,6762.4,14479,0
20240704,150000,6758.9,6773.9,6756,6764,3471,0
20240704,160000,6765,6774.1,6738.9,6750.9,2341,0
20240704,170000,6748.8,6768.2,6740.5,6753.9,1154,0
20240704,180000,6753.9,6755,6735,6736.7,1243,0
20240704,190000,6735,6751,6733,6747.9,1194,0
20240704,200000,6747.9,6751,6746.2,6751,122,0
20240704,210000,6750.9,6765,6750.3,6755.9,676,0
20240704,220000,6758.6,6762,6758.4,6761,392,0
20240704,230000,6761,6763.4,6753.6,6753.6,506,0
20240705,100000,6770,6780,6744.1,6754.4,2965,0
20240705,110000,6754,6766.7,6746.4,6752.4,3094,0
20240705,120000,6752.2,6759.7,6740,6744.6,1678,0
20240705,130000,6744.6,6745.2,6732.6,6735.2,1278,0
20240705,140000,6733.4,6733.5,6700.1,6719,4384,0
20240705,150000,6719,6728.1,6672,6720.8,6642,0
20240705,160000,6722,6739,6714.2,6732.1,2080,0
20240705,170000,6735.7,6740.7,6710.2,6730,2077,0
20240705,180000,6733.8,6765.9,6715,6759,3211,0
20240705,190000,6755,6800,6754.9,6787.9,2105,0
20240705,200000,6788,6796.6,6785.1,6793.1,1155,0
20240705,210000,6793.1,6795.8,6785,6789.3,644,0
20240705,220000,6790,6794.9,6787.1,6789.9,318,0
20240705,230000,6789.8,6793,6780,6781.6,357,0
20240708,100000,6770,6796.9,6740.9,6796.2,5570,0
20240708,110000,6796.9,6796.9,6742,6744.8,5096,0
20240708,120000,6744.1,6780.2,6737.1,6755.8,5711,0
20240708,130000,6755.1,6764,6751.1,6755.9,1944,0
20240708,140000,6757.1,6771.2,6750,6763.3,2472,0
20240708,150000,6764.2,6770.3,6742.3,6765.1,1245,0
20240708,160000,6763,6772,6760,6760,670,0
20240708,170000,6760.3,6768.9,6759,6759,447,0
20240708,180000,6758.8,6759.7,6706.1,6706.1,4524,0
20240708,190000,6730.4,6797.7,6684.6,6735.8,2395,0
20240708,200000,6737.9,6737.9,6726.4,6727,947,0
20240708,210000,6735.9,6736.6,6712.1,6726.3,754,0
20240708,220000,6726.5,6734.7,6725.1,6734.7,87,0
20240708,230000,6730,6734.9,6723.7,6724.1,51,0
20240709,100000,6731.4,6736.6,6716.8,6717,2274,0
20240709,110000,6716.7,6724.2,6712.6,6722.1,1077,0
20240709,120000,6722.1,6731.1,6714,6722.3,2261,0
20240709,130000,6722.3,6722.9,6692.6,6697.8,1244,0
20240709,140000,6697.9,6697.9,6668.4,6670,4304,0
20240709,150000,6670,6680.7,6651,6665,4543,0
20240709,160000,6664.2,6716,6664.2,6714.2,2979,0
20240709,170000,6713.1,6717.3,6691.4,6699.8,2818,0
20240709,180000,6696.7,6698,6682.5,6692,1652,0
20240709,190000,6691.2,6698.2,6682,6685.4,414,0
20240709,200000,6689,6693.8,6685.9,6692.2,168,0
20240709,210000,6693.6,6696,6690.1,6695.9,712,0
20240709,220000,6694.5,6698,6678,6691.5,764,0
20240709,230000,6691.4,6698.3,6676,6698.3,1131,0
20240710,100000,6702.4,6717.9,6690.3,6693.9,3913,0
20240710,110000,6692.8,6710.5,6688,6710.4,2346,0
20240710,120000,6710.4,6718.2,6707,6716.1,1502,0
20240710,130000,6717.9,6749.1,6717.4,6729.1,4618,0
20240710,140000,6734,6759.1,6722.8,6755.4,2474,0
20240710,150000,6757,6762.9,6738.3,6740.8,4141,0
20240710,160000,6743,6751.3,6730.1,6742.5,2316,0
20240710,170000,6742.7,6748,6722,6732.9,2446,0
20240710,180000,6725.2,6736.9,6723.2,6736.7,1865,0
20240710,190000,6736.9,6743.2,6729,6738.8,378,0
20240710,200000,6737.9,6742.9,6734.1,6738,955,0
20240710,210000,6741,6744.8,6735,6736.2,705,0
20240710,220000,6735.2,6741.9,6735.2,6738.1,615,0
20240710,230000,6741.7,6743.6,6737.8,6739,174,0
20240711,100000,6744.9,6753,6733.1,6734.4,4284,0
20240711,110000,6736,6761.8,6736,6752.5,1777,0
20240711,120000,6752,6762.2,6751.4,6755.4,546,0
20240711,130000,6756.4,6756.4,6746.4,6748.9,1343,0
20240711,140000,6750.4,6767,6743.8,6744,3726,0
20240711,150000,6746.6,6800,6746.6,6789.2,5463,0
20240711,160000,6789.2,6800.3,6776.8,6791.7,4382,0
20240711,170000,6791.7,6805.3,6784.1,6795.7,2331,0
20240711,180000,6795.4,6825.7,6795.4,6810.1,4124,0
20240711,190000,6815.1,6821.7,6798.4,6801.4,1364,0
20240711,200000,6801.3,6805.5,6800.3,6804,459,0
20240711,210000,6804,6804.1,6799.1,6803,1253,0
20240711,220000,6803.5,6808.5,6801,6808.5,430,0
20240711,230000,6805.5,6809,6801,6809,276,0
20240712,100000,6801,6817.1,6788.3,6793.2,9504,0
20240712,110000,6797,6821.6,6790,6817.8,4089,0
20240712,120000,6817.9,6819.1,6790.5,6805.8,16575,0
20240712,130000,6805.9,6813.1,6800,6800.1,883,0
20240712,140000,6800,6800,6796.4,6796.4,832,0
20240712,150000,6796.4,6797.5,6780.3,6786.6,4983,0
20240712,160000,6787.9,6798.8,6785,6793.4,1022,0
20240712,170000,6798.5,6808.7,6794.7,6803,1598,0
20240712,180000,6801.2,6813,6800,6807.9,1749,0
20240712,190000,6805.8,6812.2,6805.1,6812,182,0
20240712,200000,6812.2,6816.7,6807.1,6816.7,450,0
20240712,210000,6816,6821,6810,6813.8,1482,0
20240712,220000,6813.9,6817.8,6808.9,6808.9,316,0
20240712,230000,6810.4,6817.3,6806.2,6817,279,0
20240715,100000,6817.1,6819.1,6771,6783.1,8432,0
20240715,110000,6783.1,6798.9,6772.1,6791.7,2517,0
20240715,120000,6791.7,6798.5,6771.2,6794.4,3259,0
20240715,130000,6794.4,6817.3,6794.4,6814.5,3433,0
20240715,140000,6813.2,6840.8,6804,6827.8,3741,0
20240715,150000,6827.8,6833.8,6822.1,6832.6,3088,0
20240715,160000,6833.3,6839.3,6809.7,6831,2123,0
20240715,170000,6831,6850,6829.4,6850,2296,0
20240715,180000,6849.2,6860,6838.5,6845.4,3036,0
20240715,190000,6838.9,6861,6835.1,6850.1,4258,0
20240715,200000,6845.4,6845.4,6828.7,6833,627,0
20240715,210000,6834,6846.8,6833.6,6843.2,524,0
20240715,220000,6838.9,6849.3,6832.8,6846.4,420,0
20240715,230000,6846,6846.5,6843.1,6843.3,44,0
20240716,100000,6852.2,6885,6828.8,6883,11101,0
20240716,110000,6883,6893.4,6870.8,6881.7,3372,0
20240716,120000,6881.2,6890.2,6870.7,6890.2,3913,0
20240716,130000,6890.2,6898.6,6885.8,6895.2,4579,0
20240716,140000,6895.5,6897,6880,6887.1,1478,0
20240716,150000,6887.7,6898.1,6873,6873,2123,0
20240716,160000,6877,6910.9,6873,6908.9,2823,0
20240716,170000,6908.9,6918,6901.4,6918,1753,0
20240716,180000,6916.1,6936.9,6908.7,6934,7498,0
20240716,190000,6935,6940,6928.1,6931.5,1307,0
20240716,200000,6936.2,6953,6935.7,6952.5,1298,0
20240716,210000,6952.4,6952.4,6932,6944.9,1159,0
20240716,220000,6944.4,6952.2,6939.5,6949.2,753,0
20240716,230000,6951.6,6952.8,6938,6941.1,510,0
20240717,100000,6951.8,6979.2,6932,6979.1,7768,0
20240717,110000,6979.1,6993.7,6970,6973.2,4900,0
20240717,120000,6972,6987.6,6961.1,6987.6,7726,0
20240717,130000,6987.6,6990,6971.5,6971.5,2585,0
20240717,140000,6971.5,6988.8,6971,6981.1,3358,0
20240717,150000,6981,6998.6,6975,6997,7457,0
20240717,160000,6996.3,7021,6996.3,7021,7865,0
20240717,170000,7020.8,7021,6937.5,6938.9,13691,0
20240717,180000,6938.9,6958.2,6935.1,6946.7,8538,0
20240717,190000,6941.7,6943.9,6920,6925.9,5788,0
20240717,200000,6924,6929.8,6915,6915,1680,0
20240717,210000,6915,6929.6,6910,6911,3064,0
20240717,220000,6913,6928.5,6910.1,6919.6,506,0
20240717,230000,6918,6918,6910,6910.2,492,0
20240718,100000,6927.8,6975,6927.8,6969.1,6844,0
20240718,110000,6969.7,6974.2,6960,6969.4,2589,0
20240718,120000,6969.5,6987.1,6963.8,6969.2,3886,0
20240718,130000,6968.3,6968.3,6936,6949.2,3414,0
20240718,140000,6949.2,6949.2,6923.7,6934.9,5588,0
20240718,150000,6933.1,6935.6,6916.5,6922,3475,0
20240718,160000,6921,6943.8,6921,6943.2,2302,0
20240718,170000,6943.3,6966.1,6941.6,6961,3277,0
20240718,180000,6959.5,6961.1,6936,6938.7,2048,0
20240718,190000,6938.6,6942.2,6927.4,6936,1490,0
20240718,200000,6936,6938.9,6927,6937.9,1530,0
20240718,210000,6932,6934.4,6920.2,6920.3,1316,0
20240718,220000,6923.9,6923.9,6901,6909.8,3810,0
20240718,230000,6906.8,6918.2,6905.8,6915.8,718,0
20240719,100000,6879.9,6882,6859.6,6874,9984,0
20240719,110000,6873.9,6884.9,6873.1,6880.8,4309,0
20240719,120000,6880.8,6881,6823,6830,12353,0
20240719,130000,6830.9,6832,6802.3,6824,7368,0
20240719,140000,6823,6825.9,6806.8,6810,2918,0
20240719,150000,6811.8,6813.6,6776,6781.6,7520,0
20240719,160000,6782.8,6820.6,6762.1,6815,20788,0
20240719,170000,6816,6832,6802.5,6815,4092,0
20240719,180000,6816.4,6844.1,6812,6827.7,3176,0
20240719,190000,6834,6839,6812.2,6830.9,2674,0
20240719,200000,6830.9,6831,6815,6818,1273,0
20240719,210000,6819.8,6824.5,6818,6824.5,1186,0
20240719,220000,6824.5,6829.1,6816,6818,2282,0
20240719,230000,6821.1,6825.5,6816,6816,221,0
20240722,100000,6822.9,6843.4,6801,6827.3,4990,0
20240722,110000,6827.2,6849.9,6821.8,6821.8,3655,0
20240722,120000,6822.3,6832.9,6822,6826,1209,0
20240722,130000,6826,6843.2,6822,6835,2345,0
20240722,140000,6833.3,6833.3,6788,6790.9,5935,0
20240722,150000,6790.9,6791.5,6765,6787.4,5831,0
20240722,160000,6788.5,6804.9,6776.7,6788.3,2845,0
20240722,170000,6793.6,6800,6763,6785.8,3215,0
20240722,180000,6782.1,6794.9,6771,6773.3,1147,0
20240722,190000,6774.8,6811.8,6774.8,6796.5,2192,0
20240722,200000,6796.5,6810.9,6789,6804.8,1369,0
20240722,210000,6804.7,6806.2,6800.8,6806.2,526,0
20240722,220000,6806.2,6812.8,6806.2,6810.5,318,0
20240722,230000,6810.5,6813.1,6810.5,6810.5,150,0
20240723,100000,6794.8,6804.9,6770.2,6803,3554,0
20240723,110000,6804.3,6804.6,6795,6801.5,1024,0
20240723,120000,6801.5,6801.9,6756,6782.8,4256,0
20240723,130000,6782.8,6782.8,6766,6774.3,2206,0
20240723,140000,6771.9,6778.9,6764.4,6771,1539,0
20240723,150000,6771,6776.2,6758.6,6767.4,2322,0
20240723,160000,6767.6,6784.1,6750.1,6750.1,4029,0
20240723,170000,6751.6,6760,6750,6751.1,2028,0
20240723,180000,6751,6779.2,6750,6765.4,2234,0
20240723,190000,6765,6771,6754.4,6766.9,497,0
20240723,200000,6766.1,6767,6750,6761,1357,0
20240723,210000,6760.2,6762,6750,6755.8,1025,0
20240723,220000,6755.7,6774,6755.6,6767,837,0
20240723,230000,6766,6772.4,6760.7,6765.7,301,0
20240724,100000,6775.8,6801.1,6767,6785.2,30107,0
20240724,110000,6785.2,6791.5,6781.2,6785.4,1850,0
20240724,120000,6787.9,6787.9,6769,6780.2,4843,0
20240724,130000,6780.8,6788,6772.7,6782.6,523,0
20240724,140000,6782.1,6787.8,6767.6,6780,1544,0
20240724,150000,6784.1,6789,6780.7,6787.5,766,0
20240724,160000,6787.1,6789.9,6768.7,6785.2,2130,0
20240724,170000,6783,6791.6,6775.6,6786.2,1744,0
20240724,180000,6784.2,6787.9,6770.1,6772,1191,0
20240724,190000,6770.8,6778.6,6760,6763,921,0
20240724,200000,6762.8,6763.1,6736.9,6737,2589,0
20240724,210000,6737,6752.2,6732,6741.6,1726,0
20240724,220000,6741.6,6746.7,6725,6726.2,2247,0
20240724,230000,6727.3,6744.6,6726.2,6729.2,3176,0
20240725,100000,6675,6683.2,6596.1,6651.7,60670,0
20240725,110000,6649.8,6649.8,6621.5,6638.4,6413,0
20240725,120000,6638.3,6638.3,6613.1,6615,2698,0
20240725,130000,6614.9,6629.1,6611.1,6628,3445,0
20240725,140000,6629.1,6638.5,6600,6600,5682,0
20240725,150000,6600.2,6631.9,6590.2,6631.9,6677,0
20240725,160000,6632.7,6648,6619.3,6629.4,3375,0
20240725,170000,6627.1,6633.9,6610.1,6631.9,2842,0
20240725,180000,6630.2,6643.6,6627.2,6638.4,1507,0
20240725,190000,6635.1,6635.1,6610,6624,1850,0
20240725,200000,6629.5,6629.5,6580,6596,5182,0
20240725,210000,6593.2,6600,6582.7,6585.3,1828,0
20240725,220000,6591.4,6597.8,6581.1,6590.1,1190,0
20240725,230000,6593,6597.9,6590,6591,576,0
20240726,100000,6597.8,6657.2,6597,6654.9,8453,0
20240726,110000,6654.9,6669.4,6632.5,6644.5,5960,0
20240726,120000,6641.4,6646.6,6625.8,6640.9,3525,0
20240726,130000,6640,6705.3,6638,6677,7882,0
20240726,140000,6677,6691,6653,6657.5,7446,0
20240726,150000,6657.2,6666.5,6638.1,6666.5,5764,0
20240726,160000,6666.6,6701.1,6656.8,6692.5,8269,0
20240726,170000,6696.4,6723,6691.7,6695.9,8529,0
20240726,180000,6696.3,6724.9,6696.2,6716.4,2497,0
20240726,190000,6720.5,6748.2,6716.3,6733.7,2537,0
20240726,200000,6732,6750.4,6723.1,6746.8,3469,0
20240726,210000,6746,6752.5,6737.4,6740,3476,0
20240726,220000,6741,6747,6734.2,6739.9,1017,0
20240726,230000,6739.7,6748,6732.4,6732.4,640,0
20240729,100000,6747.5,6760,6732.3,6760,7725,0
20240729,110000,6760,6767.5,6745.4,6757.7,5098,0
20240729,120000,6758.8,6780.2,6755,6755.9,3805,0
20240729,130000,6755.9,6758.7,6714.9,6733.3,9857,0
20240729,140000,6734,6743.9,6720,6720,6465,0
20240729,150000,6721,6736.6,6710,6733.7,4786,0
20240729,160000,6733.7,6735,6711,6715.6,5503,0
20240729,170000,6719.5,6719.5,6684.3,6688.4,7094,0
20240729,180000,6689.4,6692.9,6655.6,6667.6,5865,0
20240729,190000,6670.8,6671.5,6659.8,6668.6,1602,0
20240729,200000,6669.9,6692.9,6665.4,6676.7,2065,0
20240729,210000,6676.7,6682.8,6673.5,6678.4,864,0
20240729,220000,6679.2,6691.6,6678.2,6691.4,1159,0
20240729,230000,6684.9,6691.3,6677,6691.3,535,0
20240730,100000,6693.9,6718.2,6692.1,6705,7372,0
20240730,110000,6703.5,6703.6,6673.5,6691.8,3742,0
20240730,120000,6691.5,6692,6681.5,6685,1023,0
20240730,130000,6686.2,6700,6686.2,6699.1,1653,0
20240730,140000,6697.6,6706.6,6695.7,6706.5,2759,0
20240730,150000,6706.5,6717.5,6696.4,6708.5,2411,0
20240730,160000,6708.4,6738,6706.1,6730.4,5480,0
20240730,170000,6729.4,6740,6724,6736.6,5001,0
20240730,180000,6735.7,6738.4,6710.2,6710.2,3258,0
20240730,190000,6711,6745,6704,6740,2536,0
20240730,200000,6737.8,6757,6732.8,6752.3,5910,0
20240730,210000,6752.2,6752.2,6743,6743.7,1599,0
20240730,220000,6743.7,6754.9,6743.7,6752,1752,0
20240730,230000,6753.4,6765,6752.1,6764.9,920,0
20240731,100000,6783.6,6795.1,6761.8,6774,7381,0
20240731,110000,6774.8,6782,6769,6779.4,3158,0
20240731,120000,6780.6,6798,6780.1,6796.8,3502,0
20240731,130000,6796.7,6797.9,6784,6788.2,2582,0
20240731,140000,6788.2,6793.1,6782,6782.1,2037,0
20240731,150000,6782.4,6788.3,6763.9,6776.6,7977,0
20240731,160000,6775.1,6780.7,6759.4,6780.5,4021,0
20240731,170000,6780,6780.6,6760,6768.1,2646,0
20240731,180000,6767.4,6770,6762.4,6765.1,654,0
20240731,190000,6768.4,6779.9,6762.1,6773.7,1159,0
20240731,200000,6768.2,6788,6765.2,6773.9,2083,0
20240731,210000,6773.9,6775,6740.1,6771,4116,0
20240731,220000,6770.9,6815,6759.4,6815,5250,0
20240731,230000,6815,6833.5,6813.6,6825.5,2114,0
20240801,100000,6825.5,6834.9,6812.1,6813.1,30201,0
20240801,110000,6813.1,6816.1,6771,6783,5738,0
20240801,120000,6782.4,6782.5,6745.4,6764.9,9671,0
20240801,130000,6764.9,6775.6,6760.9,6773.3,2291,0
20240801,140000,6773.2,6790.6,6765,6788.6,3930,0
20240801,150000,6787,6795.9,6780,6788,10920,0
20240801,160000,6788.5,6809.8,6783.6,6798.9,3859,0
20240801,170000,6800.8,6811,6769.5,6780.5,3247,0
20240801,180000,6780.4,6792.5,6761.4,6771.8,4461,0
20240801,190000,6772.1,6788.9,6762.3,6770.8,4604,0
20240801,200000,6770.8,6770.8,6735.4,6753.4,6082,0
20240801,210000,6746.8,6763.3,6738.8,6756.6,2872,0
20240801,220000,6756.6,6775,6755,6765.9,1398,0
20240801,230000,6763,6765.1,6752,6765.1,1219,0
20240802,100000,6800.4,6824.9,6785.5,6818,8211,0
20240802,110000,6817.4,6829.9,6812.6,6826.5,6707,0
20240802,120000,6825.2,6828.3,6805.5,6813,4172,0
20240802,130000,6812.9,6844.7,6811.1,6841,3952,0
20240802,140000,6844.4,6844.9,6810.1,6830,6088,0
20240802,150000,6827.5,6844.5,6804.5,6841.8,5123,0
20240802,160000,6841.7,6842.9,6806.5,6840.3,4360,0
20240802,170000,6840,6844.4,6751,6754.2,13159,0
20240802,180000,6751.8,6761,6715,6736.3,13574,0
20240802,190000,6736.8,6787.9,6720,6751.8,9605,0
20240802,200000,6748.8,6753.7,6729,6740.8,3343,0
20240802,210000,6744.2,6761.5,6740.1,6746.2,1323,0
20240802,220000,6748,6779.1,6746.6,6772.1,2671,0
20240802,230000,6772.5,6789.4,6760.2,6788.7,1628,0
20240805,100000,6770,6774.9,6701.9,6722.4,18076,0
20240805,110000,6725.9,6743,6702,6704.8,6591,0
20240805,120000,6702.6,6705.9,6675,6690.9,17275,0
20240805,130000,6692.9,6695.1,6622.6,6623.2,18166,0
20240805,140000,6623.2,6626.6,6582.1,6594.4,18283,0
20240805,150000,6597.2,6619.7,6563,6611.1,31902,0
20240805,160000,6611,6659,6610.4,6629.3,16587,0
20240805,170000,6626.2,6657.2,6621,6652.8,11955,0
20240805,180000,6651.5,6676,6650.2,6667.1,4655,0
20240805,190000,6676.9,6685,6654.1,6665.2,1611,0
20240805,200000,6661.9,6672.8,6640,6657.1,6034,0
20240805,210000,6657.5,6672.2,6651,6658,4808,0
20240805,220000,6655.5,6678.8,6655.5,6672.3,1108,0
20240805,230000,6674.6,6679.1,6665,6671.7,513,0
20240806,100000,6667.9,6670,6628.1,6659.8,10022,0
20240806,110000,6657.5,6673.6,6640.7,6665.2,5736,0
20240806,120000,6662.3,6690,6660.1,6679.2,4732,0
20240806,130000,6678,6697,6677.5,6687.8,5370,0
20240806,140000,6687.8,6699.3,6680.1,6688.9,4375,0
20240806,150000,6689.9,6699.4,6656,6659.7,4844,0
20240806,160000,6659.6,6679,6656.1,6672.4,5658,0
20240806,170000,6674.3,6694.5,6654.6,6655,3287,0
20240806,180000,6654.5,6664.2,6634,6648.3,4655,0
20240806,190000,6654.5,6666,6647.2,6660.7,856,0
20240806,200000,6658.3,6664,6656.4,6663.8,175,0
20240806,210000,6663.7,6667.1,6660.1,6664,714,0
20240806,220000,6663.3,6663.8,6653.3,6655.9,376,0
20240806,230000,6654,6659.5,6653.3,6657,430,0
20240807,100000,6663.9,6682.8,6626.5,6631.8,5874,0
20240807,110000,6633,6656.8,6630.5,6642.5,8481,0
20240807,120000,6642.5,6647.7,6630.3,6645.3,7585,0
20240807,130000,6646.4,6674.9,6646.1,6665.4,5675,0
20240807,140000,6670.5,6682.3,6660.7,6682.3,4189,0
20240807,150000,6682.3,6695,6670.9,6682.3,3578,0
20240807,160000,6682.2,6682.8,6660.1,6668,4192,0
20240807,170000,6670,6676.9,6658.5,6660,2436,0
20240807,180000,6659.4,6667.7,6651,6658.5,4055,0
20240807,190000,6657.9,6670,6650.1,6669.9,2914,0
20240807,200000,6669.9,6673.9,6653,6657.6,568,0
20240807,210000,6657.5,6657.5,6640,6645.6,2046,0
20240807,220000,6645,6657.9,6645,6646,449,0
20240807,230000,6646.1,6650.1,6643.6,6644,322,0
20240808,100000,6656.1,6671.3,6632,6658.4,11326,0
20240808,110000,6658.1,6691,6657.2,6668.5,7978,0
20240808,120000,6670.4,6694.9,6669.4,6680,5378,0
20240808,130000,6680.1,6715,6680.1,6713.6,4616,0
20240808,140000,6713.6,6738.2,6713.6,6728.5,5100,0
20240808,150000,6729.9,6739.9,6724.2,6738,5222,0
20240808,160000,6737.1,6757,6724.3,6747,5436,0
20240808,170000,6746.1,6763.2,6735.2,6740.2,7307,0
20240808,180000,6740.4,6751,6729,6739,3594,0
20240808,190000,6739.4,6752.7,6739.4,6745.9,1286,0
20240808,200000,6743.5,6756.8,6740,6754.6,1336,0
20240808,210000,6753.2,6767,6750.1,6760.9,2327,0
20240808,220000,6760,6761.9,6751.5,6755.5,877,0
20240808,230000,6760,6768.6,6756.6,6757.6,793,0
20240809,100000,6757,6757,6727.4,6752,7400,0
20240809,110000,6752,6763.9,6735.8,6748.9,4640,0
20240809,120000,6747.4,6755.8,6740.2,6744.3,5238,0
20240809,130000,6744.3,6760.6,6733.1,6760,6239,0
20240809,140000,6760,6761.9,6752.2,6755.6,16805,0
20240809,150000,6755.6,6761,6750.1,6751.9,5533,0
20240809,160000,6751.9,6759.9,6739.1,6744.6,4789,0
20240809,170000,6743.6,6759.9,6743.6,6752.7,4376,0
20240809,180000,6751.5,6757.1,6746.5,6750,5132,0
20240809,190000,6750.1,6757,6741.4,6757,3008,0
20240809,200000,6757,6760,6753.9,6759.1,1639,0
20240809,210000,6760,6763.4,6753.3,6760,1925,0
20240809,220000,6755.1,6755.9,6751.5,6753,591,0
20240809,230000,6752.5,6756,6751.5,6756,1477,0
20240812,100000,6765,6793.3,6765,6785.7,11425,0
20240812,110000,6785.8,6804.5,6775,6799,11554,0
20240812,120000,6799,6818.5,6797,6818.5,7301,0
20240812,130000,6818.6,6848,6814.5,6847.8,7287,0
20240812,140000,6847.8,6849.5,6837.1,6849,5034,0
20240812,150000,6849.8,6913.1,6849,6908.1,13302,0
20240812,160000,6907.7,6934.6,6899.3,6928.7,15983,0
20240812,170000,6929.8,6950.3,6915.4,6949.6,15436,0
20240812,180000,6949.9,6971,6936,6958.4,14468,0
20240812,190000,6958,7019,6935,7009.6,12128,0
20240812,200000,7009.3,7015.8,6977.6,7007.9,11148,0
20240812,210000,7005.2,7030,6993.9,6993.9,5935,0
20240812,220000,6994,7003.9,6970.8,6998.5,5489,0
20240812,230000,6998.5,6998.5,6974.3,6977.3,3844,0
20240813,100000,6970.7,7037.3,6931.8,7021.9,40961,0
20240813,110000,7020.1,7042.7,6987,7033.6,10209,0
20240813,120000,7033.1,7067.2,7023.9,7058.7,13567,0
20240813,130000,7057.8,7064.3,7040.4,7048.6,10467,0
20240813,140000,7043,7048.4,7011,7034.3,13892,0
20240813,150000,7033.7,7059.1,7010.5,7026.8,10091,0
20240813,160000,7026.8,7058.4,7015,7053,16235,0
20240813,170000,7051.5,7063.9,7040,7056,5416,0
20240813,180000,7056,7060,7038.4,7050.5,5031,0
20240813,190000,7042.4,7058.7,7030,7036.9,3477,0
20240813,200000,7036.9,7043.8,7031,7039,1433,0
20240813,210000,7039,7042.2,7038,7039.2,524,0
20240813,220000,7040,7050.2,7039.8,7050.2,1781,0
20240813,230000,7048.6,7053.6,7039.9,7039.9,421,0
20240814,100000,7053.3,7084,7040,7062.7,23985,0
20240814,110000,7058.8,7079.5,7054.7,7065.9,4298,0
20240814,120000,7065.8,7070.7,7038.1,7047.5,11709,0
20240814,130000,7046.4,7047.7,6948.2,6953.5,19673,0
20240814,140000,6952.8,6961.6,6928.1,6959.6,13352,0
20240814,150000,6959.3,6975,6944.8,6956,10164,0
20240814,160000,6957.3,6962.9,6891.3,6905,14471,0
20240814,170000,6905,6910,6876.1,6893,8121,0
20240814,180000,6893,6893.6,6845.2,6845.2,9990,0
20240814,190000,6849.4,6870,6827.2,6851.3,8895,0
20240814,200000,6850.7,6850.8,6842.5,6847.9,1879,0
20240814,210000,6850.3,6866.4,6848,6864.1,1670,0
20240814,220000,6863.6,6867.9,6858.6,6863.9,2097,0
20240814,230000,6863.9,6865,6860.6,6865,734,0
20240815,100000,6865,6900,6852.3,6862,12738,0
20240815,110000,6863.3,6891.2,6859.8,6869.5,7360,0
20240815,120000,6873.9,6890.7,6870.3,6885.2,7505,0
20240815,130000,6885.2,6895.8,6873.3,6892.4,5884,0
20240815,140000,6891.9,6935,6890.8,6925.5,11439,0
20240815,150000,6924.8,6961.6,6882.7,6887.3,18485,0
20240815,160000,6885.7,6890,6853,6862.4,15381,0
20240815,170000,6863.4,6899.2,6863.4,6887.7,10395,0
20240815,180000,6887,6908.5,6883.5,6891.2,8000,0
20240815,190000,6891,6915.1,6885.3,6890,4082,0
20240815,200000,6887.5,6897.9,6881.1,6890.1,915,0
20240815,210000,6890.1,6900.2,6890.1,6897.4,575,0
20240815,220000,6899.8,6910.9,6890.2,6890.3,2067,0
20240815,230000,6892,6904,6892,6900.3,524,0
20240816,100000,6900.3,6944,6881.3,6938.8,8003,0
20240816,110000,6939.6,6955.1,6919.9,6928.5,11507,0
20240816,120000,6928.5,6944,6917.3,6929.8,10176,0
20240816,130000,6927.6,6940.2,6921.8,6934,3911,0
20240816,140000,6931.9,6949.1,6919.4,6927.4,7618,0
20240816,150000,6927.4,6973,6921.4,6969.7,6955,0
20240816,160000,6969.8,6976.5,6949.6,6971,9469,0
20240816,170000,6971.1,6976.7,6945.2,6961.4,9665,0
20240816,180000,6961,6976.5,6959.3,6968.6,6502,0
20240816,190000,6973.9,6996.1,6973.9,6993.4,7305,0
20240816,200000,6989.6,6995.8,6977.1,6993,2924,0
20240816,210000,6992.6,7009.5,6990,7001.6,4824,0
20240816,220000,7002,7026.4,6998.7,7016.7,6542,0
20240816,230000,7016.7,7037.1,7016.2,7037.1,5060,0
20240819,100000,7037,7037.1,7002.1,7021.4,13315,0
20240819,110000,7022.4,7054.4,7010.3,7043.2,19248,0
20240819,120000,7043,7080.9,7039.4,7068.5,26022,0
20240819,130000,7068.5,7073.7,7043,7058.7,8869,0
20240819,140000,7056.8,7059.9,7042.9,7053.5,12395,0
20240819,150000,7053.5,7055.9,7035.2,7041.3,5763,0
20240819,160000,7041.3,7051.1,7027.8,7051,13133,0
20240819,170000,7051,7060.3,7047.2,7059.7,6928,0
20240819,180000,7059,7068.6,7055,7068.6,4186,0
20240819,190000,7068.2,7070,7050,7064,1857,0
20240819,200000,7064,7065.5,7050.3,7054.1,1401,0
20240819,210000,7054.7,7067.8,7054.7,7067.6,902,0
20240819,220000,7067.6,7070,7059.2,7069.9,1841,0
20240819,230000,7069.9,7070,7057.7,7057.7,686,0
20240820,100000,7054.1,7080,7054.1,7075.6,10540,0
20240820,110000,7076.2,7105.7,7070,7104.6,15080,0
20240820,120000,7104.2,7119,7104.2,7113.6,15926,0
20240820,130000,7113,7129,7098.6,7125.2,14811,0
20240820,140000,7124.2,7162.6,7124.2,7159.9,23171,0
20240820,150000,7159.9,7166.9,7152.4,7152.7,10296,0
20240820,160000,7153.8,7163,7141.5,7158.6,17371,0
20240820,170000,7158.5,7158.6,7141.2,7143.5,5935,0
20240820,180000,7145.2,7145.5,7106.7,7121.8,25620,0
20240820,190000,7122,7136.5,7111.1,7133.7,2698,0
20240820,200000,7133.7,7138.3,7123.9,7127.9,1694,0
20240820,210000,7126.6,7148.8,7126.6,7146.6,1763,0
20240820,220000,7144.2,7146.5,7137.4,7144.7,1076,0
20240820,230000,7143.3,7154.9,7137.4,7140.8,1345,0
20240821,100000,7140.8,7171.7,7136,7146.9,13336,0
20240821,110000,7146.9,7170,7141.6,7142.1,9997,0
20240821,120000,7142.9,7155.3,7141,7142.2,5031,0
20240821,130000,7141.5,7142.8,7120,7129,10838,0
20240821,140000,7130,7144,7124,7137.9,5349,0
20240821,150000,7136.7,7148.1,7134.8,7137,5227,0
20240821,160000,7138.5,7139.2,7070.8,7087.9,22191,0
20240821,170000,7086.6,7087.1,7043,7076.9,17771,0
20240821,180000,7076.9,7108,7066.3,7104,5475,0
20240821,190000,7104,7104.9,7086.2,7100,1684,0
20240821,200000,7099.6,7114.9,7097.8,7114.8,1486,0
20240821,210000,7114.8,7129,7114.8,7117,4865,0
20240821,220000,7117,7120.5,7105.5,7117.3,1135,0
20240821,230000,7115,7120.4,7079,7109.7,952,0
20240822,100000,7103.4,7106.9,7084.2,7095.5,9891,0
20240822,110000,7095.2,7095.2,7040,7055.8,20983,0
20240822,120000,7055.6,7065.3,7040,7056.4,10779,0
20240822,130000,7056.4,7060.4,7028.8,7032.1,22827,0
20240822,140000,7032.4,7046.5,7030,7040.8,10899,0
20240822,150000,7039.2,7056,7025.3,7039.2,17701,0
20240822,160000,7038.8,7052,7024.4,7049.9,14348,0
20240822,170000,7050,7050,7011,7039,9276,0
20240822,180000,7040.5,7049,7015.7,7021.1,4508,0
20240822,190000,7024,7035.5,7020,7025.3,2581,0
20240822,200000,7023.3,7023.3,7000,7003.8,5819,0
20240822,210000,7004.3,7011.4,7001.9,7003,2448,0
20240822,220000,7002.1,7008,6990.6,6999.8,2903,0
20240822,230000,6999.7,6999.7,6992.1,6999.7,2740,0
20240823,100000,7004.2,7053.9,7004.2,7037,19104,0
20240823,110000,7036.5,7079.9,7036.5,7066.3,12327,0
20240823,120000,7067.2,7103.9,7067.2,7088.9,10270,0
20240823,130000,7088.5,7120,7087.5,7112,5976,0
20240823,140000,7109.5,7152.5,7106.3,7150.5,17447,0
20240823,150000,7149.8,7160.4,7145.2,7152,9773,0
20240823,160000,7152,7153.6,7120,7132.9,15038,0
20240823,170000,7133.2,7169,7131.9,7161.7,15860,0
20240823,180000,7161.6,7181,7159.9,7167.8,9703,0
20240823,190000,7161.4,7162.3,7120,7161.3,5112,0
20240823,200000,7161,7180.1,7160.1,7174.2,4136,0
20240823,210000,7174.2,7186.4,7168.8,7175.4,6322,0
20240823,220000,7175.2,7184.9,7170.1,7178.4,3794,0
20240823,230000,7180,7192.9,7156.9,7174.5,4295,0
20240826,100000,7180.1,7200,7137.3,7199,25664,0
20240826,110000,7199,7235.4,7196.6,7212.1,23481,0
20240826,120000,7211.6,7262,7204,7261.9,20793,0
20240826,130000,7261.7,7272.5,7243.5,7256.9,17759,0
20240826,140000,7257.3,7259.6,7230.1,7256.2,12912,0
20240826,150000,7257.7,7285.9,7241.9,7273.8,19718,0
20240826,160000,7272,7279.7,7230.1,7232,13683,0
20240826,170000,7232,7268,7220.3,7243.4,13774,0
20240826,180000,7243.1,7243.1,7220.8,7233.7,7385,0
20240826,190000,7230,7253.9,7222.9,7252,4718,0
20240826,200000,7252,7253.9,7241.7,7243.9,1881,0
20240826,210000,7243.3,7246,7237,7237.1,722,0
20240826,220000,7240.6,7252.5,7240.6,7246.6,1215,0
20240826,230000,7242.8,7244.6,7230.2,7240,1881,0
20240827,100000,7231.8,7260.7,7211,7215.4,19572,0
20240827,110000,7215.2,7217.5,7170.1,7217.5,26719,0
20240827,120000,7215.3,7238.3,7209,7236.6,11724,0
20240827,130000,7236.6,7257.5,7231.2,7246,11149,0
20240827,140000,7246,7280,7244.1,7276.4,12543,0
20240827,150000,7278.9,7294.1,7258,7270.3,11692,0
20240827,160000,7270.3,7270.3,7239.8,7260.3,10306,0
20240827,170000,7259.1,7286.2,7248.8,7278.1,7053,0
20240827,180000,7281,7295,7270,7283,12852,0
20240827,190000,7277.9,7285.1,7271,7281.7,2318,0
20240827,200000,7281.7,7294.8,7281.7,7289.8,1237,0
20240827,210000,7290,7294,7289.6,7293.6,794,0
20240827,220000,7293.6,7297.6,7290.1,7291.2,1420,0
20240827,230000,7291,7299,7291,7299,592,0
20240828,100000,7279,7290,7140,7258.3,26107,0
20240828,110000,7256.7,7256.7,7227.1,7235.8,14159,0
20240828,120000,7236.9,7261,7231.1,7255.7,9195,0
20240828,130000,7255.7,7275.8,7226,7244,14720,0
20240828,140000,7244.7,7256.4,7230.2,7246.2,10034,0
20240828,150000,7246.2,7252,7227.5,7241.3,10536,0
20240828,160000,7238.7,7278.5,7238.3,7267.8,9191,0
20240828,170000,7267,7280,7262.7,7277.9,7833,0
20240828,180000,7278.3,7279,7263.2,7275.5,5424,0
20240828,190000,7266.9,7269.9,7249.4,7255.4,2279,0
20240828,200000,7255.9,7272.9,7251.5,7261.7,2639,0
20240828,210000,7261.7,7271.8,7249,7271.7,3116,0
20240828,220000,7269.7,7272,7262,7264.9,2098,0
20240828,230000,7263.9,7273.2,7258.7,7273,711,0
20240829,100000,7277.3,7319.5,7277.3,7309.8,20389,0
20240829,110000,7309.7,7331,7298.2,7313.4,17187,0
20240829,120000,7313.4,7342.6,7303.5,7332,14097,0
20240829,130000,7331.9,7337.3,7314.8,7330.9,5275,0
20240829,140000,7330,7333.8,7313.6,7326,3436,0
20240829,150000,7326,7328.9,7275.5,7306.7,14887,0
20240829,160000,7309,7339,7305.3,7331.3,10436,0
20240829,170000,7330.8,7347.5,7325,7346.2,8470,0
20240829,180000,7346.5,7368,7343.8,7363.5,9953,0
20240829,190000,7360.9,7363,7340,7362.6,5784,0
20240829,200000,7362.6,7363,7345.9,7346.4,4298,0
20240829,210000,7347.5,7350.8,7330,7339.5,5332,0
20240829,220000,7340.3,7363,7329.4,7338.1,6020,0
20240829,230000,7338.1,7347,7336,7345,467,0
20240830,100000,7347,7373.9,7340.7,7370.7,15515,0
20240830,110000,7370.3,7401,7365.3,7385.2,22642,0
20240830,120000,7385.3,7409.5,7378.3,7388.4,17785,0
20240830,130000,7388.5,7391,7332,7341,19209,0
20240830,140000,7338.5,7343.6,7315.6,7342.8,22441,0
20240830,150000,7341.1,7342.7,7330,7334.4,11482,0
20240830,160000,7334.5,7361.4,7330,7344.3,14855,0
20240830,170000,7349.4,7351.3,7300.4,7311.5,23534,0
20240830,180000,7311.4,7311.4,7282,7286,7191,0
20240830,190000,7284.2,7290.4,7266.1,7266.1,6573,0
20240830,200000,7267.5,7285,7261,7284.2,2398,0
20240830,210000,7284.2,7288.8,7283.1,7284.6,2027,0
20240830,220000,7284.6,7292.4,7272.8,7292.4,3194,0
20240830,230000,7292.7,7307.6,7291.3,7304.1,2150,0
20240902,100000,7287.8,7288.1,7234.5,7257,18772,0
20240902,110000,7256,7275,7254,7271,11204,0
20240902,120000,7271,7272.2,7220,7220,14919,0
20240902,130000,7220.1,7221.6,7201.8,7205,4160,0
20240902,140000,7202.3,7217,7183.7,7214.7,10483,0
20240902,150000,7215,7233,7200,7223.7,9896,0
20240902,160000,7223.3,7229.8,7215.3,7220.1,12024,0
20240902,170000,7220.1,7230.9,7201.2,7225.7,7044,0
20240902,180000,7226.8,7228.1,7200,7208,2317,0
20240902,190000,7210,7218.4,7206,7212.6,1673,0
20240902,200000,7212.6,7221.4,7210.1,7210.1,1693,0
20240902,210000,7210.1,7212.7,7209.1,7212.1,617,0
20240902,220000,7212.2,7212.2,7201.3,7204.4,581,0
20240902,230000,7209,7209,7192.6,7202,833,0
20240903,100000,7207.3,7207.4,7175,7175,12497,0
20240903,110000,7175,7180.7,7159.4,7180.7,17476,0
20240903,120000,7180.7,7181,7155,7165.2,6395,0
20240903,130000,7167.3,7168.3,7144.1,7160,12981,0
20240903,140000,7161.2,7162.2,7114.4,7120,14105,0
20240903,150000,7120,7140.5,7109.3,7117.6,12026,0
20240903,160000,7118.1,7130.8,7062.7,7080,20172,0
20240903,170000,7080,7106.4,7070.5,7073.3,25381,0
20240903,180000,7073.2,7081.2,7063.9,7077.4,5409,0
20240903,190000,7077,7095.1,7070.1,7087,3708,0
20240903,200000,7087.1,7096,7084.7,7084.7,2039,0
20240903,210000,7083.1,7084,7073.1,7080,996,0
20240903,220000,7080,7088.1,7080,7086.9,1029,0
20240903,230000,7086.6,7086.7,7081,7081,335,0
20240904,100000,7074.1,7120,7064.8,7109.5,18679,0
20240904,110000,7109.2,7116.9,7051,7057.8,17235,0
20240904,120000,7058.1,7090.9,7051.9,7089.3,7994,0
20240904,130000,7089.1,7125.8,7079.3,7116.9,21325,0
20240904,140000,7119.8,7170,7119.6,7169.2,20519,0
20240904,150000,7169.4,7199.1,7151.7,7163.8,22048,0
20240904,160000,7164.4,7174.2,7116.9,7138.7,8362,0
20240904,170000,7138.8,7213.3,7138.7,7182.4,26369,0
20240904,180000,7184.5,7194.4,7158.5,7169.7,16958,0
20240904,190000,7170,7193.6,7170,7180.9,5791,0
20240904,200000,7180.9,7187,7153.1,7165.3,5583,0
20240904,210000,7166.2,7166.6,7146.7,7159.8,5509,0
20240904,220000,7161,7166.6,7156.7,7166.6,499,0
20240904,230000,7166.6,7173.7,7163.8,7165.3,734,0
20240905,100000,7176.6,7216.5,7165.3,7177.7,11951,0
20240905,110000,7177.8,7198.1,7163.3,7187.6,9209,0
20240905,120000,7184.1,7220,7182.4,7215.8,7632,0
20240905,130000,7215.8,7234.5,7211.2,7229.4,8324,0
20240905,140000,7228,7240.8,7210,7210,9156,0
20240905,150000,7213.1,7230.8,7202,7215.2,6813,0
20240905,160000,7214.1,7224.4,7201,7203,14148,0
20240905,170000,7203,7214.6,7175,7187.6,8452,0
20240905,180000,7187.2,7187.2,7149.1,7165.3,11740,0
20240905,190000,7165.2,7182.2,7162.3,7182.2,2420,0
20240905,200000,7182.1,7191.8,7177.7,7188.8,2426,0
20240905,210000,7188.7,7195,7186.8,7194,1944,0
20240905,220000,7193.9,7193.9,7182.2,7184.7,1185,0
20240905,230000,7186.2,7194,7184.5,7184.5,240,0
20240906,100000,7195.3,7220,7190.3,7206,18578,0
20240906,110000,7208.7,7243.2,7206.5,7236.5,21656,0
20240906,120000,7236.5,7245,7225.4,7238.7,8835,0
20240906,130000,7238.8,7242.3,7225.5,7240,8148,0
20240906,140000,7240.7,7259.9,7229.7,7232.8,12689,0
20240906,150000,7234.7,7269.9,7226.8,7260.6,16822,0
20240906,160000,7260.6,7261.3,7221,7239.8,16515,0
20240906,170000,7237.4,7245.2,7211.7,7226.4,8451,0
20240906,180000,7227.2,7246.3,7225,7234.9,16992,0
20240906,190000,7228.6,7234.4,7185.3,7197.5,8296,0
20240906,200000,7199.9,7244,7193.5,7218.8,8016,0
20240906,210000,7221,7223,7211.6,7215.2,977,0
20240906,220000,7214,7222.6,7209.1,7220.2,518,0
20240906,230000,7220.2,7220.2,7208.1,7214.9,1151,0
20240909,100000,7214.9,7222.7,7172.2,7199.6,24347,0
20240909,110000,7199.6,7231.5,7198.7,7211.4,14282,0
20240909,120000,7211.4,7238,7211.2,7229,7538,0
20240909,130000,7230,7243.1,7224.8,7240,9128,0
20240909,140000,7240.1,7245.3,7234.1,7240.1,5040,0
20240909,150000,7240.1,7258.3,7240,7249.1,7199,0
20240909,160000,7247.1,7260,7245,7251.6,7865,0
20240909,170000,7253.1,7257,7240,7245.9,7720,0
20240909,180000,7245.9,7255,7240,7242.6,4458,0
20240909,190000,7250.9,7260,7247.9,7259,1758,0
20240909,200000,7260,7260,7244.7,7249.2,867,0
20240909,210000,7249.1,7260,7244.4,7259.9,677,0
20240909,220000,7259.9,7265,7254.7,7264.5,1021,0
20240909,230000,7265,7265,7262.1,7264,1833,0
20240910,100000,7263,7292.6,7262,7285.8,15215,0
20240910,110000,7284.9,7297.3,7279.5,7293.3,11563,0
20240910,120000,7294,7307,7289,7292.9,6537,0
20240910,130000,7292.5,7306,7284,7292.9,4960,0
20240910,140000,7295,7302,7289,7292.1,2806,0
20240910,150000,7290,7320.2,7288.5,7318,5771,0
20240910,160000,7317.3,7330,7296,7296,14532,0
20240910,170000,7298,7302.9,7278.1,7302.9,9666,0
20240910,180000,7302,7320,7299,7317,5451,0
20240910,190000,7315.5,7320.4,7285,7319,2096,0
20240910,200000,7319.5,7321,7309.8,7316.3,2195,0
20240910,210000,7317.3,7324.4,7312.2,7324.4,901,0
20240910,220000,7324.5,7334.3,7319.3,7333,2367,0
20240910,230000,7333,7336.2,7325.3,7329.9,1042,0
20240911,100000,7354,7360.8,7340.8,7342.9,20603,0
20240911,110000,7342.9,7368.5,7329.8,7329.8,22868,0
20240911,120000,7329.7,7344.4,7316.2,7340.1,29413,0
20240911,130000,7338.1,7340.1,7321.8,7337.2,19569,0
20240911,140000,7333.3,7344.2,7313.8,7336.7,22692,0
20240911,150000,7335.1,7335.1,7273.8,7284.6,19012,0
20240911,160000,7284.3,7300.1,7270,7297.5,13506,0
20240911,170000,7300.1,7310.6,7282.8,7309.8,10914,0
20240911,180000,7309.8,7321.5,7307.8,7313.7,5898,0
20240911,190000,7312,7330.3,7309.4,7315.4,3179,0
20240911,200000,7311.2,7318.8,7299.9,7303,2943,0
20240911,210000,7303.4,7317,7300,7309.1,2584,0
20240911,220000,7308.6,7313.4,7305,7313.4,1014,0
20240911,230000,7313.7,7317,7308.2,7311.5,2535,0
20240912,100000,7313,7349.5,7311.5,7346,11533,0
20240912,110000,7346,7356.6,7339.8,7350.2,8348,0
20240912,120000,7350.6,7361.7,7339.3,7354.8,7291,0
20240912,130000,7354.8,7366.8,7335.2,7339.5,9417,0
20240912,140000,7342.5,7359.6,7339.7,7355.5,4464,0
20240912,150000,7356,7379.5,7350.5,7370.8,9973,0
20240912,160000,7369.1,7415.8,7357.3,7414.5,20188,0
20240912,170000,7413,7439.1,7394.9,7437,23599,0
20240912,180000,7437,7448.5,7418.4,7443,10511,0
20240912,190000,7447.1,7447.6,7404.2,7445,8014,0
20240912,200000,7443.5,7458,7435.9,7439.9,6790,0
20240912,210000,7435.9,7455.4,7432.8,7455,6013,0
20240912,220000,7455,7455.9,7425.4,7447,4751,0
20240912,230000,7447,7453.9,7443,7451.8,2494,0
20240913,100000,7454.8,7499.7,7432,7452.1,23603,0
20240913,110000,7451.1,7473.1,7445.5,7470.9,11168,0
20240913,120000,7470.7,7483.6,7466.2,7475.9,18066,0
20240913,130000,7475.1,7483.3,7465,7482.5,11802,0
20240913,140000,7482,7490.8,7465.1,7477,8259,0
20240913,150000,7477,7496.6,7470.6,7496.5,14797,0
20240913,160000,7496.9,7518.8,7496.5,7509.7,25652,0
20240913,170000,7509.7,7523.1,7506,7515.7,11210,0
20240913,180000,7515.7,7518,7501.3,7516,5758,0
20240913,190000,7517.9,7544,7517.9,7535,4256,0
20240913,200000,7532,7543,7526.9,7530,3306,0
20240913,210000,7530.1,7544.2,7529.1,7540.6,3072,0
20240913,220000,7540.5,7541.7,7532,7537.5,1085,0
20240913,230000,7534.6,7538.1,7532.6,7533.5,1233,0
20240916,100000,7544.6,7582.6,7536.4,7571.3,35015,0
20240916,110000,7571.6,7600,7568,7575.1,22077,0
20240916,120000,7575,7588.3,7571,7584.8,16363,0
20240916,130000,7586.1,7599,7574.1,7580.3,12351,0
20240916,140000,7580.4,7592,7580.4,7583.8,18616,0
20240916,150000,7583.8,7590,7578.5,7586,9532,0
20240916,160000,7587.2,7626.3,7586.2,7624.5,16992,0
20240916,170000,7623.8,7624.5,7583.5,7590.6,25208,0
20240916,180000,7591.8,7600.6,7581.5,7600.1,10121,0
20240916,190000,7600.6,7624.5,7593,7619.4,10173,0
20240916,200000,7621,7622.4,7606.2,7613.8,4453,0
20240916,210000,7613.9,7614.8,7611,7614.3,1238,0
20240916,220000,7614.3,7614.8,7602.2,7602.2,2829,0
20240916,230000,7604.7,7611.3,7584.5,7588.2,3153,0
20240917,100000,7600.1,7617.3,7595.1,7597.9,19020,0
20240917,110000,7598,7610.9,7551,7558.4,30439,0
20240917,120000,7558.4,7579.4,7552.2,7564.7,10539,0
20240917,130000,7564.7,7565.6,7523.4,7542.2,20975,0
20240917,140000,7541.4,7559.9,7533.5,7558.6,8830,0
20240917,150000,7559.9,7564.8,7533,7549.3,11635,0
20240917,160000,7550,7564.7,7546.4,7550,6063,0
20240917,170000,7549.7,7571.3,7548,7570,6274,0
20240917,180000,7570.6,7591,7544.6,7556.9,13677,0
20240917,190000,7568,7584.6,7542.6,7555.6,7418,0
20240917,200000,7555.4,7573.4,7545.9,7570.9,6643,0
20240917,210000,7573,7576.7,7567.8,7574.8,3696,0
20240917,220000,7574.8,7575.7,7566.8,7571.5,1055,0
20240917,230000,7571.5,7574.1,7566.5,7573.1,1996,0
20240918,100000,7575.8,7608,7572.5,7608,26278,0
20240918,110000,7607.9,7618.5,7540.6,7561,44955,0
20240918,120000,7561.1,7569,7554.1,7568.1,12629,0
20240918,130000,7568.2,7594,7565.5,7585.3,10930,0
20240918,140000,7581,7596.6,7575.8,7584.5,11920,0
20240918,150000,7584.4,7593.2,7568.7,7576,4959,0
20240918,160000,7575.9,7587.3,7570,7580.8,15381,0
20240918,170000,7580.7,7584.1,7558,7578.7,14411,0
20240918,180000,7578.9,7583.2,7571.1,7579.9,5029,0
20240918,190000,7583.8,7597,7579.9,7593,4212,0
20240918,200000,7592.8,7599.8,7587.1,7599,4859,0
20240918,210000,7599.8,7704.1,7599.8,7638.1,66233,0
20240918,220000,7641.4,7642,7600.1,7603,24820,0
20240918,230000,7603,7613.3,7599,7605,7072,0
20240919,100000,7630,7694.7,7625.5,7654,49920,0
20240919,110000,7652,7675,7652,7669.5,13804,0
20240919,120000,7668.8,7690,7666,7672,11680,0
20240919,130000,7672.4,7711.1,7652.3,7676,23224,0
20240919,140000,7683,7702,7675.8,7683.6,9582,0
20240919,150000,7683.5,7684.9,7650,7656,9630,0
20240919,160000,7657.3,7664.9,7632.1,7644,23695,0
20240919,170000,7645,7674.8,7632.4,7653.2,12663,0
20240919,180000,7653.6,7685,7643.2,7680.8,16213,0
20240919,190000,7688.9,7695.6,7667.3,7674.4,5569,0
20240919,200000,7675.2,7685,7673.1,7676,4637,0
20240919,210000,7676,7679,7671.4,7671.4,1910,0
20240919,220000,7671.4,7673.7,7646.1,7658.6,7905,0
20240919,230000,7658.6,7663.8,7658.3,7658.9,3714,0
20240920,100000,7697.9,8079,7697,7754.3,91722,0
20240920,110000,7753.6,7766.7,7740.8,7759.4,24952,0
20240920,120000,7759.4,7760.8,7751.5,7757,9539,0
20240920,130000,7757,7790,7755.9,7789.4,19457,0
20240920,140000,7788,7788.7,7766,7782.6,11029,0
20240920,150000,7784,7794,7780,7784.8,13763,0
20240920,160000,7784.8,7786.7,7747.8,7752.1,12066,0
20240920,170000,7751.8,7779.3,7749.4,7772.1,9552,0
20240920,180000,7772.1,7787,7761.4,7785,11787,0
20240920,190000,7787,7803,7785,7802,10647,0
20240920,200000,7802,7803,7785,7786,7226,0
20240920,210000,7786,7789,7783,7789,3353,0
20240920,220000,7789,7791,7785.5,7788,3773,0
20240920,230000,7788,7791.9,7771.8,7791.9,5823,0
20240923,100000,7792.1,8098.7,7769.3,7773.1,168322,0
20240923,110000,7772.2,7790.2,7764.2,7784.3,24291,0
20240923,120000,7784.3,7818.7,7782,7815.4,14330,0
20240923,130000,7814.9,7814.9,7798.8,7799.8,8777,0
20240923,140000,7803.4,7810,7792.2,7807,6028,0
20240923,150000,7807,7816.1,7798.3,7816.1,7653,0
20240923,160000,7816.6,7832,7810.6,7829.8,10322,0
20240923,170000,7829.5,7837.9,7806.2,7824,9909,0
20240923,180000,7823,7829,7812.7,7819.1,5149,0
20240923,190000,7819.1,7830,7803,7817,6416,0
20240923,200000,7817,7822.2,7814.2,7817.2,1408,0
20240923,210000,7817.2,7820.5,7812.4,7815.5,1647,0
20240923,220000,7818.6,7821,7815.5,7818,885,0
20240923,230000,7818,7821,7812.6,7812.6,1842,0
20240924,100000,7807.1,7846.3,7801,7843.2,23544,0
20240924,110000,7843.2,7855,7834.4,7853.5,12230,0
20240924,120000,7852.7,7856.8,7840,7855.8,6749,0
20240924,130000,7855.8,7861,7848.4,7857,5157,0
20240924,140000,7857,7857,7828,7842.4,9490,0
20240924,150000,7842.4,7842.4,7823,7823,11750,0
20240924,160000,7822.9,7833.6,7807,7810,18603,0
20240924,170000,7809.2,7810.8,7771.7,7798.3,48062,0
20240924,180000,7798.3,7820.2,7787.4,7801.4,22735,0
20240924,190000,7806.3,7836.6,7711,7833.4,30634,0
20240924,200000,7833.4,7850,7830.2,7850,6214,0
20240924,210000,7848.8,7855,7839,7840,3873,0
20240924,220000,7840,7855.8,7836.8,7852.2,5654,0
20240924,230000,7854.3,7857.6,7820.1,7832.9,5126,0
20240925,100000,7831.9,7849.5,7800,7831.4,29085,0
20240925,110000,7830.3,7834.3,7810,7832.9,13253,0
20240925,120000,7832.3,7974,7818.2,7852.4,89681,0
20240925,130000,7851.6,7867,7820,7863,16818,0
20240925,140000,7861.9,7868,7844.2,7854.7,6489,0
20240925,150000,7855.6,7876.5,7852.6,7871.8,9529,0
20240925,160000,7871.8,7897,7871.8,7897,17686,0
20240925,170000,7897,7906,7871.9,7881.2,15964,0
20240925,180000,7881.3,7891.8,7870.5,7878,11335,0
20240925,190000,7884,7885,7841.2,7854.9,11883,0
20240925,200000,7854.3,7898.9,7851.9,7881.8,43995,0
20240925,210000,7884,7888.8,7874.6,7874.9,6460,0
20240925,220000,7874.9,7877.8,7870.9,7870.9,1259,0
20240925,230000,7870.9,7876.2,7861,7876.2,1639,0
20240925,100000,7831.9,7849.5,7800,7831.4,29085,0
20240925,110000,7830.3,7834.3,7810,7832.9,13253,0
20240925,120000,7832.3,7974,7818.2,7852.4,89681,0
20240925,130000,7851.6,7867,7820,7863,16818,0
20240925,140000,7861.9,7868,7844.2,7854.7,6489,0
20240925,150000,7855.6,7876.5,7852.6,7871.8,9529,0
20240925,160000,7871.8,7897,7871.8,7897,17686,0
20240925,170000,7897,7906,7871.9,7881.2,15964,0
20240925,180000,7881.3,7891.8,7870.5,7878,11335,0
20240925,190000,7884,7885,7841.2,7854.9,11883,0
20240925,200000,7854.3,7898.9,7851.9,7881.8,43995,0
20240925,210000,7884,7888.8,7874.6,7874.9,6460,0
20240925,220000,7874.9,7877.8,7870.9,7870.9,1259,0
20240925,230000,7870.9,7876.2,7861,7876.2,1639,0
20240926,100000,7871.1,7895,7860.8,7885.9,18737,0
20240926,110000,7885.9,7910,7885.9,7910,21185,0
20240926,120000,7909.8,7917.4,7900.3,7906.8,9795,0
20240926,130000,7906.7,7928.3,7901.4,7924.1,10542,0
20240926,140000,7924,7969.5,7919,7943.3,31226,0
20240926,150000,7943.1,7946.1,7910,7927.9,23753,0
20240926,160000,7928.4,7928.4,7901,7909.6,27993,0
20240926,170000,7909.9,7927,7907.3,7913.9,12756,0
20240926,180000,7915.1,7920.8,7912,7916.6,9476,0
20240926,190000,7916.6,7923.2,7914.1,7918.4,6507,0
20240926,200000,7920,7932.6,7920,7926.8,5268,0
20240926,210000,7928.5,7945.5,7926.9,7942.6,5803,0
20240926,220000,7941.7,7947,7928.6,7931,2450,0
20240926,230000,7931,7940,7923.2,7940,1767,0
20240927,100000,7940,7940,7913.3,7926,23070,0
20240927,110000,7926.2,7936.6,7918.2,7923.7,9932,0
20240927,120000,7922.5,7938.5,7920,7935.8,11257,0
20240927,130000,7935.8,7948.7,7934.6,7946.4,8763,0
20240927,140000,7945.4,7951.2,7939.4,7939.4,8255,0
20240927,150000,7939.7,7949.3,7932,7943.3,8464,0
20240927,160000,7945.1,7946.9,7937.1,7946.9,6683,0
20240927,170000,7945.6,7946.9,7926,7926,25833,0
20240927,180000,7926.2,7926.2,7904.3,7906.3,35535,0
20240927,190000,7909.8,7928,7905.1,7920,4967,0
20240927,200000,7921.9,7922.8,7906.3,7910.8,4047,0
20240927,210000,7912.6,7912.7,7905,7912.3,3778,0
20240927,220000,7912.3,7919,7908.2,7910.7,4042,0
20240927,230000,7910.8,7920,7909.4,7919,1254,0
20240930,100000,7925,7955.8,7925,7936.8,35511,0
20240930,110000,7935.5,7947,7920.9,7927.3,15702,0
20240930,120000,7927.2,7927.2,7901.3,7905.6,27151,0
20240930,130000,7905.1,7905.1,7860.9,7870.9,36648,0
20240930,140000,7870.9,7900,7865.9,7874.7,22207,0
20240930,150000,7876.5,7894.8,7865,7871.6,14238,0
20240930,160000,7870.4,7881,7868,7880.9,20585,0
20240930,170000,7880.9,7890.5,7872.7,7882,12494,0
20240930,180000,7882.4,7896.2,7875.2,7895.5,10577,0
20240930,190000,7895.7,7903.3,7890,7902,4049,0
20240930,200000,7902.5,7903.2,7890.1,7890.1,2522,0
20240930,210000,7890.1,7893,7870,7882.4,4533,0
20240930,220000,7884.2,7895.9,7875.8,7895.9,6048,0
20240930,230000,7896.3,7898.2,7888,7888,831,0
20241001,100000,7908,7925.9,7892,7904.2,25982,0
20241001,110000,7903.5,7914.8,7898.7,7913.5,9466,0
20241001,120000,7915,7927.7,7903.9,7919.9,12874,0
20241001,130000,7921,7933,7920.4,7929.3,8284,0
20241001,140000,7929.6,7936.5,7924.7,7936.4,6029,0
20241001,150000,7936.5,7970.4,7936,7966.3,24561,0
20241001,160000,7966.3,7999,7940,7990,24853,0
20241001,170000,7989.8,8000,7970.1,7991.1,23987,0
20241001,180000,7990.3,8009.9,7988.6,7993.8,16957,0
20241001,190000,7995.4,8031.6,7989.1,8023.5,18152,0
20241001,200000,8023.2,8045.4,8005,8021,18740,0
20241001,210000,8021.1,8029.9,8000.7,8018,13818,0
20241001,220000,8018,8040.9,8016.9,8030,10425,0
20241001,230000,8031.2,8038.2,8025,8037.9,3734,0
20241002,100000,8012,8038.2,8000.1,8031.4,18507,0
20241002,110000,8029.9,8033.2,8008,8023.9,7731,0
20241002,120000,8023.9,8040,8023.9,8035,7107,0
20241002,130000,8035,8046.4,8031.6,8040.1,10332,0
20241002,140000,8040,8044.4,8021,8023.1,13339,0
20241002,150000,8023.1,8044.8,8022.4,8041,9554,0
20241002,160000,8041,8078.8,8041,8075.7,21967,0
20241002,170000,8078.8,8080.2,8051.2,8052,14491,0
20241002,180000,8052,8055.3,8031.6,8048.4,16712,0
20241002,190000,8050,8066.3,8050,8059,7136,0
20241002,200000,8059.1,8059.4,8048.3,8056.2,7205,0
20241002,210000,8058.6,8067.8,8054.7,8064.6,4564,0
20241002,220000,8067.5,8075.7,8067.5,8072.3,3441,0
20241002,230000,8073.9,8074.7,8068.5,8070.9,2372,0
20241003,100000,8070,8081.4,8026,8033.5,47394,0
20241003,110000,8033.6,8064.9,8030,8062.6,20563,0
20241003,120000,8063.4,8070.9,8043.3,8058.6,13393,0
20241003,130000,8058.4,8059.3,8048.7,8052,8576,0
20241003,140000,8052,8060.1,8042.7,8043.4,8992,0
20241003,150000,8043.4,8043.5,7953,8000,55898,0
20241003,160000,7999.9,8031.6,7995.1,8027.5,19868,0
20241003,170000,8026.1,8052.6,8010,8045.7,35570,0
20241003,180000,8045.5,8054.7,8031,8038.7,7902,0
20241003,190000,8038.7,8070,8031,8068.1,10071,0
20241003,200000,8068.1,8078.7,8060.1,8063.9,10152,0
20241003,210000,8063.9,8067.8,8058,8058,2513,0
20241003,220000,8058.6,8059.9,8047.7,8057.4,4400,0
20241003,230000,8057.4,8059.8,8033.3,8040.1,4193,0
20241004,100000,8060,8068.7,8034,8065.4,17275,0
20241004,110000,8067.3,8071,8057.1,8061.5,9889,0
20241004,120000,8063,8070.5,8054.4,8058,13022,0
20241004,130000,8059.9,8074.6,8059.9,8074.6,8560,0
20241004,140000,8074.7,8133.1,8074.7,8118,114465,0
20241004,150000,8119.9,8127,8075.2,8090.6,40652,0
20241004,160000,8091,8116.4,8087.2,8101.6,13962,0
20241004,170000,8100.9,8122.7,8093.7,8116.1,10066,0
20241004,180000,8115.2,8137,8090.8,8090.9,29576,0
20241004,190000,8095.8,8125,8071.3,8083.8,11606,0
20241004,200000,8083.8,8097.9,8080.9,8095.3,5273,0
20241004,210000,8095.7,8095.7,8075,8080.2,4286,0
20241004,220000,8080.2,8089,8075,8082.4,3214,0
20241004,230000,8082.4,8097,8078.5,8096.4,4683,0
20241007,100000,8090,8148.8,8051,8147.6,43673,0
20241007,110000,8147.5,8180,8146,8163.8,44458,0
20241007,120000,8163.7,8181.3,8150.9,8181.3,16508,0
20241007,130000,8181.3,8186.2,8172.2,8177.8,12179,0
20241007,140000,8178.9,8194.5,8170.6,8183.4,16816,0
20241007,150000,8184.4,8192.9,8147.7,8149.9,16662,0
20241007,160000,8149.9,8170,8149,8150.2,16565,0
20241007,170000,8150,8166.6,8141.2,8144.5,21814,0
20241007,180000,8143.2,8158.8,8141,8156.4,6525,0
20241007,190000,8156.5,8165,8147.7,8148.9,3101,0
20241007,200000,8150,8162.1,8148.9,8162.1,2117,0
20241007,210000,8162.1,8162.1,8150,8150.1,1907,0
20241007,220000,8150.1,8159,8150.1,8153.1,1077,0
20241007,230000,8154.1,8158.7,8153.1,8158.7,902,0
20241008,100000,8155,8157,8097.6,8117.9,45389,0
20241008,110000,8117.9,8140,8102.5,8140,15987,0
20241008,120000,8139.5,8145,8118,8125.2,12607,0
20241008,130000,8124.7,8151.6,8119.6,8151.6,14990,0
20241008,140000,8152.2,8169.8,8152.1,8167.9,10862,0
20241008,150000,8167.9,8185.9,8158,8178,18286,0
20241008,160000,8178,8184,8137.7,8145.1,20187,0
20241008,170000,8145.1,8146.6,8100.5,8102,28080,0
20241008,180000,8103,8103,8066.8,8075,49967,0
20241008,190000,8075,8105.5,8051.3,8081,20650,0
20241008,200000,8080.5,8100.1,8069,8097,8888,0
20241008,210000,8097,8100.1,8083.8,8100,3368,0
20241008,220000,8100,8120.1,8097.7,8117.8,7245,0
20241008,230000,8118.6,8120,8091,8110.5,7490,0
20241009,100000,8075,8131,8075,8123,18225,0
20241009,110000,8123,8140,8116.6,8132.2,7560,0
20241009,120000,8132.2,8150,8130,8148.1,10953,0
20241009,130000,8148.1,8149.5,8132.1,8140.8,5654,0
20241009,140000,8141.6,8143.9,8121,8128,11615,0
20241009,150000,8128,8144,8107.5,8116.9,17189,0
20241009,160000,8118.7,8121.4,8089.4,8105,17547,0
20241009,170000,8104.5,8128,8102,8128,10864,0
20241009,180000,8128,8140.9,8124.4,8126.2,6090,0
20241009,190000,8127.2,8135.3,8111.5,8114.6,4230,0
20241009,200000,8115,8120,8111,8120,3211,0
20241009,210000,8120,8133.6,8110.9,8112.7,4181,0
20241009,220000,8112.7,8114.1,8110.8,8111.2,1843,0
20241009,230000,8111.2,8111.2,8090.4,8106,4277,0
20241010,100000,8110.2,8145.6,8110.2,8137,18689,0
20241010,110000,8135.6,8146.4,8122.2,8141.8,14570,0
20241010,120000,8142.9,8160.5,8140.2,8149.4,10680,0
20241010,130000,8150,8155.9,8143.4,8152,5572,0
20241010,140000,8150.3,8152.9,8135,8143.3,7858,0
20241010,150000,8143.3,8174,8132.2,8165.6,13618,0
20241010,160000,8165.7,8171.2,8138.2,8157,9503,0
20241010,170000,8158,8172,8114,8129.8,21834,0
20241010,180000,8130,8132.6,8115.9,8118,16738,0
20241010,190000,8118,8129.5,8089,8097.3,9988,0
20241010,200000,8097.3,8131,8076,8115,15982,0
20241010,210000,8113.1,8115,8103,8108,4457,0
20241010,220000,8107.9,8130.1,8101,8114.5,4773,0
20241010,230000,8114.5,8119.5,8110,8115,2115,0
20241011,100000,8129,8154.7,8113,8154.7,22543,0
20241011,110000,8154.5,8161,8139.3,8149.6,11071,0
20241011,120000,8149.6,8151,8096.8,8114,18014,0
20241011,130000,8114,8114,8079.2,8109.6,18149,0
20241011,140000,8106.7,8107.7,8077.7,8086.6,8646,0
20241011,150000,8086.4,8121.3,8083.2,8094.2,11706,0
20241011,160000,8094.3,8124.1,8091.6,8108.6,6026,0
20241011,170000,8111.3,8133,8107.3,8124,8429,0
20241011,180000,8123.4,8125.2,8107.4,8118.8,4429,0
20241011,190000,8116.3,8132.4,8116.3,8127.8,2384,0
20241011,200000,8128.2,8129.1,8112,8122.6,3751,0
20241011,210000,8123.6,8149.4,8120.8,8149,7524,0
20241011,220000,8149.5,8150,8139.3,8148.8,4564,0
20241011,230000,8148.8,8151,8140,8148.3,3736,0
20241014,100000,8150,8179,8148.5,8167.9,22175,0
20241014,110000,8167.9,8172.5,8157,8164,11174,0
20241014,120000,8164.9,8170,8150,8158.2,12919,0
20241014,130000,8158.1,8187,8156,8175.8,15885,0
20241014,140000,8175.8,8199,8165.2,8167.4,17573,0
20241014,150000,8167,8174.7,8139.8,8141.5,9808,0
20241014,160000,8141.4,8173.4,8138.5,8160,8547,0
20241014,170000,8161.8,8170.7,8145.3,8146.6,5779,0
20241014,180000,8148.1,8159.6,8143.3,8159.6,5051,0
20241014,190000,8155,8170,8152.5,8163.1,2816,0
20241014,200000,8164.1,8170.1,8151.5,8154.6,3669,0
20241014,210000,8154.8,8162.7,8153,8157.8,1187,0
20241014,220000,8157.9,8254.9,8157.7,8189.5,21275,0
20241014,230000,8190.2,8194.6,8170,8176,7351,0
20241015,100000,8171,8230,8167.5,8221.1,37520,0
20241015,110000,8221.2,8228.7,8201,8214.8,35222,0
20241015,120000,8214.5,8226,8212.4,8219.3,14488,0
20241015,130000,8219.6,8229.1,8214,8221.1,9865,0
20241015,140000,8220.5,8227.5,8214.7,8216.8,6552,0
20241015,150000,8216.8,8219.9,8198.4,8200,11873,0
20241015,160000,8200,8212.4,8195.2,8205.1,30714,0
20241015,170000,8205.1,8245,8202,8231.1,43424,0
20241015,180000,8231.9,8266.9,8231.1,8260,20431,0
20241015,190000,8256.5,8272.3,8256.5,8257.3,11288,0
20241015,200000,8259.1,8270,8251,8269.8,3950,0
20241015,210000,8269.8,8274.2,8267,8273,2033,0
20241015,220000,8271.8,8273,8261,8264.2,3435,0
20241015,230000,8266.2,8268.4,8257,8258.8,2488,0
20241016,100000,8278,8304.1,8275,8290.1,27466,0
20241016,110000,8292.9,8340,8292.1,8338.1,34576,0
20241016,120000,8338.1,8366,8316.7,8340,20946,0
20241016,130000,8340.7,8343,8311,8316.2,12677,0
20241016,140000,8315,8316.8,8281,8294.9,23886,0
20241016,150000,8295.5,8306.8,8288.3,8298.3,7784,0
20241016,160000,8299.6,8301.4,8257.7,8262.9,18789,0
20241016,170000,8266,8284.8,8254.6,8256.1,14870,0
20241016,180000,8256.1,8276.8,8244.7,8250.3,18320,0
20241016,190000,8250.4,8281.2,8250,8281.2,6334,0
20241016,200000,8281.6,8283.3,8273.8,8280,3696,0
20241016,210000,8278.5,8289,8274.5,8278.3,2844,0
20241016,220000,8278.3,8296.2,8274.1,8296.2,2785,0
20241016,230000,8296.6,8298.3,8285.5,8289.6,2087,0
20241017,100000,8292,8331,8291,8329.2,18189,0
20241017,110000,8329.2,8330,8297.8,8315.3,7606,0
20241017,120000,8315.3,8318.8,8276.6,8276.8,16335,0
20241017,130000,8276.8,8280.1,8262.3,8279,17328,0
20241017,140000,8279,8288,8266.7,8274.4,11908,0
20241017,150000,8274.4,8275.7,8250.8,8270.6,16588,0
20241017,160000,8271.5,8287,8241,8281.7,18176,0
20241017,170000,8281.5,8304.2,8274.6,8299.5,16880,0
20241017,180000,8299.5,8305,8272.9,8294.6,8230,0
20241017,190000,8299,8300,8276.3,8288,6237,0
20241017,200000,8288,8306,8278.6,8306,8970,0
20241017,210000,8306,8310.6,8298.6,8301.4,3537,0
20241017,220000,8300.2,8302.6,8292.8,8292.8,2903,0
20241017,230000,8293.4,8307.4,8287,8299.8,2678,0
20241018,100000,8327.6,8354.1,8298,8301.1,31089,0
20241018,110000,8301.1,8330,8301.1,8329.9,18905,0
20241018,120000,8330,8360.1,8320.4,8338.6,26475,0
20241018,130000,8340,8353.8,8339.2,8350.4,14833,0
20241018,140000,8349.2,8365,8341.9,8362.7,21582,0
20241018,150000,8362.9,8370,8336.7,8343.2,15763,0
20241018,160000,8343.2,8364,8314,8356.2,34489,0
20241018,170000,8355.3,8365.6,8348.3,8354.7,17249,0
20241018,180000,8354.5,8360,8345.1,8353.7,12353,0
20241018,190000,8354.1,8360,8350.2,8356,5055,0
20241018,200000,8356,8360,8349.1,8349.3,3719,0
20241018,210000,8349.4,8360,8349,8359.6,5577,0
20241018,220000,8359.6,8360.1,8354.7,8359,3282,0
20241018,230000,8359,8375,8350,8370,5416,0
20241021,100000,8379,8445.7,8378.8,8444,45147,0
20241021,110000,8444.4,8449.9,8420.6,8427.3,14566,0
20241021,120000,8428.9,8456,8427.4,8450.2,26762,0
20241021,130000,8450.9,8455.7,8434.7,8446.8,10914,0
20241021,140000,8448,8461.9,8446.8,8450,10184,0
20241021,150000,8452.4,8452.4,8440,8441.6,9174,0
20241021,160000,8442.5,8459.6,8440.2,8451.9,11549,0
20241021,170000,8450.6,8453.2,8421,8432.5,18203,0
20241021,180000,8433,8439.3,8403.1,8425,18885,0
20241021,190000,8425,8443.7,8424.8,8441,3439,0
20241021,200000,8443,8455.7,8441.8,8443.8,7460,0
20241021,210000,8442.2,8442.2,8416,8416.1,4492,0
20241021,220000,8416.3,8429.1,8414.7,8427.6,2914,0
20241021,230000,8428.2,8438.8,8426.8,8434,1691,0
20241022,100000,8460,8495,8456,8482.5,21239,0
20241022,110000,8482.6,8505.4,8481.4,8496.2,13847,0
20241022,120000,8495.8,8501.6,8471.1,8479.9,12716,0
20241022,130000,8480,8504.5,8480,8498.1,13167,0
20241022,140000,8498.1,8498.6,8481.3,8484.4,7545,0
20241022,150000,8484.4,8496.7,8484.4,8494.3,9290,0
20241022,160000,8494.2,8506,8489.9,8499.7,10430,0
20241022,170000,8499,8504.2,8490,8496,9837,0
20241022,180000,8496,8504,8491.1,8494.6,9958,0
20241022,190000,8492.9,8509,8492.9,8507.7,6922,0
20241022,200000,8507.7,8525.4,8507.7,8525.4,11313,0
20241022,210000,8525.4,8530,8514,8522.4,6298,0
20241022,220000,8520.5,8532.6,8520.4,8532,5219,0
20241022,230000,8532.1,8533,8520.2,8522.5,5753,0
20241023,100000,8527.9,8548.8,8502.7,8526.3,38675,0
20241023,110000,8526.3,8526.9,8505,8519.2,13448,0
20241023,120000,8518.2,8518.2,8492.7,8499.9,16198,0
20241023,130000,8499.2,8512.8,8495,8501.8,9709,0
20241023,140000,8501.4,8510,8497.6,8502.8,6604,0
20241023,150000,8502.8,8502.8,8446,8454.5,36035,0
20241023,160000,8454.9,8485,8452,8482.3,26409,0
20241023,170000,8481.5,8481.5,8441.8,8442.3,20561,0
20241023,180000,8442.2,8452.8,8405.8,8444,42040,0
20241023,190000,8442.2,8454.8,8422.3,8447.6,12114,0
20241023,200000,8447.6,8449.2,8409.1,8435.7,11329,0
20241023,210000,8435.5,8435.6,8413.9,8415.8,9210,0
20241023,220000,8415.2,8429.8,8411,8420,4479,0
20241023,230000,8420.2,8428.3,8412.7,8421,1455,0
20241024,100000,8455.6,8489.4,8455.6,8476.8,26926,0
20241024,110000,8476.8,8478.9,8461.1,8464.9,25708,0
20241024,120000,8464.8,8489.9,8463,8473.8,13889,0
20241024,130000,8473.8,8477.9,8470.4,8471.5,5973,0
20241024,140000,8470.3,8473.1,8446.9,8465.2,14921,0
20241024,150000,8465.2,8477.5,8462.3,8475.4,5555,0
20241024,160000,8474.8,8477.2,8447.3,8455,8679,0
20241024,170000,8453.3,8461.6,8428.3,8461.6,23436,0
20241024,180000,8461.6,8473.4,8451.4,8451.4,12400,0
20241024,190000,8454.9,8487.4,8454.9,8483.4,9391,0
20241024,200000,8483.3,8492.1,8479.2,8481,5550,0
20241024,210000,8480.3,8495,8477.6,8480,6154,0
20241024,220000,8480,8482.8,8472,8482.8,6023,0
20241024,230000,8482,8488.8,8480.8,8488.7,1292,0
20241025,100000,8474,8478.1,8406,8414.7,30187,0
20241025,110000,8414.6,8420.2,8406,8408.1,16950,0
20241025,120000,8408.1,8410.7,8396.3,8409.9,19549,0
20241025,130000,8409.8,8423.5,8401.2,8423.1,20860,0
20241025,140000,8422.5,8454.6,8418.2,8432.7,34102,0
20241025,150000,8431.6,8451,8412.6,8449.3,26861,0
20241025,160000,8450,8453,8432,8438.7,13070,0
20241025,170000,8438.6,8450.9,8433.1,8441.5,40260,0
20241025,180000,8441.2,8447.7,8425,8425.9,41028,0
20241025,190000,8426.7,8457.3,8425,8457.3,9609,0
20241025,200000,8457.3,8473.5,8448.3,8473.5,5695,0
20241025,210000,8472.2,8480,8462.2,8463.9,8286,0
20241025,220000,8464,8473.1,8456.9,8465.1,3629,0
20241025,230000,8465.1,8485.5,8465.1,8479.5,2855,0
20241028,100000,8476,8541.8,8440,8524.9,45139,0
20241028,110000,8525,8531.6,8513.2,8514,17886,0
20241028,120000,8514,8525,8499.5,8505.9,20559,0
20241028,130000,8506,8511.9,8496.6,8500.7,17113,0
20241028,140000,8500,8510.1,8482.1,8507.9,21886,0
20241028,150000,8506.9,8509,8491.1,8509,17768,0
20241028,160000,8509,8528,8506,8523.1,13943,0
20241028,170000,8523.1,8534.1,8518.8,8528.1,13712,0
20241028,180000,8526.8,8540.8,8520,8526.8,16327,0
20241028,190000,8526.7,8565.8,8526.7,8550,18779,0
20241028,200000,8548.6,8567.3,8546.8,8560.7,7893,0
20241028,210000,8561.9,8570,8559.7,8567.3,4850,0
20241028,220000,8565.6,8580.6,8565.1,8576.8,4719,0
20241028,230000,8579.4,8580.5,8569.1,8570,2110,0
20241029,100000,8580.7,8625.1,8580.7,8621,49741,0
20241029,110000,8618.1,8620.9,8592.8,8609,29167,0
20241029,120000,8607.2,8613.3,8590.2,8606.4,14182,0
20241029,130000,8606.8,8621.2,8601.5,8620.7,11364,0
20241029,140000,8618.7,8624.4,8600.1,8616,13529,0
20241029,150000,8616,8616,8570.8,8592.2,26555,0
20241029,160000,8594,8630.9,8588.2,8627.7,18506,0
20241029,170000,8627.8,8647.7,8627.7,8633.5,26435,0
20241029,180000,8635.9,8638.4,8604.1,8616.6,38066,0
20241029,190000,8620.5,8669.5,8620.5,8656.9,16261,0
20241029,200000,8652.9,8659,8643,8653.9,6638,0
20241029,210000,8652.9,8663.3,8649.5,8656.1,4649,0
20241029,220000,8656.1,8658.7,8650.1,8657.2,4796,0
20241029,230000,8657.3,8661.4,8646.9,8661.4,4681,0
20241030,100000,8682,8707.8,8669,8686.6,54525,0
20241030,110000,8686.6,8693.2,8665.5,8667.1,21793,0
20241030,120000,8667.1,8688.5,8666.6,8682.5,21033,0
20241030,130000,8682.5,8684.2,8669.2,8669.4,15096,0
20241030,140000,8669,8673.5,8652,8654,18242,0
20241030,150000,8653.2,8674.1,8632.6,8671.7,26541,0
20241030,160000,8671.7,8686.2,8646.1,8653.4,21604,0
20241030,170000,8655.8,8680.5,8646,8665.3,10648,0
20241030,180000,8665.4,8672,8646.5,8672,10494,0
20241030,190000,8669,8691.9,8669,8689.2,6084,0
20241030,200000,8689,8696.5,8679,8691,6854,0
20241030,210000,8690,8692.6,8685.3,8686.2,3047,0
20241030,220000,8686,8688.1,8678.3,8687,2688,0
20241030,230000,8687,8698,8681,8697.2,1713,0
20241031,100000,8680,8694.6,8666,8674.9,24507,0
20241031,110000,8672.9,8677,8650,8661.1,18093,0
20241031,120000,8659.9,8679.1,8656.4,8662.3,11322,0
20241031,130000,8662.3,8672.9,8650.2,8669.5,9918,0
20241031,140000,8672.4,8679.2,8660.4,8666.6,6319,0
20241031,150000,8665.7,8680.7,8660,8663.4,12202,0
20241031,160000,8663.2,8663.4,8596.4,8604.5,60651,0
20241031,170000,8604.8,8610.5,8525,8526.5,58425,0
20241031,180000,8526,8543.5,8508.2,8530,45434,0
20241031,190000,8532.7,8575.4,8532.7,8557.4,18128,0
20241031,200000,8557.4,8577.5,8557.4,8566.2,10417,0
20241031,210000,8566,8585,8565.6,8584.1,5526,0
20241031,220000,8584.1,8597,8579.1,8580.2,5929,0
20241031,230000,8579.3,8585.1,8574.4,8585,2377,0
20241101,100000,8584,8595.9,8565.3,8577.2,25451,0
20241101,110000,8577.2,8612.7,8576.6,8602.6,21014,0
20241101,120000,8602.8,8622,8595.9,8621.9,10137,0
20241101,130000,8621.9,8626.9,8604.1,8615.7,11430,0
20241101,140000,8615,8650,8615,8619.7,16054,0
20241101,150000,8620.3,8648,8614,8634.4,16917,0
20241101,160000,8635.3,8651,8634.4,8635.1,11821,0
20241101,170000,8635.2,8640.2,8588.6,8608,30158,0
20241101,180000,8608,8634,8600.9,8607.6,15347,0
20241101,190000,8620,8623,8599.3,8611.1,6278,0
20241101,200000,8611.8,8612.2,8582.2,8585.3,7949,0
20241101,210000,8584,8598.2,8575.8,8598.2,6882,0
20241101,220000,8598.6,8610.5,8593.1,8596.8,4622,0
20241101,230000,8599.6,8603.5,8595.4,8602.1,2403,0
20241102,100000,8603.1,8627.6,8568,8575,22173,0
20241102,110000,8575,8608,8571,8599.4,11248,0
20241102,120000,8598.4,8608.5,8596.5,8599.3,4229,0
20241102,130000,8599,8612.9,8598.3,8599.4,2637,0
20241102,140000,8598.1,8606.3,8594.8,8602.4,1955,0
20241102,150000,8602.4,8603.5,8594.6,8598.8,3422,0
20241102,160000,8599,8620,8596.8,8619.7,7933,0
20241102,170000,8619.9,8622.6,8609.8,8613.9,6731,0
20241102,180000,8613.3,8619.7,8606.7,8607.4,2518,0
20241102,190000,8612.4,8618.8,8605,8616.1,797,0
20241102,200000,8616,8619.3,8610,8613.8,1419,0
20241102,210000,8612.5,8616.7,8604.2,8606.7,2198,0
20241102,220000,8606.7,8608.6,8604.3,8608.1,792,0
20241102,230000,8608.1,8619.9,8605,8618,2362,0
20241105,100000,8640,8679.1,8621,8646.4,40287,0
20241105,110000,8646.1,8658,8631.1,8646.2,19520,0
20241105,120000,8648.2,8660,8641.2,8645.7,13817,0
20241105,130000,8646,8647.7,8623.5,8628.3,7096,0
20241105,140000,8627.7,8641.1,8625.7,8629.3,9585,0
20241105,150000,8629.3,8642.8,8623.1,8623.1,6104,0
20241105,160000,8623.2,8640,8618.7,8639,7467,0
20241105,170000,8639.1,8645,8631,8641.4,8236,0
20241105,180000,8641.4,8641.4,8625,8628.1,8727,0
20241105,190000,8631.7,8643.7,8631.7,8637.2,3192,0
20241105,200000,8637.2,8644.8,8636.5,8638.8,1595,0
20241105,210000,8639.2,8644.4,8638.4,8641.5,2257,0
20241105,220000,8641.5,8645.1,8636,8637.5,2394,0
20241105,230000,8637.5,8638.2,8630.5,8635,4741,0
20241106,100000,8583.7,8610.7,8480,8581.4,76411,0
20241106,110000,8579.6,8603.6,8537.6,8578.9,37745,0
20241106,120000,8579,8589.6,8570.1,8584.5,12797,0
20241106,130000,8583.1,8589.2,8570.1,8580,11414,0
20241106,140000,8579.8,8586.9,8530.3,8535.8,20634,0
20241106,150000,8535.8,8552.6,8509,8514.1,24338,0
20241106,160000,8514.1,8514.1,8393,8398.1,73304,0
20241106,170000,8398.1,8430.1,8334.3,8342,75466,0
20241106,180000,8342,8388.8,8337.3,8370.1,44029,0
20241106,190000,8382,8400,8360,8362.7,15541,0
20241106,200000,8362.7,8382,8358.2,8369.9,7804,0
20241106,210000,8366.1,8387.5,8366,8372.8,8077,0
20241106,220000,8373.1,8380.7,8367.5,8371.3,5630,0
20241106,230000,8373.4,8373.4,8360,8360.1,6008,0
20241107,100000,8322,8359.2,8300.5,8356.4,57136,0
20241107,110000,8353.2,8377.9,8350,8357.6,23427,0
20241107,120000,8357.6,8392.5,8350.8,8390.5,16174,0
20241107,130000,8390.6,8392.5,8376,8382,9982,0
20241107,140000,8379.4,8381,8363.9,8376.8,8066,0
20241107,150000,8376.5,8414.9,8375,8412.3,17390,0
20241107,160000,8412.3,8440.7,8409.4,8430,26097,0
20241107,170000,8431.7,8464.8,8415,8424.2,74768,0
20241107,180000,8423.3,8452.8,8415.7,8442.9,18233,0
20241107,190000,8443.6,8480,8428.9,8449.5,13596,0
20241107,200000,8449.5,8464.1,8438.3,8462.3,6248,0
20241107,210000,8461,8462.3,8442.4,8450.8,3007,0
20241107,220000,8450.8,8455.1,8424.8,8433.2,7007,0
20241107,230000,8432.8,8492.5,8431.5,8469,14384,0
20241108,100000,8444.1,8450,8413,8448.8,34082,0
20241108,110000,8449.9,8497,8443,8490,47789,0
20241108,120000,8490,8494.8,8466.8,8473.4,25672,0
20241108,130000,8476.2,8486,8463.6,8477.7,11084,0
20241108,140000,8473.4,8482,8463.8,8475,8023,0
20241108,150000,8475,8492.6,8470.9,8487,11009,0
20241108,160000,8485.3,8497.9,8471,8486.1,7772,0
20241108,170000,8486,8515.2,8476.5,8491.7,24133,0
20241108,180000,8491.7,8506,8461.7,8485.3,15540,0
20241108,190000,8485.5,8489.9,8470,8473.4,3855,0
20241108,200000,8474.1,8479.1,8444.6,8467.6,9836,0
20241108,210000,8466.4,8466.8,8455.7,8458.8,1950,0
20241108,220000,8461,8468.6,8457,8468.6,2720,0
20241108,230000,8468.6,8471.8,8456,8461,3661,0
20241111,100000,8445.6,8447,8381.4,8419.6,49939,0
20241111,110000,8419.6,8438,8415,8415,15272,0
20241111,120000,8415.7,8428,8409.9,8417.6,26942,0
20241111,130000,8418,8438,8373.2,8384.7,21213,0
20241111,140000,8381.3,8404.3,8374.2,8386.8,20572,0
20241111,150000,8386.8,8389.9,8355.7,8362,23891,0
20241111,160000,8362.4,8368.7,8289.5,8289.5,44833,0
20241111,170000,8289.5,8292,8216.5,8226.3,167580,0
20241111,180000,8226.4,8240.8,8170.1,8184.5,57292,0
20241111,190000,8181.8,8219.8,8165,8202.7,30516,0
20241111,200000,8203.5,8209,8175.5,8178.3,10261,0
20241111,210000,8178.3,8202.8,8151.5,8188.5,23289,0
20241111,220000,8188,8192,8180.1,8181.4,7565,0
20241111,230000,8182.7,8214,8182.1,8209.5,10719,0
20241112,100000,8173.9,8176.2,8118,8146,52820,0
20241112,110000,8147.6,8171.7,8145.8,8168.3,16123,0
20241112,120000,8167.4,8168.3,8133.9,8144.1,21388,0
20241112,130000,8144.1,8158.9,8128.6,8156.1,16075,0
20241112,140000,8157,8168.5,8139.9,8159.8,28955,0
20241112,150000,8161.5,8182.8,8157.2,8180.3,21227,0
20241112,160000,8180.3,8192.4,8164.8,8176.1,18569,0
20241112,170000,8177,8192.1,8169,8184.4,12837,0
20241112,180000,8181.7,8188.8,8165.9,8179.8,32499,0
20241112,190000,8171.5,8207.7,8171.5,8206.4,13476,0
20241112,200000,8206.3,8216.5,8185.4,8199.5,13499,0
20241112,210000,8199,8211.5,8192,8206.4,6097,0
20241112,220000,8206,8210,8198,8198.7,3645,0
20241112,230000,8199.6,8199.6,8185.2,8192,3564,0
20241113,100000,8208,8234.2,8207.1,8230,27470,0
20241113,110000,8230,8230.1,8200.3,8217.9,17576,0
20241113,120000,8219.2,8219.2,8208.7,8216,10713,0
20241113,130000,8217,8217,8200.8,8209.9,6864,0
20241113,140000,8209.9,8224.2,8209.7,8220.1,9135,0
20241113,150000,8220.1,8226.3,8212.1,8214.8,7821,0
20241113,160000,8213.9,8237.8,8208.8,8229,19836,0
20241113,170000,8228.6,8232.7,8172.9,8185,27297,0
20241113,180000,8185,8185.2,8144.7,8168.1,24529,0
20241113,190000,8176,8205,8119.3,8121,26909,0
20241113,200000,8121.2,8131.8,8095.2,8113,26445,0
20241113,210000,8113.8,8119.8,8103.2,8115.8,6332,0
20241113,220000,8115.9,8121.5,8110,8117.3,2393,0
20241113,230000,8117.4,8117.7,8105.6,8107.7,4599,0
20241114,100000,8087,8088.9,8024.4,8076.3,60077,0
20241114,110000,8077.5,8087.9,8067.2,8078.5,15077,0
20241114,120000,8077.5,8080,8031.7,8054.9,30259,0
20241114,130000,8054.8,8083.5,8040.8,8064.2,20302,0
20241114,140000,8064.3,8093.6,8063.4,8092.6,13615,0
20241114,150000,8094,8102.9,8071.9,8077.1,18698,0
20241114,160000,8079.9,8097.7,8066.1,8089.2,14802,0
20241114,170000,8088.9,8118.2,8079.7,8091.3,24378,0
20241114,180000,8089.9,8127.3,8087.7,8112,14890,0
20241114,190000,8116.4,8150,8116.4,8148,13867,0
20241114,200000,8148,8160,8127,8142,9454,0
20241114,210000,8142.1,8143.9,8121.8,8138.3,5804,0
20241114,220000,8138.2,8172,8138.2,8169.9,6497,0
20241114,230000,8168.7,8171.2,8140,8158,8198,0
20241115,100000,8130,8169.5,8089.6,8168.1,31579,0
20241115,110000,8168.2,8171.7,8117.6,8118.9,20317,0
20241115,120000,8117.8,8141,8112,8134.9,18614,0
20241115,130000,8134.8,8148,8133.2,8142,6967,0
20241115,140000,8140.1,8147.6,8130,8140.2,6013,0
20241115,150000,8140.1,8155.5,8137.8,8144.7,16557,0
20241115,160000,8144.5,8151.8,8110,8128.1,25456,0
20241115,170000,8127.2,8151.4,8121.9,8143.1,11862,0
20241115,180000,8143.1,8149.5,8116.9,8135,11274,0
20241115,190000,8137.9,8140.2,8122.5,8122.5,4372,0
20241115,200000,8122.3,8129.9,8112.1,8129.5,2885,0
20241115,210000,8126.1,8140,8120.3,8139.9,3229,0
20241115,220000,8138.7,8139.9,8126,8126.9,2108,0
20241115,230000,8130.5,8132.7,8110,8123.6,2645,0
20241118,100000,8166.2,8253.9,8166.1,8242.9,64171,0
20241118,110000,8242.9,8255,8234.4,8245.6,15818,0
20241118,120000,8245,8295.9,8235.4,8288.8,23409,0
20241118,130000,8290,8297.3,8269.2,8282.8,16980,0
20241118,140000,8273.5,8283.6,8269.3,8279,9170,0
20241118,150000,8278.4,8300,8271.8,8289.8,10423,0
20241118,160000,8289.8,8299.5,8280.1,8297.2,12632,0
20241118,170000,8298.8,8313.4,8295.5,8313.4,17361,0
20241118,180000,8313.4,8320,8308,8320,10215,0
20241118,190000,8321,8339.7,8321,8333.8,12484,0
20241118,200000,8333.8,8333.8,8304.2,8321.8,8479,0
20241118,210000,8321.4,8332.6,8321.4,8332.6,4177,0
20241118,220000,8331.2,8340,8326.1,8337.1,8845,0
20241118,230000,8337.4,8342.6,8333.4,8341.1,4355,0
20241119,100000,8371,8397.8,8357,8376,31324,0
20241119,110000,8375.9,8416.2,8375.5,8415.3,24307,0
20241119,120000,8415.7,8431.3,8408,8408.5,33447,0
20241119,130000,8409.5,8429.5,8408,8426.4,16254,0
20241119,140000,8426,8426.7,8410.8,8412.3,14647,0
20241119,150000,8412.3,8443,8412.3,8442.9,12736,0
20241119,160000,8442.7,8485.1,8435.5,8457.9,29409,0
20241119,170000,8457.4,8464.1,8412,8426.1,30897,0
20241119,180000,8426.1,8440,8420.6,8423.8,8840,0
20241119,190000,8429.6,8448,8424.1,8445,5930,0
20241119,200000,8446.8,8473.1,8443.2,8460,11660,0
20241119,210000,8460,8471.1,8459.5,8467.8,9540,0
20241119,220000,8467.8,8477.7,8464.8,8470.8,4184,0
20241119,230000,8474.5,8484.4,8471.6,8484,4611,0
20241120,100000,8468,8485,8414.9,8415,39920,0
20241120,110000,8415,8444,8411.2,8441.5,15699,0
20241120,120000,8442,8449.5,8430,8447.1,12012,0
20241120,130000,8448.4,8455.4,8429.5,8445.7,22890,0
20241120,140000,8441.9,8445.4,8411.3,8432.4,38311,0
20241120,150000,8434.3,8446.3,8432.5,8437.3,13771,0
20241120,160000,8438.3,8455.9,8436.6,8450,16197,0
20241120,170000,8451,8475,8449.1,8474.8,21396,0
20241120,180000,8473.9,8497.9,8471,8480.9,25960,0
20241120,190000,8481,8522.2,8481,8520,15885,0
20241120,200000,8518.4,8551.3,8517.7,8529,14590,0
20241120,210000,8529,8532.1,8507.9,8523.5,16476,0
20241120,220000,8523.4,8537.3,8517.3,8535,9745,0
20241120,230000,8535.1,8535.9,8513,8527,9802,0
20241121,100000,8540,8600.4,8540,8584.9,46489,0
20241121,110000,8584.1,8612.4,8578,8612.4,25043,0
20241121,120000,8612.4,8633.7,8594.6,8631.6,28363,0
20241121,130000,8631.7,8640.3,8617,8623,19304,0
20241121,140000,8623.2,8643.8,8619.2,8640,19078,0
20241121,150000,8639.5,8640,8604.7,8616.5,32624,0
20241121,160000,8616,8620.8,8600.5,8614.4,25100,0
20241121,170000,8614.4,8639.4,8610.1,8611.4,28893,0
20241121,180000,8611.4,8638,8610.7,8634,20746,0
20241121,190000,8634,8666,8630.5,8654.8,23855,0
20241121,200000,8654.8,8681.1,8642.8,8673.9,32285,0
20241121,210000,8673,8676.7,8656,8666.7,13224,0
20241121,220000,8665.6,8675.7,8662.1,8672.2,9732,0
20241121,230000,8672,8675,8662.7,8667.4,2879,0
20241122,100000,8707.7,8771,8707.7,8759,70427,0
20241122,110000,8759,8805.2,8740,8804,66348,0
20241122,120000,8803.6,8851,8803,8844.1,53170,0
20241122,130000,8845.2,8865.7,8842,8860,37421,0
20241122,140000,8860,8870.1,8812.1,8846.6,62661,0
20241122,150000,8847.2,8868,8838.4,8868,16456,0
20241122,160000,8869,8878,8815.1,8842.4,45352,0
20241122,170000,8840.5,8889.7,8819.2,8889.7,31377,0
20241122,180000,8889.7,8926.3,8866.8,8915,27881,0
20241122,190000,8915,8964,8901.6,8945.2,25032,0
20241122,200000,8945.1,8959.8,8942.3,8950,13759,0
20241122,210000,8949.9,8984.6,8949,8970,20786,0
20241122,220000,8971.8,8990.9,8968.2,8973,11461,0
20241122,230000,8973.4,8977.5,8959,8959.9,16106,0
20241125,100000,8771,8888.4,8650,8856.1,166542,0
20241125,110000,8856,8874.3,8827.2,8836.3,36504,0
20241125,120000,8836.3,8863.5,8832.9,8856,28634,0
20241125,130000,8853.9,8863.7,8836.1,8863.6,26511,0
20241125,140000,8863.7,8935.3,8859.8,8929.9,33076,0
20241125,150000,8931.1,8954.2,8905.8,8950.1,23773,0
20241125,160000,8950.1,9005,8931.6,8932.1,57814,0
20241125,170000,8936.4,8937.6,8800.9,8825,102749,0
20241125,180000,8821.5,8845,8772.1,8834.1,50737,0
20241125,190000,8838.4,8903.6,8837.6,8856.1,56471,0
20241125,200000,8857.6,8865,8800.2,8862.2,31189,0
20241125,210000,8861.9,8861.9,8820,8844,17077,0
20241125,220000,8845.6,8849.2,8839,8846.2,7430,0
20241125,230000,8842.4,8864,8826.3,8862,9362,0
20241126,100000,8838.6,8875.9,8710,8724,105045,0
20241126,110000,8724.3,8790,8671.8,8680.4,159678,0
20241126,120000,8679.8,8799.9,8676.2,8780.1,83671,0
20241126,130000,8780.1,8838.5,8780.1,8834.8,49311,0
20241126,140000,8834.8,8868.9,8830.1,8851.9,60010,0
20241126,150000,8852.4,8890.9,8812.6,8829.5,77893,0
20241126,160000,8829.1,8884.7,8829.1,8863.7,58392,0
20241126,170000,8864,8914.7,8850.3,8889.3,42870,0
20241126,180000,8889.8,8956.1,8889.8,8950,37784,0
20241126,190000,8950,8990,8930,8976.6,26539,0
20241126,200000,8976.6,8986,8951.9,8961.4,14279,0
20241126,210000,8961,8961.5,8922.7,8945,36593,0
20241126,220000,8945,8958.2,8937.3,8951.7,7362,0
20241126,230000,8953,8979.6,8951.7,8971.5,8294,0
20241127,100000,9002.9,9080,8991,9079.9,96664,0
20241127,110000,9080,9125.4,9050.9,9114.5,70245,0
20241127,120000,9112.8,9131.2,9083.2,9116.6,72549,0
20241127,130000,9115.7,9143,9103.1,9138,53330,0
20241127,140000,9138,9176.2,9134,9169,70384,0
20241127,150000,9170,9255,9165.8,9252.9,86416,0
20241127,160000,9254.9,9288.2,9151.9,9222.5,205398,0
20241127,170000,9224.2,9229.6,9080,9086.2,163787,0
20241127,180000,9086.1,9087.6,8906.5,9049.3,147071,0
20241127,190000,9049.3,9111,8890.9,8904.5,69700,0
20241127,200000,8904.9,8976.9,8866,8945.5,36402,0
20241127,210000,8945.5,8996.4,8945.5,8966.4,19816,0
20241127,220000,8972,8984.7,8960,8960.2,6028,0
20241127,230000,8960.7,8994.1,8957.8,8993.9,9400,0
20241128,100000,8996,9125.3,8981.2,9099.3,139832,0
20241128,110000,9100.7,9110,9019.5,9071.1,44316,0
20241128,120000,9072.5,9100,9035.4,9094.5,24097,0
20241128,130000,9097.1,9125,9080.4,9109,34259,0
20241128,140000,9114.9,9123.9,9072.5,9080.1,32538,0
20241128,150000,9080.1,9089.2,9055,9076,31800,0
20241128,160000,9076,9088.5,9060,9079.3,14165,0
20241128,170000,9079.8,9094.2,9064,9085,30237,0
20241128,180000,9087.5,9090.6,9050,9056.9,14572,0
20241128,190000,9053.5,9087,9053.5,9076.8,14364,0
20241128,200000,9079,9095,9074.2,9086,7267,0
20241128,210000,9086,9087.1,9064.4,9075.7,7132,0
20241128,220000,9076.3,9089.1,9074,9085,2052,0
20241128,230000,9085.1,9098,9085.1,9095.5,3326,0
20241129,100000,9139.5,9196,9110,9134.5,79657,0
20241129,110000,9134.5,9135,9080,9123.5,28936,0
20241129,120000,9123.5,9162.9,9114.7,9160,35123,0
20241129,130000,9159.3,9167.6,9145.4,9145.9,18552,0
20241129,140000,9151.1,9157.4,9101.1,9101.1,22992,0
20241129,150000,9101.1,9118.1,9082.7,9104.9,38236,0
20241129,160000,9105.7,9110.1,8960,9030.6,76875,0
20241129,170000,9030.6,9049.7,9009.7,9020,35251,0
20241129,180000,9018.9,9024.1,8970.1,8978.3,23665,0
20241129,190000,8982,9024,8974.6,9010.9,16896,0
20241129,200000,9011.3,9011.3,8990,9002.6,7657,0
20241129,210000,9002.4,9014.5,8982,8999.3,10585,0
20241129,220000,9002,9006.2,8980,8986.3,12584,0
20241129,230000,8986.3,8991.9,8981,8985,7706,0
20241202,100000,8933.8,8979.8,8850.1,8976.9,86142,0
20241202,110000,8976.1,9021.1,8960.1,8991.4,31292,0
20241202,120000,8990,9040,8988.2,9000,31918,0
20241202,130000,9000.1,9017.1,8999,9002,12945,0
20241202,140000,9005.7,9024.8,8961.6,8965,26132,0
20241202,150000,8964.6,9000.3,8945.2,9000.3,23446,0
20241202,160000,9002.3,9016.5,8977.7,9000.9,15548,0
20241202,170000,9000,9030,8985,8988.1,19953,0
20241202,180000,8988.1,9008.7,8977.3,8990.3,13928,0
20241202,190000,8996.3,9000,8964.7,8976.8,6145,0
20241202,200000,8978.9,8979.4,8955.9,8975,7800,0
20241202,210000,8973,8990.2,8955.6,8986.4,6074,0
20241202,220000,8987,8992.2,8982.1,8988.8,2121,0
20241202,230000,8987.9,8999.7,8979.4,8995.5,3407,0
20241203,100000,9003.1,9029.4,8977.9,8994.2,22600,0
20241203,110000,8993.8,8994.2,8966.9,8982.4,13760,0
20241203,120000,8980,8985.7,8960,8969.1,15734,0
20241203,130000,8969.1,8989.4,8955,8955.1,23830,0
20241203,140000,8955.1,8959.4,8900,8908.1,36609,0
20241203,150000,8908.1,8916.1,8870.1,8870.5,32268,0
20241203,160000,8870.1,8928.1,8861.1,8925.5,58663,0
20241203,170000,8925.6,8951.1,8895.3,8897.2,35517,0
20241203,180000,8897.8,8904.2,8875.7,8898,24091,0
20241203,190000,8900,8908.8,8862.4,8881.4,11026,0
20241203,200000,8881,8885.2,8827.5,8871.6,18949,0
20241203,210000,8873.3,8873.3,8831.6,8849.4,11434,0
20241203,220000,8849.4,8849.4,8820.1,8821.8,8395,0
20241203,230000,8821.4,8836.9,8820,8829,5281,0
20241204,100000,8853.7,8873.7,8774.4,8793.7,56686,0
20241204,110000,8796.1,8814.9,8787.4,8793.4,25169,0
20241204,120000,8793.7,8802.8,8776.2,8791.5,12474,0
20241204,130000,8791.6,8793,8770,8789,17337,0
20241204,140000,8784.1,8792.3,8751.6,8754.1,17245,0
20241204,150000,8754.1,8812.3,8752.8,8784.5,30919,0
20241204,160000,8784.5,8855.5,8764.4,8850.8,44297,0
20241204,170000,8852.8,8888,8817.4,8829.9,55245,0
20241204,180000,8830.5,8900,8828.9,8883,35741,0
20241204,190000,8891,8940,8872.3,8891.9,22453,0
20241204,200000,8890.5,8897.1,8859.2,8869,8627,0
20241204,210000,8868.9,8922.4,8868.9,8916.2,12960,0
20241204,220000,8916.2,8935.3,8905,8929.1,9501,0
20241204,230000,8928.7,8942,8920,8940,4936,0
20241205,100000,8935,8935,8802,8811.1,52045,0
20241205,110000,8813,8813.1,8772.7,8774.2,48230,0
20241205,120000,8774.1,8790.1,8752.4,8755,32611,0
20241205,130000,8755.2,8773.4,8715.2,8739.6,43344,0
20241205,140000,8736.6,8778.7,8717.4,8775.3,25974,0
20241205,150000,8775.3,8782.7,8702.9,8754.6,35545,0
20241205,160000,8754.9,8769.3,8680,8701.3,50055,0
20241205,170000,8700.6,8703.7,8600.1,8602.2,69830,0
20241205,180000,8601.4,8605.9,8482.8,8540,116366,0
20241205,190000,8540,8637.6,8498,8520.7,67428,0
20241205,200000,8520.6,8522.8,8461,8498.8,27099,0
20241205,210000,8496.8,8509.4,8458.1,8480.6,19594,0
20241205,220000,8480.6,8491.2,8436.6,8486.9,27280,0
20241205,230000,8487,8526.8,8477.2,8513,10552,0
20241206,100000,8534.1,8569.9,8424.8,8514.2,119565,0
20241206,110000,8515,8528.2,8463.6,8480,29506,0
20241206,120000,8479,8479.9,8433.3,8440.2,28839,0
20241206,130000,8439.5,8458.5,8427.4,8446.7,28780,0
20241206,140000,8449.5,8465,8411,8430.8,37969,0
20241206,150000,8426.7,8437.9,8404.6,8424.8,44579,0
20241206,160000,8424.7,8425.5,8352.2,8353.4,53045,0
20241206,170000,8353.4,8404.2,8325,8394,72732,0
20241206,180000,8394,8439.8,8340.1,8372.7,37596,0
20241206,190000,8381.8,8386.9,8317.1,8353.1,37262,0
20241206,200000,8353.1,8354.9,8332.4,8340.9,14635,0
20241206,210000,8340.6,8359.9,8339.2,8359.9,11436,0
20241206,220000,8359.9,8362.3,8338.3,8346.5,7876,0
20241206,230000,8346.8,8359.6,8335.5,8355,6032,0
20241209,100000,8377.7,8505,8348.8,8496.7,81816,0
20241209,110000,8496.6,8498.9,8437.1,8452.2,24288,0
20241209,120000,8453.4,8526.9,8453.4,8500.4,36788,0
20241209,130000,8500.7,8522.8,8483.9,8496,29092,0
20241209,140000,8496.6,8511.5,8474,8485,23647,0
20241209,150000,8485,8561,8485,8559,46872,0
20241209,160000,8557.2,8640.8,8557,8638.4,58466,0
20241209,170000,8638.4,8673.1,8621.8,8622.7,47244,0
20241209,180000,8622.7,8683.3,8613.9,8655,28246,0
20241209,190000,8660,8708.2,8654.6,8672.5,33396,0
20241209,200000,8674.4,8678.7,8652.1,8666.8,13348,0
20241209,210000,8666,8678.9,8636.6,8670,29691,0
20241209,220000,8670,8675.7,8645,8662,20570,0
20241209,230000,8662.1,8673,8651.4,8655.5,5701,0
20241210,100000,8678.5,8700,8522.7,8529.4,108260,0
20241210,110000,8529.5,8553.7,8471.1,8482.6,75795,0
20241210,120000,8482.1,8579.4,8474.4,8541.1,72172,0
20241210,130000,8541,8598.7,8539,8579.1,31318,0
20241210,140000,8578.9,8616.3,8565.8,8593.8,28341,0
20241210,150000,8594.5,8602.5,8560.7,8593,24723,0
20241210,160000,8593,8645,8585,8639,30454,0
20241210,170000,8638.9,8690,8622.4,8683.5,63332,0
20241210,180000,8686.2,8708.2,8652.4,8660,26572,0
20241210,190000,8662.2,8700,8656.6,8670.1,11574,0
20241210,200000,8671.4,8689.9,8656.7,8689.8,9747,0
20241210,210000,8689.8,8695,8665,8665,6344,0
20241210,220000,8665,8688.9,8663.7,8679.3,3442,0
20241210,230000,8682,8687.5,8674.8,8674.8,4018,0
20241211,100000,8676.1,8795.9,8640.6,8766.3,127027,0
20241211,110000,8766.8,8787.1,8752,8773.4,32164,0
20241211,120000,8774.7,8793.8,8758.7,8791.8,22616,0
20241211,130000,8791.8,8835,8786.9,8821.7,43410,0
20241211,140000,8820.5,8834.4,8800.3,8819.4,24964,0
20241211,150000,8819,8918.8,8818.7,8908.8,76575,0
20241211,160000,8908.1,8918,8833.8,8884.5,74533,0
20241211,170000,8884.5,8900,8818.2,8873.7,53060,0
20241211,180000,8875,8920,8875,8901.5,48949,0
20241211,190000,8902,8905.5,8828,8884.1,45117,0
20241211,200000,8885.3,8910,8870.2,8870.7,15688,0
20241211,210000,8870.7,8904.9,8869,8876.7,10646,0
20241211,220000,8876.7,8903.3,8870.1,8901.1,8271,0
20241211,230000,8901.2,8938,8897.6,8923.7,11114,0
20241212,100000,8905.4,8982.4,8870.6,8880,116707,0
20241212,110000,8878.7,8925.6,8860.3,8878.9,42373,0
20241212,120000,8878.5,8893.1,8808.7,8867.7,63763,0
20241212,130000,8867.4,8882.5,8835.6,8846.9,25721,0
20241212,140000,8844.8,8846.9,8793,8834,42245,0
20241212,150000,8834,8847.8,8806.7,8813.9,15187,0
20241212,160000,8813.4,8814.3,8753,8762,41736,0
20241212,170000,8762,8764.7,8670,8703,77912,0
20241212,180000,8703,8750,8691.7,8715,59883,0
20241212,190000,8713.9,8765.6,8710,8732.8,17856,0
20241212,200000,8732.8,8768.7,8732.6,8768.7,12008,0
20241212,210000,8768.7,8779.2,8752.7,8755.9,11406,0
20241212,220000,8755.9,8791,8755.9,8769,26352,0
20241212,230000,8769,8783,8751.1,8774.1,27061,0
20241213,100000,8784.9,8814,8743.7,8812.3,66537,0
20241213,110000,8810.6,8834.6,8781.6,8783.4,33815,0
20241213,120000,8781.8,8796.7,8761,8767.5,25023,0
20241213,130000,8767.9,8778.5,8760,8769,20866,0
20241213,140000,8770.9,8791.4,8727.8,8745.2,64263,0
20241213,150000,8748,8810.5,8745.3,8799.6,36156,0
20241213,160000,8799.6,8804.2,8743,8747.1,18373,0
20241213,170000,8747.3,8770.5,8680.3,8707,52172,0
20241213,180000,8707.1,8726.7,8698.5,8715.7,13517,0
20241213,190000,8715.7,8748.9,8715.4,8741.8,12933,0
20241213,200000,8741.6,8742.2,8710,8712.9,12784,0
20241213,210000,8711.6,8716,8698.5,8706.5,16288,0
20241213,220000,8705.8,8719.5,8705,8717.9,4641,0
20241213,230000,8715.8,8717.8,8705,8709,4930,0
20241216,100000,8720,8733.5,8632.8,8670,73329,0
20241216,110000,8669.9,8675.7,8623.2,8659.4,39155,0
20241216,120000,8659.3,8688.9,8645.3,8670.9,44520,0
20241216,130000,8673.3,8696.1,8670.3,8692.7,26031,0
20241216,140000,8689.8,8746.5,8681,8728.7,33837,0
20241216,150000,8728.7,8746.3,8673.4,8678.5,38535,0
20241216,160000,8678,8703.7,8655,8674.6,30562,0
20241216,170000,8674.5,8713.3,8663,8666,31302,0
20241216,180000,8665.5,8682.3,8652,8660,15792,0
20241216,190000,8664.9,8682.6,8655.9,8661.8,8226,0
20241216,200000,8660.1,8669.2,8611.6,8615.3,20056,0
20241216,210000,8615.8,8641.4,8606.1,8626.5,13865,0
20241216,220000,8626.5,8639.8,8605,8623,15389,0
20241216,230000,8621.1,8636,8609.5,8629.1,7261,0
20241217,100000,8624.9,8678.2,8621.9,8657.8,51148,0
20241217,110000,8656.3,8662.5,8611.3,8623,30073,0
20241217,120000,8623,8633.7,8589,8596.1,37823,0
20241217,130000,8596.1,8620.8,8591.1,8599.1,32000,0
20241217,140000,8599,8647,8595.4,8640.3,34847,0
20241217,150000,8640.3,8646.9,8615.4,8620.1,20670,0
20241217,160000,8622,8663.2,8618,8626,30607,0
20241217,170000,8625.9,8673.4,8614.3,8649,25044,0
20241217,180000,8649,8684.1,8642,8668.1,26417,0
20241217,190000,8667,8743,8667,8692,29056,0
20241217,200000,8693,8748.5,8693,8727.2,19303,0
20241217,210000,8727.1,8796,8725.7,8741.9,35925,0
20241217,220000,8741.9,8750.1,8727.6,8736.6,7760,0
20241217,230000,8738.4,8746.9,8733,8744,6019,0
20241218,100000,8739.5,8750,8661.9,8680.3,90950,0
20241218,110000,8680.3,8684.4,8612.4,8644.2,69909,0
20241218,120000,8643.7,8644.1,8602.6,8622.6,35638,0
20241218,130000,8622.6,8654,8610,8651.9,17327,0
20241218,140000,8648.3,8690.9,8625.5,8662.9,35109,0
20241218,150000,8664,8666.4,8627.5,8644,27259,0
20241218,160000,8644,8658.1,8615.3,8657.8,20157,0
20241218,170000,8657.9,8661.3,8619.4,8637.5,14087,0
20241218,180000,8634.5,8657.9,8626.6,8657.9,11266,0
20241218,190000,8655,8679.7,8616,8668.1,22886,0
20241218,200000,8665.9,8668.1,8649.8,8659.9,5417,0
20241218,210000,8660,8660.7,8632,8647.7,7383,0
20241218,220000,8646.7,8657.9,8523.1,8549.8,57672,0
20241218,230000,8543.2,8568.4,8510,8560,37387,0
20241219,100000,8598.8,8636,8572,8586.8,56287,0
20241219,110000,8587.6,8593.9,8556.1,8593.9,37057,0
20241219,120000,8593.9,8605.1,8577.1,8583.8,23176,0
20241219,130000,8583.5,8613.5,8581.3,8601.5,14280,0
20241219,140000,8602.8,8630,8593,8607.5,24823,0
20241219,150000,8607.3,8609.9,8556.1,8559.4,31993,0
20241219,160000,8558.1,8571.1,8526.7,8531.9,41361,0
20241219,170000,8532.2,8570,8527.7,8530,20784,0
20241219,180000,8530.1,8550.5,8501.9,8535,24716,0
20241219,190000,8531.1,8603.9,8526.3,8570.1,16704,0
20241219,200000,8570.1,8583.6,8552,8559.2,6130,0
20241219,210000,8559.2,8576.3,8556.3,8571.2,6076,0
20241219,220000,8571.2,8593.9,8571,8585.9,7268,0
20241219,230000,8585.2,8600,8575.9,8589.4,5189,0
20241220,100000,8589,8595.5,8512,8546.6,44735,0
20241220,110000,8546.4,8554.8,8503.4,8506.2,22114,0
20241220,120000,8508.2,8544.2,8501.3,8543.7,14810,0
20241220,130000,8544.2,8599.7,8539.1,8577.9,33536,0
20241220,140000,8578.6,8580,8531.5,8546.8,32683,0
20241220,150000,8546.7,8580.9,8540,8566.6,18907,0
20241220,160000,8566.6,8616.9,8553.5,8605.5,29782,0
20241220,170000,8606.9,8670,8589,8611.4,43483,0
20241220,180000,8612.9,8687.1,8608.7,8658.5,35611,0
20241220,190000,8665.5,8705,8643.6,8645.4,19721,0
20241220,200000,8645.9,8679.1,8635,8668.3,12386,0
20241220,210000,8667.6,8690,8664.3,8687,4519,0
20241220,220000,8687.1,8698,8675.5,8677,7950,0
20241220,230000,8677.3,8677.4,8651.6,8660,9277,0
