20251217,080000,10924,10924,10924,10924,253,0
20251217,090000,10922.5,10954.3,10898,10922.7,21556,0
20251217,100000,10923,10950,10911.6,10949.6,41678,0
20251217,110000,10948.9,10955,10930.6,10948.7,31819,0
20251217,120000,10948,10965,10935.1,10955.9,28486,0
20251217,130000,10956.8,10974.5,10923,10927.1,47352,0
20251217,140000,10928.8,10946.4,10918.8,10921.9,19879,0
20251217,150000,10921.6,10937.7,10915.3,10930.8,20124,0
20251217,160000,10934.8,10967.8,10928.7,10966,32020,0
20251217,170000,10966,10967.7,10923.1,10961.8,45145,0
20251217,180000,10961.9,11000,10952.3,10990,66085,0
20251217,190000,10984.3,11000,10969,10990.1,16844,0
20251217,200000,10990.1,11000,10981.6,10998.3,10587,0
20251217,210000,10998.3,11000,10984.5,10987.5,8546,0
20251217,220000,10987.7,10996.3,10972,10990.4,11508,0
20251217,230000,10990.7,11052.6,10973.5,10998.8,15022,0
20251218,080000,10998,10998,10998,10998,516,0
20251218,090000,10997.7,10998.8,10974.5,10984.2,11356,0
20251218,100000,10984.1,10991.1,10951,10970.9,55266,0
20251218,110000,10971.7,10975,10940,10945.2,62944,0
20251218,120000,10945,10956.9,10941.1,10954,24895,0
20251218,130000,10952.8,10961.2,10943,10947.4,27895,0
20251218,140000,10948.1,10957.7,10941.4,10954.8,11374,0
20251218,150000,10953.3,10954.6,10937,10943.7,7986,0
20251218,160000,10943.2,10974.8,10926.8,10967.7,41529,0
20251218,170000,10966.8,10997.7,10944.3,10994.9,73907,0
20251218,180000,10996.8,11027.6,10996.8,11015.3,43866,0
20251218,190000,11015.3,11129.4,11015,11098,66270,0
20251218,200000,11098,11108.7,11056.1,11072,43843,0
20251218,210000,11070.7,11092.5,11060.5,11069.5,9253,0
20251218,220000,11071.9,11073.5,11044.7,11046.2,8359,0
20251218,230000,11048.9,11094.3,11045.9,11079.3,7524,0
20251219,080000,11046.3,11046.3,11046.3,11046.3,121,0
20251219,090000,11069.8,11099.7,11030.9,11076.3,12334,0
20251219,100000,11076,11100,11044.7,11076.5,87595,0
20251219,110000,11076.5,11079,11000.6,11002.9,52696,0
20251219,120000,11003.3,11024.9,10991.5,10993.2,43803,0
20251219,130000,10992.2,11008.9,10960,11003.8,60712,0
20251219,140000,11006.4,11018.3,10978.6,10989.8,23976,0
20251219,150000,10989.8,10993,10937.6,10959.4,61501,0
20251219,160000,10960.1,10992.7,10946.8,10959,28353,0
20251219,170000,10960,10975.3,10915.9,10952.7,48376,0
20251219,180000,10950.2,10974.8,10931.6,10963.9,33973,0
20251219,190000,10971.8,11017.7,10963.8,10999.5,15863,0
20251219,200000,10999,11028.5,10984.6,11013.5,14981,0
20251219,210000,11013.5,11017.9,10980.2,10984.6,10298,0
20251219,220000,10984.5,11005.1,10982.5,10992,4939,0
20251219,230000,10992.5,11000,10972.1,11000,5971,0
20251220,090000,10981,10981,10981,10981,6,0
20251220,100000,10981,11017,10966.4,11009.1,1674,0
20251220,110000,11009,11015,11002.8,11014.8,1273,0
20251220,120000,11014.7,11014.9,11012.3,11013.7,702,0
20251220,130000,11013.7,11015,11011.8,11011.8,833,0
20251220,140000,11012,11022.5,11012,11020,1570,0
20251220,150000,11019.9,11025,11014,11018.5,1288,0
20251220,160000,11018.5,11029.9,11012.1,11018.6,733,0
20251220,170000,11018.4,11018.4,11013.7,11014,89,0
20251220,180000,11015.8,11016,11013.6,11013.6,181,0
20251221,100000,11014.4,11040.1,11014.4,11032.8,992,0
20251221,110000,11032,11032.9,11021.4,11023.9,371,0
20251221,120000,11023.9,11029.6,11015.7,11022.1,794,0
20251221,130000,11026.3,11026.5,11017.6,11018.4,563,0
20251221,140000,11024.5,11025,11014.9,11024.1,534,0
20251221,150000,11018.4,11018.4,11002.3,11008.5,1885,0
20251221,160000,11003.1,11018.1,11003.1,11009,193,0
20251221,170000,11009,11022,11008.8,11015.8,419,0
20251221,180000,11015.3,11018.5,11012.1,11018.5,269,0
20251222,080000,11142,11142,11142,11142,2397,0
20251222,090000,11133.5,11151.6,11081.7,11118.9,27201,0
20251222,100000,11118.8,11127.5,11063,11096.8,64291,0
20251222,110000,11097.1,11106,10990,11001.5,74000,0
20251222,120000,11001.4,11036.7,10985,11030.6,63689,0
20251222,130000,11030.4,11032.8,10982.1,10985,26817,0
20251222,140000,10990,11026,10971.7,11017.4,19724,0
20251222,150000,11017,11028,10998,11017,15397,0
20251222,160000,11016.6,11047,11010,11043.4,43021,0
20251222,170000,11043,11045.4,10965.7,10968.9,46817,0
20251222,180000,10968.6,11015,10965.5,11006.1,16265,0
20251222,190000,11008.5,11047,10998.3,11035.1,12091,0
20251222,200000,11034.1,11042.5,11030,11034.5,3946,0
20251222,210000,11030.8,11039.7,11012.6,11031,4227,0
20251222,220000,11028.4,11032,11019.6,11031.6,4880,0
20251222,230000,11031.9,11040,11024.6,11040,3209,0
20251223,080000,11103,11103,11103,11103,719,0
20251223,090000,11103,11129,11054.1,11091.9,32832,0
20251223,100000,11092.8,11145,11085.1,11118.4,72039,0
20251223,110000,11117.1,11121,11052.5,11058.9,57225,0
20251223,120000,11060.8,11072.4,11021.3,11060,49362,0
20251223,130000,11061.2,11080.2,11053.4,11075.5,16323,0
20251223,140000,11075.1,11086,11040,11077.7,26746,0
20251223,150000,11075.2,11078.2,11031,11048,28680,0
20251223,160000,11049.1,11073,11014,11028,42463,0
20251223,170000,11029.2,11031.3,10964.4,10979.8,85074,0
20251223,180000,10977.4,11013.1,10927.5,11008,47974,0
20251223,190000,11008.1,11049.7,11007.9,11047.4,26416,0
20251223,200000,11044.9,11059.7,11020.6,11037.1,9448,0
20251223,210000,11040.1,11054,11031,11054,4656,0
20251223,220000,11054.8,11092.1,11054.5,11070,11771,0
20251223,230000,11069.6,11090,11069.6,11090,4021,0
20251224,080000,11089,11089,11089,11089,81,0
20251224,090000,11089,11100,11060,11078.5,14936,0
20251224,100000,11078.4,11089.9,11033,11033,51020,0
20251224,110000,11033.1,11068.2,11020.6,11046.6,35762,0
20251224,120000,11046.6,11118,11045,11099.1,43991,0
20251224,130000,11099.1,11145,11087,11116.3,42733,0
20251224,140000,11106,11159,11104.5,11158.1,27696,0
20251224,150000,11158,11187,11155,11159.7,40142,0
20251224,160000,11157.1,11173.6,11099.7,11113.3,47466,0
20251224,170000,11111.4,11116.4,11036.8,11044.6,58793,0
20251224,180000,11041.2,11072.1,11030,11032,30224,0
20251224,190000,11042.5,11100,11042.5,11086.5,15396,0
20251224,200000,11086.8,11104.7,11081.8,11083.4,11838,0
20251224,210000,11082.1,11089.9,11069.1,11076.9,4626,0
20251224,220000,11076.8,11086.2,11075,11083.2,3322,0
20251224,230000,11082.9,11088,11078,11081.3,2998,0
20251225,080000,11087,11087,11087,11087,1,0
20251225,090000,11081,11087,11042.9,11047.2,11634,0
20251225,100000,11048,11060.4,10985.1,11017.2,54167,0
20251225,110000,11017.6,11023,10994.3,11018.5,15146,0
20251225,120000,11016.6,11023,10994.2,11002.6,20907,0
20251225,130000,11004.8,11033.7,10992.1,11007.6,17550,0
20251225,140000,11010,11032.5,10992.7,11024.6,18332,0
20251225,150000,11023.2,11033.3,10995.7,11008.3,23612,0
20251225,160000,11006,11020.3,10991.7,11000,31225,0
20251225,170000,11000,11013.3,10995.4,11004.4,25553,0
20251225,180000,11006.8,11010.5,10992.9,10997.6,12157,0
20251225,190000,10999.9,11014.5,10992.6,10997,7548,0
20251225,200000,10997.8,11009.6,10995.5,11001.5,4273,0
20251225,210000,11000.7,11018.5,10995.5,11017,5770,0
20251225,220000,11017,11018,11008,11015,2083,0
20251225,230000,11014.9,11024,11014.5,11024,1583,0
20251226,080000,11031.5,11031.5,11031.5,11031.5,112,0
20251226,090000,11032,11100,11031,11047.6,26537,0
20251226,100000,11047.6,11100,11026.2,11091.8,50218,0
20251226,110000,11092,11132.2,11074,11099.1,54180,0
20251226,120000,11099.2,11103.9,11019.4,11037.4,45698,0
20251226,130000,11036.1,11067.8,11029.4,11053.3,24236,0
20251226,140000,11054.7,11057.2,11030.5,11042.5,26581,0
20251226,150000,11040.8,11064.3,11024.7,11035.8,23427,0
20251226,160000,11035.2,11047,11001.5,11036.2,32492,0
20251226,170000,11036.7,11062.4,11033.3,11049.7,39053,0
20251226,180000,11053,11099.7,11050.7,11091.5,30727,0
20251226,190000,11093.3,11113.7,11063.6,11078.3,14749,0
20251226,200000,11076,11082.7,11037.4,11054.6,15149,0
20251226,210000,11054.5,11077.5,11049.8,11065.4,8351,0
20251226,220000,11065,11078.5,11054.2,11060.9,6368,0
20251226,230000,11059,11076.8,11057.6,11074.8,6368,0
20251227,090000,11075,11075,11075,11075,11,0
20251227,100000,11075,11102,11045,11067,1558,0
20251227,110000,11073.4,11090,11066.8,11082,1886,0
20251227,120000,11089.1,11090,11078,11081.4,403,0
20251227,130000,11081.4,11086,11076.3,11083.3,829,0
20251227,140000,11083.3,11085.9,11079.3,11084.8,1061,0
20251227,150000,11084.8,11085.9,11080,11082.7,689,0
20251227,160000,11082.6,11086,11082.6,11085.9,218,0
20251227,170000,11085.8,11086,11080,11083,262,0
20251227,180000,11084.9,11086,11080,11085.9,461,0
20251228,090000,11080,11080,11080,11080,6,0
20251228,100000,11080,11102,11076.5,11100,2036,0
20251228,110000,11100,11120,11088.6,11111.6,3236,0
20251228,120000,11113,11120,11107.2,11109,767,0
20251228,130000,11109,11114.5,11109,11110.9,369,0
20251228,140000,11110.9,11121,11109.1,11121,2546,0
20251228,150000,11118.6,11127.4,11110,11126,1242,0
20251228,160000,11126,11128.7,11110,11110,1020,0
20251228,170000,11116.4,11121,11110,11119.8,1995,0
20251228,180000,11119.7,11121,11115.1,11120,1560,0
20251229,080000,11068.9,11068.9,11068.9,11068.9,749,0
20251229,090000,11068.5,11084.4,10951.5,10976.7,45600,0
20251229,100000,10976.5,10989.2,10911.4,10965.1,85196,0
20251229,110000,10965.6,10994.7,10889.7,10913.5,64698,0
20251229,120000,10913.3,10983,10908.7,10961.7,27068,0
20251229,130000,10963.7,10977,10940.2,10943,32365,0
20251229,140000,10943.2,10963.4,10919,10938,43025,0
20251229,150000,10943.9,11016,10943.9,11014.3,23497,0
20251229,160000,11012.9,11024.8,10890,10910.1,55296,0
20251229,170000,10910.5,10910.5,10786.7,10792,111194,0
20251229,180000,10790,10790,10662.1,10736,86786,0
20251229,190000,10744.4,10889.9,10698.8,10790.8,59192,0
20251229,200000,10790.9,10795.2,10723.7,10765.8,16484,0
20251229,210000,10765.9,10782,10742.1,10765,8840,0
20251229,220000,10770.5,10777.1,10750.8,10777.1,4101,0
20251229,230000,10774,10799.9,10758.1,10781.1,4127,0
20251230,080000,10854,10854,10854,10854,336,0
20251230,090000,10854,10878,10805.1,10816.2,17028,0
20251230,100000,10810.9,10940.4,10784.2,10923.1,52684,0
20251230,110000,10922,10924.9,10833,10870,35202,0
20251230,120000,10868.9,10890,10849,10859.2,22005,0
20251230,130000,10858,10940,10855.7,10927,22949,0
20251230,140000,10930.1,10998.5,10924,10993.6,34141,0
20251230,150000,10997.2,11073.1,10992.3,11062.3,36652,0
20251230,160000,11063,11081.9,11006.9,11080,48758,0
20251230,170000,11077.9,11088.9,10968.6,10978.6,40728,0
20251230,180000,10981.5,11028.8,10975,11005,12782,0
20251230,190000,11002,11047.4,10990.3,11044.8,10630,0
20251230,200000,11044.8,11057.9,11015.1,11022.9,7236,0
20251230,210000,11020.7,11040.7,11004.5,11010.8,6239,0
20251230,220000,11010.8,11019.2,10944.6,10976.7,13812,0
20251230,230000,10974.1,11000,10950.1,10963,7896,0
20260105,080000,11060,11060,11060,11060,530,0
20260105,090000,11060,11193.1,11057.1,11170.4,35443,0
20260105,100000,11172,11318.6,11164,11318.6,57413,0
20260105,110000,11318.6,11325.6,11268,11308.2,48527,0
20260105,120000,11308.2,11347.4,11302,11307.2,28246,0
20260105,130000,11307.3,11334,11289.4,11326.6,14038,0
20260105,140000,11317.6,11321.3,11258.4,11270.5,16129,0
20260105,150000,11270,11284.5,11239,11262,17191,0
20260105,160000,11264.3,11294.5,11243,11291.1,12438,0
20260105,170000,11293.9,11339.7,11292,11334,16871,0
20260105,180000,11334,11383,11334,11348.8,25126,0
20260105,190000,11360,11405.9,11340.6,11376,20589,0
20260105,200000,11374.1,11388.8,11351.1,11376.7,10669,0
20260105,210000,11375.8,11389.5,11371.1,11389.4,2723,0
20260105,220000,11389.4,11397.4,11368.5,11375.4,5679,0
20260105,230000,11373.1,11396.9,11370.5,11392.2,3114,0
20260106,080000,11399.9,11399.9,11399.9,11399.9,533,0
20260106,090000,11396.3,11460,11380,11456.3,16822,0
20260106,100000,11455,11468.1,11358.1,11382.9,39314,0
20260106,110000,11381,11428,11366.6,11402.7,15992,0
20260106,120000,11400,11400,11347.4,11359.2,18766,0
20260106,130000,11357.6,11404.6,11349.4,11387.6,23178,0
20260106,140000,11384.4,11400,11362,11391.5,8361,0
20260106,150000,11392.1,11398.7,11352.9,11388.5,10563,0
20260106,160000,11384.9,11393.1,11346.1,11382.3,10334,0
20260106,170000,11383,11411.1,11365,11384,19679,0
20260106,180000,11382.1,11392,11342.6,11366,15087,0
20260106,190000,11367,11396.9,11353.4,11393,6255,0
20260106,200000,11394.8,11399.9,11384.7,11396.3,3129,0
20260106,210000,11394.7,11401.8,11384.7,11401.8,2817,0
20260106,220000,11397.9,11400.6,11377.3,11390.1,2264,0
20260106,230000,11390.8,11419,11390.8,11409.1,3437,0
20260108,080000,11293,11293,11293,11293,1244,0
20260108,090000,11291,11308.4,11218,11282.3,27037,0
20260108,100000,11278.4,11316.1,11231.9,11300.9,39390,0
20260108,110000,11305.9,11326.5,11276.9,11311.3,13448,0
20260108,120000,11312.4,11327.5,11278.2,11311.2,17811,0
20260108,130000,11311.5,11313.5,11276.4,11277.9,8725,0
20260108,140000,11277.4,11279.2,11241.8,11264.5,11903,0
20260108,150000,11264.5,11270.9,11218,11256.6,17775,0
20260108,160000,11257.7,11264,11210,11210.3,13403,0
20260108,170000,11210,11258.7,11190.8,11243,16301,0
20260108,180000,11242,11288,11224.7,11279.5,13799,0
20260108,190000,11278.6,11340,11278.6,11338.4,11896,0
20260108,200000,11338.6,11345.1,11316.3,11326.8,5677,0
20260108,210000,11327,11331.1,11287.8,11293.9,5092,0
20260108,220000,11295,11304.9,11281,11299.4,3398,0
20260108,230000,11300.8,11374.1,11300.8,11353,4391,0
20260109,080000,11333,11333,11333,11333,17,0
20260109,090000,11332,11365.5,11316.2,11348.5,7137,0
20260109,100000,11350,11354.8,11275,11294,24306,0
20260109,110000,11292.5,11311.8,11252,11266.4,26790,0
20260109,120000,11265.6,11274.8,11240.2,11267.4,11889,0
20260109,130000,11265.5,11281.5,11259.3,11271.7,4231,0
20260109,140000,11274.2,11281.5,11254.4,11271.6,6311,0
20260109,150000,11271.7,11276.4,11233,11256.1,9953,0
20260109,160000,11257.3,11294.5,11232.9,11284.5,32942,0
20260109,170000,11283.2,11312,11266,11292.7,18136,0
20260109,180000,11295.9,11340,11281.5,11331.5,13064,0
20260109,190000,11327.2,11339.8,11310.1,11329.9,10106,0
20260109,200000,11332.7,11335.4,11278.2,11287,6180,0
20260109,210000,11285.3,11333,11282.2,11315.9,3940,0
20260109,220000,11315.9,11327.6,11307,11311.2,3061,0
20260109,230000,11311.1,11326.3,11307,11310,4126,0
20260112,080000,11466.1,11466.1,11466.1,11466.1,1574,0
20260112,090000,11466.1,11520,11417,11484.7,44082,0
20260112,100000,11484.6,11620.8,11477.2,11600.5,94019,0
20260112,110000,11601,11612.9,11575.5,11599.5,31452,0
20260112,120000,11599.5,11600.5,11570,11583.6,23307,0
20260112,130000,11585.2,11599.4,11564.1,11568.5,23783,0
20260112,140000,11568.4,11573.4,11546.1,11565,17284,0
20260112,150000,11565,11590,11544.1,11584.3,27476,0
20260112,160000,11586,11653.8,11580.1,11649.9,42908,0
20260112,170000,11650,11651.1,11585,11613.3,37541,0
20260112,180000,11613.3,11669,11613.3,11659.4,20513,0
20260112,190000,11661,11677.4,11633.3,11657.4,14002,0
20260112,200000,11654.2,11667.5,11645,11663,5621,0
20260112,210000,11660.5,11665.7,11630.8,11643.8,6266,0
20260112,220000,11643.7,11669,11638.7,11659.8,3606,0
20260112,230000,11658.1,11659.2,11621,11622.2,7879,0
20260113,080000,11620,11620,11620,11620,65,0
20260113,090000,11620,11629.8,11575.2,11603.3,16995,0
20260113,100000,11603.4,11615,11523.1,11541.9,58489,0
20260113,110000,11540,11580,11534.3,11579.2,36556,0
20260113,120000,11578.2,11609.8,11574.3,11590.3,41051,0
20260113,130000,11590.3,11594.9,11568,11594.8,19357,0
20260113,140000,11595,11595,11569.3,11570.1,12144,0
20260113,150000,11572,11581.9,11547,11579.3,19621,0
20260113,160000,11579.6,11609.9,11560.4,11591,36683,0
20260113,170000,11588.1,11645.8,11579.4,11638.2,37907,0
20260113,180000,11640,11649.1,11594.1,11613.2,19301,0
20260113,190000,11624.9,11667,11587.6,11629,8891,0
20260113,200000,11629.3,11635,11561,11567.5,8027,0
20260113,210000,11567.1,11598,11560,11583.2,10103,0
20260113,220000,11582.8,11599,11562,11593.7,5685,0
20260113,230000,11592.4,11592.4,11529.6,11558.9,13468,0
20260114,080000,11630,11630,11630,11630,237,0
20260114,090000,11622.1,11677.1,11619,11676.7,21722,0
20260114,100000,11676.8,11699.1,11633.9,11645.2,39593,0
20260114,110000,11645.5,11650.8,11600.9,11622.8,36236,0
20260114,120000,11620.1,11640,11608.6,11632.3,21954,0
20260114,130000,11631.6,11642.5,11601,11609.6,14568,0
20260114,140000,11611,11619.7,11594,11611.4,16364,0
20260114,150000,11612.2,11635.9,11612.2,11635.8,14445,0
20260114,160000,11634.7,11634.7,11596,11606.5,27234,0
20260114,170000,11604.9,11613.3,11552.7,11573.8,36865,0
20260114,180000,11573,11587.8,11541.2,11552,26723,0
20260114,190000,11551.9,11577.5,11545,11566.4,6759,0
20260114,200000,11566.7,11575.1,11540.3,11569.6,4773,0
20260114,210000,11569.5,11605.3,11564.4,11605,5461,0
20260114,220000,11605,11620,11578.5,11599.3,7311,0
20260114,230000,11597.2,11607.3,11572.1,11581,6064,0
20260115,080000,11535,11535,11535,11535,369,0
20260115,090000,11534.8,11586,11500.8,11573.8,23818,0
20260115,100000,11573.7,11585.9,11510,11526.8,34580,0
20260115,110000,11526.6,11563.6,11519,11559.9,23146,0
20260115,120000,11560.3,11589.9,11549.1,11587.5,29244,0
20260115,130000,11587.8,11627,11578.7,11623,24935,0
20260115,140000,11623.3,11653.3,11618.2,11646.1,34135,0
20260115,150000,11646.1,11648.7,11610.8,11613.9,35428,0
20260115,160000,11613.9,11613.9,11535,11542,55706,0
20260115,170000,11540.8,11543.8,11473.4,11534,99160,0
20260115,180000,11534.2,11554.1,11524,11531.9,23948,0
20260115,190000,11532.1,11568.3,11515,11522.2,11791,0
20260115,200000,11523.6,11549.2,11519.6,11540.2,5444,0
20260115,210000,11540.9,11560,11530,11546.2,6960,0
20260115,220000,11547.3,11558.6,11533.8,11539.9,5609,0
20260115,230000,11542.6,11542.6,11517,11529.6,3079,0
20260116,080000,11530,11530,11530,11530,11,0
20260116,090000,11535,11537.9,11459,11471,20453,0
20260116,100000,11471.1,11528,11456.5,11504.7,48865,0
20260116,110000,11505.3,11511.8,11484.7,11488.6,19786,0
20260116,120000,11488.6,11510.8,11482.2,11487,18866,0
20260116,130000,11488,11502,11484,11487,12887,0
20260116,140000,11488.3,11523.8,11484,11521.3,13348,0
20260116,150000,11521.6,11527.9,11503.6,11510.4,10832,0
20260116,160000,11511.8,11520.8,11477.2,11519.6,46145,0
20260116,170000,11520.9,11558,11501.1,11546.7,33557,0
20260116,180000,11548.9,11568.3,11392.9,11458.3,70813,0
20260116,190000,11469.9,11519.2,11469.9,11502,18490,0
20260116,200000,11501.9,11504,11468.3,11479,5256,0
20260116,210000,11479,11495.9,11475,11477.6,9551,0
20260116,220000,11477.7,11498.1,11475.1,11496.8,3819,0
20260116,230000,11497.4,11504,11480.3,11485.2,4645,0
20260117,090000,11496.1,11496.1,11496.1,11496.1,90,0
20260117,100000,11497.5,11506,11482.4,11493.5,594,0
20260117,110000,11493.3,11494.7,11489.4,11494,261,0
20260117,120000,11494,11495.8,11486.1,11495,386,0
20260117,130000,11495,11495.8,11488,11492.4,263,0
20260117,140000,11491.9,11492.4,11488,11488,619,0
20260117,150000,11491.7,11492.5,11489.5,11492.5,82,0
20260117,160000,11492.5,11495.8,11488.6,11492.3,108,0
20260117,170000,11492.3,11502,11492.2,11497.2,2829,0
20260117,180000,11497.6,11550,11493.4,11525,1595,0
20260118,090000,11525,11525,11525,11525,6,0
20260118,100000,11530,11552,11476.6,11520,5717,0
20260118,110000,11520,11524.9,11516,11518.5,863,0
20260118,120000,11520.7,11528.8,11518.4,11518.9,551,0
20260118,130000,11528,11540,11517.7,11531.8,683,0
20260118,140000,11529.6,11537,11528.3,11530.5,245,0
20260118,150000,11530.5,11534.9,11507.1,11524.2,863,0
20260118,160000,11528.1,11528.9,11523.2,11523.7,131,0
20260118,170000,11528.7,11540.5,11526.6,11539.5,1035,0
20260118,180000,11539.8,11540.7,11526.4,11532.4,976,0
20260119,080000,11648,11648,11648,11648,906,0
20260119,090000,11648,11742,11626,11730.3,56118,0
20260119,100000,11730.3,11734,11645,11645.4,64210,0
20260119,110000,11646.3,11677.1,11643.1,11662.5,33056,0
20260119,120000,11661.4,11674.9,11658.7,11660.9,18283,0
20260119,130000,11661.6,11664.6,11627.6,11640.4,29399,0
20260119,140000,11633.6,11642.5,11620.8,11633.6,21224,0
20260119,150000,11632.4,11663.8,11632.4,11657.4,16967,0
20260119,160000,11657.4,11664.3,11630.1,11641.3,14990,0
20260119,170000,11642.9,11648.5,11619.6,11635.2,14853,0
20260119,180000,11636.9,11655,11630.7,11649.4,11365,0
20260119,190000,11654.3,11664,11645.3,11655.1,5382,0
20260119,200000,11655,11657.7,11646.7,11655.5,2948,0
20260119,210000,11657.3,11663.4,11653.9,11658,4146,0
20260119,220000,11659,11661.2,11636.6,11642.3,4130,0
20260119,230000,11642.5,11665,11639.4,11663.8,4450,0
20260120,080000,11708.2,11708.2,11708.2,11708.2,3469,0
20260120,090000,11708.5,11752.1,11707.9,11735.1,45952,0
20260120,100000,11735,11773.5,11717.4,11770.5,74830,0
20260120,110000,11770.5,11797.3,11766.8,11791,46522,0
20260120,120000,11791.1,11825.3,11782,11814.4,44637,0
20260120,130000,11814.7,11834.4,11811,11816,38413,0
20260120,140000,11820,11820.7,11808.1,11812.4,18406,0
20260120,150000,11812.5,11812.9,11781.5,11797.5,22841,0
20260120,160000,11797.9,11813.6,11775.1,11812.5,21693,0
20260120,170000,11812.5,11839.7,11794.5,11817.4,40557,0
20260120,180000,11816,11837.5,11782.7,11806.2,31911,0
20260120,190000,11800,11850,11790.2,11847.8,11387,0
20260120,200000,11845.6,11856.7,11824.8,11854.8,11430,0
20260120,210000,11855.6,11864.2,11845.6,11854.1,10360,0
20260120,220000,11854.3,11869,11848,11858.2,10232,0
20260120,230000,11863.4,11868.6,11832.7,11860.9,9568,0
20260121,080000,12099.1,12099.1,12099.1,12099.1,1780,0
20260121,090000,12100,12230,12090,12134,127889,0
20260121,100000,12132.3,12133.3,11750.1,12035.9,146118,0
20260121,110000,12035,12095,12030.4,12050.8,44748,0
20260121,120000,12050.4,12085.2,12037.5,12073.9,31378,0
20260121,130000,12074.1,12081.2,12048.1,12053.5,32255,0
20260121,140000,12050,12056,12018,12031.7,27403,0
20260121,150000,12031.9,12057.8,12010.4,12027,23246,0
20260121,160000,12027,12044,12011.2,12019.5,25677,0
20260121,170000,12023.5,12026.2,11927.3,11950,65481,0
20260121,180000,11950.4,11966,11832,11879,58717,0
20260121,190000,11884.8,11909,11818.5,11859.2,25807,0
20260121,200000,11855.9,11855.9,11786.1,11850,27869,0
20260121,210000,11849,11905.9,11825,11905.9,19518,0
20260121,220000,11905.9,11931.6,11697.3,11750,63067,0
20260121,230000,11749.6,11840,11719.3,11816,26724,0
20260122,080000,11838,11838,11838,11838,147,0
20260122,090000,11838,11846,11790.4,11818.3,23266,0
20260122,100000,11818.3,11838.2,11751.3,11760.7,45492,0
20260122,110000,11761.2,11771.7,11705.7,11725,47751,0
20260122,120000,11724.9,11760.5,11717,11729.5,36742,0
20260122,130000,11728.2,11734.9,11688,11720.3,44275,0
20260122,140000,11722.8,11771.8,11711.1,11760.9,37316,0
20260122,150000,11760.2,11771,11738.8,11740.9,15933,0
20260122,160000,11738.8,11760,11720,11731.9,20621,0
20260122,170000,11732.1,11778,11731.4,11750,34856,0
20260122,180000,11748.4,11822.1,11737,11793.3,30107,0
20260122,190000,11800,11862,11800,11846,24268,0
20260122,200000,11847.2,11915.2,11826.8,11908.8,16556,0
20260122,210000,11905.9,11932,11895.3,11921.8,16127,0
20260122,220000,11923.1,11951,11900,11918.4,17440,0
20260122,230000,11918.2,11962,11915.9,11940,17103,0
20260123,080000,12003,12003,12003,12003,316,0
20260123,090000,12003,12034.4,11961.3,11995,29114,0
20260123,100000,11995.3,12058.7,11995.3,12025.9,41442,0
20260123,110000,12026.7,12044.1,11923.9,11927.9,74905,0
20260123,120000,11927.9,11957.9,11900.1,11937,71866,0
20260123,130000,11938,11974.4,11927,11973.8,18281,0
20260123,140000,11969.9,11974.9,11931.7,11941.6,14743,0
20260123,150000,11939.9,12001.9,11936.6,11999.5,22129,0
20260123,160000,11997.4,12010.7,11964,12003.6,20894,0
20260123,170000,12003.6,12023,11988.8,11992.2,21776,0
20260123,180000,11993.9,12023.5,11988.5,12021.3,17434,0
20260123,190000,12021.3,12047,11950,12041.3,32384,0
20260123,200000,12040.3,12059,11978.4,11989.9,19993,0
20260123,210000,11988.6,12042,11980,11995,11641,0
20260123,220000,11994.6,12034,11993.4,12026.2,5838,0
20260123,230000,12030,12034,12002.2,12030,9952,0
20260124,090000,12033,12033,12033,12033,2,0
20260124,100000,12033,12054,12011.4,12046.2,2028,0
20260124,110000,12047.2,12060,12045.9,12055.5,1630,0
20260124,120000,12055,12084,12048,12068.1,4663,0
20260124,130000,12058.9,12080,12053.4,12077,1669,0
20260124,140000,12074.4,12075,12055.5,12071.4,1023,0
20260124,150000,12066.7,12074,12058,12058.1,906,0
20260124,160000,12059.2,12072.5,12058,12058.9,1059,0
20260124,170000,12059.2,12059.2,12053.4,12054.3,821,0
20260124,180000,12054.2,12070,12046,12070,1068,0
20260125,090000,12070,12070,12070,12070,14,0
20260125,100000,12071,12092,12051,12080,1965,0
20260125,110000,12080,12080,12060,12065,796,0
20260125,120000,12073.5,12079.3,12050,12070.5,1321,0
20260125,130000,12063.1,12080,12060,12079.4,964,0
20260125,140000,12076.5,12079.4,12072.2,12075.6,374,0
20260125,150000,12078.8,12079.9,12066.1,12077.7,685,0
20260125,160000,12076.7,12079.9,12067.6,12074.1,256,0
20260125,170000,12074.1,12079.8,12069,12073.8,431,0
20260125,180000,12073.8,12080,12070.5,12080,2131,0
20260126,080000,12199,12199,12199,12199,1565,0
20260126,090000,12199.9,12383.5,12170,12297.2,121062,0
20260126,100000,12297.2,12318.4,12268.1,12285.2,94237,0
20260126,110000,12282.4,12389,12282.4,12353.6,62736,0
20260126,120000,12352.3,12428.2,12350.6,12407,71904,0
20260126,130000,12408,12443.3,12394,12428.1,54312,0
20260126,140000,12429,12436.4,12401,12426.2,26032,0
20260126,150000,12426.7,12439,12403.8,12418.3,28416,0
20260126,160000,12419.8,12431.7,12361.6,12406.4,50747,0
20260126,170000,12404.2,12474.9,12382.6,12468,58052,0
20260126,180000,12468,12513.7,12444,12478.7,59020,0
20260126,190000,12478.7,12542.4,12463.9,12518.4,32480,0
20260126,200000,12523.3,12540.1,12489,12535,19022,0
20260126,210000,12534.9,12535.4,12425,12454.3,29985,0
20260126,220000,12451,12451,12313.3,12347.4,66085,0
20260126,230000,12347.6,12440,12343.2,12415.1,16411,0
20260127,080000,12458.1,12458.1,12458.1,12458.1,101,0
20260127,090000,12458.1,12538,12455.7,12497.6,31684,0
20260127,100000,12497.5,12525.1,12430.3,12455.5,51580,0
20260127,110000,12455.4,12470.2,12404,12424.5,34520,0
20260127,120000,12423.2,12476.2,12414,12455.1,23858,0
20260127,130000,12457.7,12457.7,12416.5,12438.4,29497,0
20260127,140000,12438.2,12456.5,12400.4,12424,21882,0
20260127,150000,12422.9,12453.4,12414.2,12436.1,20729,0
20260127,160000,12437.5,12455.4,12384.8,12396.8,30757,0
20260127,170000,12396.7,12396.7,12311,12330.6,63735,0
20260127,180000,12335.8,12400.6,12320,12382,27473,0
20260127,190000,12387,12447,12378.3,12399.6,21469,0
20260127,200000,12399.3,12421.9,12380.5,12392.5,11094,0
20260127,210000,12397.2,12427.5,12377,12405.6,8638,0
20260127,220000,12405.1,12439,12391.7,12434.2,7282,0
20260127,230000,12434.3,12599.1,12432.8,12580.8,39978,0
20260128,080000,12761,12761,12761,12761,2121,0
20260128,090000,12764,12886.5,12736.5,12794.5,83637,0
20260128,100000,12795.8,12906.2,12771.2,12900,77230,0
20260128,110000,12897.6,12932.7,12855.1,12890.3,85611,0
20260128,120000,12891.8,12899.4,12836.1,12869.2,40536,0
20260128,130000,12869.9,12891,12853.2,12862.7,23930,0
20260128,140000,12864.3,12888,12774.4,12883.5,75329,0
20260128,150000,12885.8,12917.4,12858.6,12917.3,40142,0
20260128,160000,12917.3,12934.8,12876.5,12890.6,56984,0
20260128,170000,12894.6,12920,12850,12919,40645,0
20260128,180000,12919.9,12938.4,12819.1,12915.8,72925,0
20260128,190000,12916.6,12945.2,12905.9,12945.2,22524,0
20260128,200000,12945.2,12966.7,12922.5,12939,21361,0
20260128,210000,12943.7,13024.8,12895,12943,49677,0
20260128,220000,12943,13049.3,12910,13037.5,40621,0
20260128,230000,13038.5,13239.6,13030,13208,53992,0
20260129,080000,13608,13608,13608,13608,4769,0
20260129,090000,13600,13610.8,13519,13610.8,47307,0
20260129,100000,13610.8,13860,13484.2,13526.9,214996,0
20260129,110000,13525.7,13532.1,13358.1,13436.2,125981,0
20260129,120000,13436.8,13467.4,13404,13429.5,43846,0
20260129,130000,13428.5,13429.6,13307.4,13322.3,68386,0
20260129,140000,13312.9,13444.7,13300.9,13422.6,58984,0
20260129,150000,13419.6,13459.5,13404.9,13432.5,47122,0
20260129,160000,13431,13455.3,13322.8,13346,61940,0
20260129,170000,13348.9,13408.9,13251.5,13262,93915,0
20260129,180000,13262,13262.7,12290.9,12443,568285,0
20260129,190000,12455,12845.9,12455,12694,153991,0
20260129,200000,12696.9,13000,12696.7,12862.6,92529,0
20260129,210000,12862.6,12956.9,12809,12871.3,32303,0
20260129,220000,12878.8,12903.4,12757,12796.8,31703,0
20260129,230000,12797,12960,12727.9,12927.6,30748,0
20260130,080000,12523,12523,12523,12523,1320,0
20260130,090000,12546,12549.8,12393,12435,93687,0
20260130,100000,12435.1,12565.8,12346,12551.1,183833,0
20260130,110000,12550.6,12560,12252.1,12376.8,153582,0
20260130,120000,12379.5,12405.4,11957.2,12120.7,321414,0
20260130,130000,12121,12451,12100,12446.5,151170,0
20260130,140000,12446.5,12547.9,12362,12544.8,106620,0
20260130,150000,12544.8,12567.4,12311.2,12339.1,115526,0
20260130,160000,12339.1,12424,12210.1,12281.6,116397,0
20260130,170000,12282.3,12508,12262.9,12309.2,91271,0
20260130,180000,12309.2,12378.1,12187.9,12331,92957,0
20260130,190000,12320,12320,12069.8,12185.7,67048,0
20260130,200000,12185.4,12185.4,11731,11817.9,158142,0
20260130,210000,11816.5,11935.5,11653.8,11907.8,131783,0
20260130,220000,11904,12067.4,11813,12030.4,105747,0
20260130,230000,12031.2,12037.9,11801.2,11834,37294,0
20260131,090000,11965,11965,11965,11965,11,0
20260131,100000,11965,12086,11965,12070,13516,0
20260131,110000,12069.4,12080,12039,12039.1,5681,0
20260131,120000,12039,12055,11987,11991.3,8320,0
20260131,130000,11993.8,12026.5,11987,11992.8,2937,0
20260131,140000,11991.6,12005,11986.4,11996.5,1114,0
20260131,150000,11995.1,12004.9,11994,12001.5,3534,0
20260131,160000,12001.9,12052.6,11997,12035,6765,0
20260131,170000,12020.2,12032.5,12014.4,12017,1619,0
20260131,180000,12017,12042.9,12015,12027,2578,0
20260201,090000,12000,12000,12000,12000,426,0
20260201,100000,12000,12032.8,11990.4,11990.6,4336,0
20260201,110000,11990.6,11995.2,11965,11965,8448,0
20260201,120000,11968.7,11968.7,11965,11965,1019,0
20260201,130000,11965,11965,11965,11965,219,0
20260201,140000,11965,11965,11965,11965,587,0
20260201,150000,11965,11965,11965,11965,706,0
20260201,160000,11965,11965,11965,11965,890,0
20260201,170000,11965,11965,11965,11965,289,0
20260201,180000,11965,11965,11965,11965,1249,0
20260202,080000,11653.8,11653.8,11653.8,11653.8,678,0
20260202,090000,11653.8,11653.8,11653.8,11653.8,7249,0
20260202,100000,11653.8,11653.8,11029.9,11368,434010,0
20260202,110000,11368,11504.9,11286.4,11461.6,135046,0
20260202,120000,11461.6,11653.8,11360.5,11640.9,129789,0
20260202,130000,11638.9,11679.4,11454.1,11587.3,110524,0
20260202,140000,11585.9,11820,11575.1,11775,103199,0
20260202,150000,11772.4,11880.9,11715,11828.7,104075,0
20260202,160000,11827.1,11846.2,11518.6,11595.3,214786,0
20260202,170000,11599.9,11781.4,11526.1,11639.3,158080,0
20260202,180000,11633.7,11699,11448.6,11475.3,94581,0
20260202,190000,11462.5,11644.9,11425,11500.6,54166,0
20260202,200000,11500.9,11640.6,11480,11522,31146,0
20260202,210000,11520.5,11549,11406.6,11492.4,35838,0
20260202,220000,11492.4,11623.8,11442.7,11555,32473,0
20260202,230000,11543,11592.1,11481,11499.4,15146,0
20260203,080000,11854,11854,11854,11854,1638,0
20260203,090000,11859,12028,11802.9,11967.5,123250,0
20260203,100000,11968,12163.5,11968,12133.4,128594,0
20260203,110000,12134.4,12186.5,12079,12128,81506,0
20260203,120000,12128,12162,12073,12136,73247,0
20260203,130000,12139.7,12171.4,12125,12129.3,37381,0
20260203,140000,12136,12155,12066.5,12143.8,70079,0
20260203,150000,12143.9,12192.4,12113.2,12170.2,61540,0
20260203,160000,12169.9,12297.6,12140.1,12241.3,119170,0
20260203,170000,12242.2,12247.9,12158.8,12221.9,71901,0
20260203,180000,12220.4,12287.6,12182.9,12238,46758,0
20260203,190000,12240,12470,12240,12358.6,123054,0
20260203,200000,12358.2,12396.2,12224.1,12290.1,67762,0
20260203,210000,12290,12340,12168.9,12201.1,48228,0
20260203,220000,12200,12331.4,12130.2,12278,60729,0
20260203,230000,12282.9,12358,12208.9,12316.5,20007,0
20260204,080000,12630.1,12630.1,12630.1,12630.1,773,0
20260204,090000,12630.1,12687.1,12530.3,12639.5,67468,0
20260204,100000,12640.1,12648.1,12571.4,12625.2,103550,0
20260204,110000,12625.2,12630,12551.7,12592.8,56518,0
20260204,120000,12593.1,12594.1,12464.9,12504.4,60571,0
20260204,130000,12504.5,12511.2,12431.7,12447.7,54949,0
20260204,140000,12455,12478,12339.8,12458.7,76013,0
20260204,150000,12459.2,12477.8,12392.7,12405.9,49931,0
20260204,160000,12405.5,12439,12351,12394.7,68944,0
20260204,170000,12397,12420,12215.1,12275.9,133055,0
20260204,180000,12275.5,12329,12047.4,12117.5,125513,0
20260204,190000,12117.5,12179.6,11967.7,12062.9,77797,0
20260204,200000,12061.2,12139,12040,12067,56811,0
20260204,210000,12066.4,12163.2,12005,12146.8,52237,0
20260204,220000,12146.5,12220,12120.7,12186,28292,0
20260204,230000,12192.4,12198.2,12101.3,12133.5,14578,0
20260205,080000,12062.9,12062.9,12062.9,12062.9,287,0
20260205,090000,12060,12139.2,12000,12093.2,64693,0
20260205,100000,12092.6,12138.5,12020,12058.1,95114,0
20260205,110000,12058.1,12110.4,12032,12072.5,100991,0
20260205,120000,12075.8,12115.8,12000,12031.9,97056,0
20260205,130000,12032.1,12093,12017.9,12064.4,64528,0
20260205,140000,12065.8,12100,12032.2,12032.2,47419,0
20260205,150000,12032,12053,11927,12006.4,103690,0
20260205,160000,12006.8,12017,11904.1,11977.1,112318,0
20260205,170000,11976.5,12063.8,11903,12020,99883,0
20260205,180000,12015.5,12049.5,11903.5,11919.5,59985,0
20260205,190000,11943.9,12197,11916.8,12146.8,54856,0
20260205,200000,12141.9,12146.2,12060,12077.5,26014,0
20260205,210000,12077.8,12090.3,12020,12052.2,19631,0
20260205,220000,12054.6,12058.8,11962.7,11980.5,18474,0
20260205,230000,11976.8,12004.7,11911,11919.9,23921,0
20260206,080000,12103,12103,12103,12103,2058,0
20260206,090000,12102,12170.4,12000.3,12041.4,45230,0
20260206,100000,12040,12146.9,12000.3,12051.8,108560,0
20260206,110000,12052.7,12131,12045.8,12077.7,81348,0
20260206,120000,12077.7,12098.6,12030.2,12058.2,54530,0
20260206,130000,12059.3,12177.4,12052.1,12172.2,49089,0
20260206,140000,12174,12219.9,12139.2,12177.2,82174,0
20260206,150000,12172,12241.8,12133.1,12238.2,51459,0
20260206,160000,12238,12356.9,12233.8,12321.7,85703,0
20260206,170000,12321.6,12355.9,12247.7,12330.3,93914,0
20260206,180000,12330.6,12380,12304.8,12335.7,50701,0
20260206,190000,12337.9,12353.8,12264.9,12344,22295,0
20260206,200000,12344,12390,12336.7,12367.7,23776,0
20260206,210000,12372,12394,12320.5,12359.2,14905,0
20260206,220000,12361.5,12366.3,12326.8,12352.5,10781,0
20260206,230000,12352.7,12358,12309.3,12323,12098,0
20260207,090000,12336.7,12336.7,12336.7,12336.7,68,0
20260207,100000,12355.7,12410,12343,12407.4,5632,0
20260207,110000,12409,12470,12407.3,12452.5,4836,0
20260207,120000,12452.8,12460,12404.7,12436.8,5339,0
20260207,130000,12434.5,12437.2,12388,12395.5,3244,0
20260207,140000,12395,12420,12381,12400,1564,0
20260207,150000,12400,12429.4,12390,12413.5,1249,0
20260207,160000,12420.4,12441.5,12407.1,12415.7,2528,0
20260207,170000,12413,12430,12409.2,12429.9,714,0
20260207,180000,12429.8,12430.5,12411.4,12418.9,1480,0
20260208,100000,12420,12469,12420,12449.8,3990,0
20260208,110000,12450.1,12460,12440,12459.1,1227,0
20260208,120000,12458.1,12460,12443,12454,1559,0
20260208,130000,12454,12458.3,12442,12449.5,1068,0
20260208,140000,12445.1,12457.4,12431,12452.3,1578,0
20260208,150000,12455.2,12457.8,12445,12455,767,0
20260208,160000,12457.2,12458.9,12445,12445.1,637,0
20260208,170000,12455.7,12457.4,12447.4,12455.9,567,0
20260208,180000,12455.9,12461,12449.6,12461,2933,0
20260209,080000,12504,12504,12504,12504,321,0
20260209,090000,12504.1,12615,12500,12563,54263,0
20260209,100000,12562.6,12576,12405.2,12463.8,88508,0
20260209,110000,12462.3,12558.7,12461,12546.6,55198,0
20260209,120000,12544.8,12555,12503.7,12509.9,42516,0
20260209,130000,12509,12562.1,12488.1,12523.8,93795,0
20260209,140000,12527.9,12564.2,12505.3,12553,52612,0
20260209,150000,12553.7,12599,12552.2,12585,40016,0
20260209,160000,12580.4,12592,12537.6,12551.3,53091,0
20260209,170000,12547.8,12627.6,12539.9,12619.9,38160,0
20260209,180000,12620,12684.4,12593.6,12670.6,28292,0
20260209,190000,12678.8,12732.4,12661.4,12699.2,30385,0
20260209,200000,12699.3,12712.4,12628.2,12638.6,16443,0
20260209,210000,12638.6,12684.7,12636,12681.8,9586,0
20260209,220000,12681.8,12732.4,12681.8,12696.9,14784,0
20260209,230000,12696.1,12749.4,12695.2,12745.1,13505,0
20260210,080000,12676,12676,12676,12676,150,0
20260210,090000,12675,12675,12550,12576.6,37361,0
20260210,100000,12576.7,12605.8,12551,12595.4,57058,0
20260210,110000,12593.4,12609.1,12561.2,12570.5,53716,0
20260210,120000,12572,12615.6,12568.1,12582.3,36673,0
20260210,130000,12582.2,12595,12550.1,12563.4,39211,0
20260210,140000,12566.5,12627.9,12559.2,12623,23644,0
20260210,150000,12622.9,12625,12546.6,12578.4,26033,0
20260210,160000,12577.2,12624.4,12561.7,12608.5,28020,0
20260210,170000,12609.8,12661.7,12531.8,12572.5,46111,0
20260210,180000,12572,12587.7,12485,12537.3,30529,0
20260210,190000,12537.2,12558.8,12486.4,12552,12222,0
20260210,200000,12551.6,12593.2,12545.8,12560.1,13092,0
20260210,210000,12557,12564.1,12510,12529.3,12854,0
20260210,220000,12529.2,12571.9,12516.7,12567.5,9651,0
20260210,230000,12567.7,12617.2,12544,12606.9,9097,0
20260211,080000,12628,12628,12628,12628,380,0
20260211,090000,12628,12649,12612.2,12645,14513,0
20260211,100000,12645,12675.8,12622.2,12630.1,63409,0
20260211,110000,12633.8,12645.3,12604,12609.5,24787,0
20260211,120000,12609.9,12643.5,12594.1,12602.3,28283,0
20260211,130000,12601.8,12660.8,12590.1,12649.7,51640,0
20260211,140000,12647.2,12714,12625.6,12692.7,48852,0
20260211,150000,12692.7,12708,12578.1,12649.4,62034,0
20260211,160000,12645.9,12665.4,12529.7,12606.9,66885,0
20260211,170000,12607.3,12635.6,12551.2,12589,59055,0
20260211,180000,12586,12637.7,12560,12579.8,27858,0
20260211,190000,12579.8,12652.3,12563.5,12647.2,15081,0
20260211,200000,12647,12688.2,12633.3,12669.6,14133,0
20260211,210000,12668.4,12680,12622.1,12655.8,11733,0
20260211,220000,12655.9,12700,12648.9,12657,8290,0
20260211,230000,12657,12676.6,12651.1,12674.9,4059,0
20260212,080000,12649.9,12649.9,12649.9,12649.9,45,0
20260212,090000,12646.4,12664,12604.7,12619,30885,0
20260212,100000,12615.9,12615.9,12570.1,12609.2,46631,0
20260212,110000,12609,12644,12580.1,12609.5,33089,0
20260212,120000,12609.8,12626.5,12586.2,12617,22095,0
20260212,130000,12617.1,12636.5,12591.2,12611.7,20464,0
20260212,140000,12613,12631.5,12604.2,12613.6,5948,0
20260212,150000,12613,12614.1,12566.5,12571.7,17729,0
20260212,160000,12570.5,12618.7,12567,12604.1,28180,0
20260212,170000,12604.2,12617.3,12539.3,12549.9,43550,0
20260212,180000,12551.4,12602.2,12540.4,12590,23208,0
20260212,190000,12578.6,12584.2,12144.2,12294,186760,0
20260212,200000,12293.5,12371.2,12258.9,12281.2,43099,0
20260212,210000,12281.2,12299,12200,12265.8,38733,0
20260212,220000,12259.9,12314.5,12236.1,12279.4,18334,0
20260212,230000,12278.9,12289.5,12200,12200.1,16350,0
20260213,080000,12286.8,12286.8,12286.8,12286.8,124,0
20260213,090000,12287.9,12324.7,12274.2,12323.8,21025,0
20260213,100000,12320,12378.2,12285.1,12364.8,87653,0
20260213,110000,12364.8,12407.7,12345.6,12399.9,78712,0
20260213,120000,12399.9,12410.2,12350,12368.5,50984,0
20260213,130000,12369.7,12391.1,12317.2,12331,45332,0
20260213,140000,12331,12333,12274.8,12327.4,54060,0
20260213,150000,12329.1,12356.3,12319,12347.9,31904,0
20260213,160000,12346.9,12373,12309.2,12336.3,46174,0
20260213,170000,12338.5,12374.4,12266.6,12327.3,48290,0
20260213,180000,12330,12379.7,12320,12342,27576,0
20260213,190000,12341.8,12450,12324.8,12359.8,26618,0
20260213,200000,12360.5,12425,12358.3,12395.9,13565,0
20260213,210000,12396,12438.8,12390.8,12432.9,12308,0
20260213,220000,12431,12465.9,12414.6,12414.6,16608,0
20260213,230000,12412.5,12460,12411.8,12433,9835,0
20260216,080000,12343,12343,12343,12343,150,0
20260216,090000,12343,12375.2,12317.3,12350.5,20785,0
20260216,100000,12350.7,12350.7,12283.1,12314,49030,0
20260216,110000,12314,12331.7,12281.8,12326.3,59934,0
20260216,120000,12325.5,12359.1,12322.7,12351.9,22905,0
20260216,130000,12353.6,12382.3,12336.1,12342.9,24992,0
20260216,140000,12342.9,12342.9,12312.5,12334.6,12752,0
20260216,150000,12334.3,12341.7,12290.3,12321,19535,0
20260216,160000,12321.1,12335.7,12306.5,12330,16464,0
20260216,170000,12329.9,12349.6,12310,12323.4,17858,0
20260216,180000,12323.1,12326.9,12284.3,12307.9,19694,0
20260216,190000,12312.1,12337.9,12290,12331.4,7669,0
20260216,200000,12333.9,12343.3,12323.2,12323.3,4698,0
20260216,210000,12323.5,12336.6,12318.6,12336.2,2055,0
20260216,220000,12336.2,12338,12322.1,12325.3,2927,0
20260216,230000,12324.9,12335,12311,12311,3190,0
20260217,080000,12100,12100,12100,12100,2427,0
20260217,090000,12105.6,12156.8,12042,12154.2,60745,0
20260217,100000,12154.2,12193.8,12120,12168,75532,0
20260217,110000,12167.6,12192.3,12155,12165.3,20092,0
20260217,120000,12167.2,12173.5,12137,12162.8,24252,0
20260217,130000,12161.4,12195,12124.5,12132.2,28171,0
20260217,140000,12132.2,12174.8,12132.2,12174.1,15581,0
20260217,150000,12173.5,12195,12156.4,12159.2,22215,0
20260217,160000,12158.7,12159.6,11973.1,11979.5,57512,0
20260217,170000,11978.7,12062,11903,11981.4,92629,0
20260217,180000,11980,12004.3,11950,11958,39166,0
20260217,190000,11970,12021.7,11951.6,11956.1,17701,0
20260217,200000,11953.4,11965.7,11918.1,11956,18710,0
20260217,210000,11955.1,12033.3,11955.1,12011.5,18783,0
20260217,220000,12014.8,12018.8,11964,11981.2,9012,0
20260217,230000,11982.9,12000.6,11971,11971,6477,0
20260218,080000,12077.5,12077.5,12077.5,12077.5,392,0
20260218,090000,12078,12119.9,12072,12096.5,21865,0
20260218,100000,12097.7,12138.6,12083.1,12092.3,37234,0
20260218,110000,12092.5,12105.5,12047.7,12050.2,21902,0
20260218,120000,12050.6,12070.9,12042,12048.8,26379,0
20260218,130000,12047.9,12099.1,12037.3,12098.6,48400,0
20260218,140000,12098.6,12119,12083.9,12109.6,31059,0
20260218,150000,12112,12222.4,12112,12212.5,44191,0
20260218,160000,12212.9,12293.7,12212.4,12257.2,83170,0
20260218,170000,12257.1,12341.1,12255.8,12332.4,53266,0
20260218,180000,12332.9,12373.5,12332.9,12333.2,34686,0
20260218,190000,12333.3,12372,12319.6,12349.7,28174,0
20260218,200000,12347.5,12354.3,12325.4,12346.1,10183,0
20260218,210000,12346.8,12358.4,12303.5,12327.1,11467,0
20260218,220000,12327,12358,12305.6,12322.9,13687,0
20260218,230000,12322.9,12340.3,12303.5,12319,10834,0
20260219,080000,12332.1,12332.1,12332.1,12332.1,121,0
20260219,090000,12337.6,12434.5,12337.6,12432,28255,0
20260219,100000,12431,12437.5,12333.3,12339.4,74863,0
20260219,110000,12339,12369.1,12324,12344.5,41844,0
20260219,120000,12343.6,12360.8,12320,12330.3,85709,0
20260219,130000,12330.3,12335.7,12285,12299.8,54272,0
20260219,140000,12299.8,12343.2,12299.7,12339.3,111022,0
20260219,150000,12340.5,12359.8,12332,12348.8,24745,0
20260219,160000,12348.6,12349.7,12300.2,12335,31489,0
20260219,170000,12333.2,12334.9,12236.6,12318.2,54052,0
20260219,180000,12319.6,12358.5,12300.6,12333.7,28322,0
20260219,190000,12338.2,12375,12307.9,12313.9,16659,0
20260219,200000,12315,12324,12283,12284.6,8034,0
20260219,210000,12285,12303.4,12268.5,12295.6,8449,0
20260219,220000,12295.6,12321,12293,12300.1,4016,0
20260219,230000,12301.5,12350,12301.5,12329.9,5839,0
20260220,080000,12350,12350,12350,12350,10,0
20260220,090000,12335.1,12395,12335.1,12370.8,22395,0
20260220,100000,12371,12408.4,12356,12369.4,44363,0
20260220,110000,12369.4,12449.7,12369.4,12427.7,63077,0
20260220,120000,12429,12464,12415.3,12427.2,38006,0
20260220,130000,12427.6,12489,12412.4,12482.7,43455,0
20260220,140000,12482.6,12485.7,12422,12429.7,37082,0
20260220,150000,12429.6,12445.3,12410,12437,40613,0
20260220,160000,12437,12479.7,12412.7,12476,38505,0
20260220,170000,12473.2,12512,12447.4,12507.7,48223,0
20260220,180000,12509.1,12524,12373.2,12476,94798,0
20260220,190000,12476,12530,12450,12514.5,26454,0
20260220,200000,12514.5,12539,12490,12527.2,21283,0
20260220,210000,12528.8,12538.4,12491.2,12524.2,12129,0
20260220,220000,12527,12558.7,12518.1,12555.5,10534,0
20260220,230000,12555.5,12589,12543.3,12572.7,17075,0
20260221,090000,12600,12600,12600,12600,355,0
20260221,100000,12590.5,12650,12590.4,12604.1,10669,0
20260221,110000,12604.2,12609.8,12595,12608.3,3176,0
20260221,120000,12595.1,12608.4,12580.5,12592.4,2190,0
20260221,130000,12590.9,12607.5,12583.5,12606.4,1569,0
20260221,140000,12598.1,12606.5,12552,12575.6,3861,0
20260221,150000,12575.6,12610.4,12575.6,12598.3,1815,0
20260221,160000,12598.4,12603.9,12585,12596.8,537,0
20260221,170000,12595.2,12610,12588.5,12600.5,1219,0
20260221,180000,12600.5,12607,12587.7,12590,870,0
20260222,090000,12590.5,12590.5,12590.5,12590.5,2,0
20260222,100000,12590.5,12628.5,12590,12594.1,1583,0
20260222,110000,12592.7,12605,12582,12582.2,900,0
20260222,120000,12582.3,12593.4,12567,12583.2,1504,0
20260222,130000,12583,12592.7,12568.1,12576.2,379,0
20260222,140000,12576,12591,12570,12576,420,0
20260222,150000,12589,12595,12571.6,12577.8,516,0
20260222,160000,12578.2,12590,12575.1,12583.2,680,0
20260222,170000,12583.2,12626.5,12583.2,12604.1,2279,0
20260222,180000,12612.2,12637,12604.5,12628,1807,0
20260223,090000,12699.6,12699.6,12699.6,12699.6,1528,0
20260223,100000,12699.6,12701,12585,12643.3,28408,0
20260223,110000,12643.4,12653,12615,12640.7,6978,0
20260223,120000,12640.6,12673,12640,12644.6,7155,0
20260223,130000,12645.2,12669.1,12638.6,12658.4,4383,0
20260223,140000,12656.4,12673.1,12639.5,12655.2,4364,0
20260223,150000,12655.2,12672.5,12650,12672.3,2597,0
20260223,160000,12672.4,12676.3,12656,12656,1818,0
20260223,170000,12665.9,12748.4,12659,12740,15823,0
20260223,180000,12746.8,12748.4,12723,12731.1,11429,0
20260224,080000,12725,12725,12725,12725,751,0
20260224,090000,12726.1,12815.5,12725,12755.7,54526,0
20260224,100000,12754.6,12804.8,12737.7,12756.5,70767,0
20260224,110000,12757.3,12762.9,12740,12750,19202,0
20260224,120000,12750.1,12776.4,12740.7,12752.2,39557,0
20260224,130000,12752.1,12774.5,12746.8,12757,51878,0
20260224,140000,12757,12770,12750.3,12767,8448,0
20260224,150000,12766.2,12770.3,12713.7,12720.4,33460,0
20260224,160000,12720.4,12745.4,12626,12635.2,67082,0
20260224,170000,12635.5,12678.5,12564,12643.1,93514,0
20260224,180000,12642.8,12694.9,12618.5,12685,24394,0
20260224,190000,12685,12692.7,12641.1,12665.8,14184,0
20260224,200000,12667,12726.4,12666.5,12718,11636,0
20260224,210000,12719.9,12737.9,12705,12724.4,12114,0
20260224,220000,12722,12723.1,12679,12704.4,7425,0
20260224,230000,12704.1,12745.8,12691.2,12745.8,8036,0
20260225,080000,12804.1,12804.1,12804.1,12804.1,714,0
20260225,090000,12805.1,12815,12760.5,12782.5,20511,0
20260225,100000,12783.6,12784.9,12746.9,12765.1,38888,0
20260225,110000,12766.5,12803,12765.4,12794.9,21821,0
20260225,120000,12794.8,12839.9,12785.8,12839.9,39918,0
20260225,130000,12839.9,12857.6,12790.3,12798.1,43410,0
20260225,140000,12797.7,12830.6,12769,12825,50981,0
20260225,150000,12825.1,12835.5,12808.8,12831,61929,0
20260225,160000,12830.5,12897.2,12830.5,12876.1,58697,0
20260225,170000,12873.5,12959.3,12832.5,12939.9,66554,0
20260225,180000,12939.9,13013.7,12939.8,12994.7,69056,0
20260225,190000,12994.6,13117,12992.8,13101.3,57332,0
20260225,200000,13104.9,13138.4,13076.8,13088.6,36028,0
20260225,210000,13089.8,13101.9,13064.1,13066.4,14892,0
20260225,220000,13066.5,13084.6,13047,13079.7,9959,0
20260225,230000,13079.1,13082.8,12986.1,13004,14185,0
20260226,080000,13034,13034,13034,13034,246,0
20260226,090000,13033.2,13083.5,13020.3,13027.2,31886,0
20260226,100000,13029.9,13029.9,12917.2,12932,118318,0
20260226,110000,12931.6,12949.5,12893.7,12926.1,55635,0
20260226,120000,12923.5,12927.4,12895,12919,33919,0
20260226,130000,12917.6,12917.6,12866,12878.3,24511,0
20260226,140000,12878.3,12914,12871.1,12878.1,26818,0
20260226,150000,12878.6,12925.6,12857,12905.5,38806,0
20260226,160000,12905,12911.6,12864,12869.2,20863,0
20260226,170000,12869.8,12892.5,12802.5,12863.1,59928,0
20260226,180000,12862.6,12900,12801.9,12878,39369,0
20260226,190000,12883,12928.3,12870.7,12912.3,23675,0
20260226,200000,12911.1,12948.2,12862.5,12875.9,19021,0
20260226,210000,12873.5,12940,12867.5,12920.4,13505,0
20260226,220000,12916.8,12947.9,12916.6,12933.4,9524,0
20260226,230000,12933.4,12969,12933.4,12969,8379,0
20260227,080000,12990,12990,12990,12990,240,0
20260227,090000,12982.7,12990.5,12936.2,12936.3,17463,0
20260227,100000,12937.5,12953.9,12912.2,12916.2,48991,0
20260227,110000,12916.1,12929,12894.1,12924.7,36376,0
20260227,120000,12925,12965.7,12919.4,12935.9,31385,0
20260227,130000,12935.7,12958.8,12920.1,12930,25676,0
20260227,140000,12928.8,12942.3,12896.8,12940.5,23112,0
20260227,150000,12941.4,12972.9,12938.1,12965,33241,0
20260227,160000,12965.2,13101.5,12914.2,13004.6,197899,0
20260227,170000,13003.9,13026.7,12964.2,12992.2,47885,0
20260227,180000,12993.2,13013.5,12966.1,12996.8,30739,0
20260227,190000,13009,13063.7,12984.4,13010,27948,0
20260227,200000,13008.8,13038.8,13001.4,13037.1,13115,0
20260227,210000,13037.3,13054,13000,13051.4,17253,0
20260227,220000,13049.6,13061,13030.3,13058.4,8057,0
20260227,230000,13059,13083,13056.9,13075,10936,0
20260228,090000,13101.1,13101.1,13101.1,13101.1,3807,0
20260228,100000,13102,13464,13101.1,13377,89705,0
20260228,110000,13377.4,13414.7,13314,13389.7,21873,0
20260228,120000,13389.8,13499.9,13354.8,13479,37698,0
20260228,130000,13479.1,13500,13411,13430,27513,0
20260228,140000,13425.8,13450,13320,13358.9,38026,0
20260228,150000,13359.9,13430,13358.3,13412.3,14155,0
20260228,160000,13409.5,13429.6,13370.4,13373,7341,0
20260228,170000,13373.2,13425,13368.1,13406.5,6435,0
20260228,180000,13407,13478.5,13406.6,13444,10932,0
20260301,090000,13389.1,13389.1,13389.1,13389.1,753,0
20260301,100000,13400,13444,13379.1,13389.1,21515,0
20260301,110000,13390.2,13415.6,13370,13407.6,9161,0
20260301,120000,13405.1,13409,13385.4,13406,3442,0
20260301,130000,13406,13434.8,13399,13418.3,4873,0
20260301,140000,13418.3,13450,13410.3,13447.8,7418,0
20260301,150000,13447.8,13491,13440,13489.8,19282,0
20260301,160000,13484,13502,13479.2,13492.8,13391,0
20260301,170000,13492.8,13502.5,13490.8,13502.5,7154,0
20260301,180000,13502.5,13502.5,13502.5,13502.5,4039,0
20260302,080000,13432,13432,13432,13432,1199,0
20260302,090000,13430,13432,13280,13409.8,126592,0
20260302,100000,13409,13486.5,13350,13463.8,152350,0
20260302,110000,13463,13537,13451.5,13465.9,102860,0
20260302,120000,13465.4,13483.7,13423.3,13451.5,62679,0
20260302,130000,13453.1,13475.3,13408.7,13445.9,51932,0
20260302,140000,13447.9,13456.1,13413,13424,37738,0
20260302,150000,13423.9,13471.2,13413,13467.3,30914,0
20260302,160000,13468.7,13509.9,13441.2,13476.2,46956,0
20260302,170000,13473.5,13475.1,13302.1,13344.9,147214,0
20260302,180000,13342.6,13385,13294.4,13350.3,53585,0
20260302,190000,13347.1,13347.1,13013.8,13235.8,76876,0
20260302,200000,13234,13294.5,13230.4,13277.1,16344,0
20260302,210000,13278.7,13293,13242.7,13291.2,16295,0
20260302,220000,13292.8,13342.6,13290.9,13320,25511,0
20260302,230000,13322.8,13373.3,13314.1,13323.6,14019,0
20260303,080000,13322.1,13322.1,13322.1,13322.1,973,0
20260303,090000,13322.1,13339.4,13199.2,13279.6,59601,0
20260303,100000,13280.4,13318.1,13259.9,13313.2,70334,0
20260303,110000,13313.1,13323,13214,13218.7,51927,0
20260303,120000,13217.8,13236.4,13045.1,13166.3,110520,0
20260303,130000,13165.1,13175,13037.1,13055.3,111473,0
20260303,140000,13055.7,13079.4,12668.1,12841.8,318255,0
20260303,150000,12842.1,13032,12830,13023.1,115967,0
20260303,160000,13018.6,13019.9,12781.7,12835.9,120034,0
20260303,170000,12837,12881,12529.6,12571.2,193767,0
20260303,180000,12574.8,12668.6,12510.1,12663.2,118736,0
20260303,190000,12665.6,12807.7,12665.6,12728,59639,0
20260303,200000,12729.4,12741.3,12637.4,12684.9,37258,0
20260303,210000,12683,12828.2,12681.5,12820.2,31819,0
20260303,220000,12820.2,12865.4,12722.6,12782.3,40610,0
20260303,230000,12787.5,12822,12730,12743.2,13712,0
20260304,080000,12862.5,12862.5,12862.5,12862.5,331,0
20260304,090000,12864,12890,12780,12851.3,31775,0
20260304,100000,12849.4,12906.6,12844.1,12865.6,56371,0
20260304,110000,12864.7,12925,12818,12925,46996,0
20260304,120000,12927.7,13040,12927.4,12966,127322,0
20260304,130000,12964.8,13025.8,12964.8,13005.1,53318,0
20260304,140000,13004.4,13046.4,13002.7,13006.4,29693,0
20260304,150000,13010.5,13044.2,12907.3,12938.8,62810,0
20260304,160000,12941.8,13005.4,12935,12935,41840,0
20260304,170000,12935.1,12988.3,12876.7,12897.5,49015,0
20260304,180000,12897.2,12934.8,12860.5,12880,37247,0
20260304,190000,12894.9,12938.6,12881.2,12907,14279,0
20260304,200000,12907,12918.1,12840,12897.6,12127,0
20260304,210000,12898.1,12898.7,12819.1,12872,12692,0
20260304,220000,12869.5,12898.3,12852,12890.1,6542,0
20260304,230000,12890.2,12925.1,12861.6,12915.9,10079,0
20260305,080000,12900,12900,12900,12900,281,0
20260305,090000,12915,12994,12868,12987.7,50425,0
20260305,100000,12987.7,12990,12927.9,12944.3,59624,0
20260305,110000,12943.4,13049.7,12919,13045,68928,0
20260305,120000,13045,13067.8,13010,13027.7,59779,0
20260305,130000,13028.1,13042.7,12992.6,13029.7,39548,0
20260305,140000,13032.4,13069.3,13023.3,13056.9,37783,0
20260305,150000,13055,13078.7,13039.3,13061.1,39776,0
20260305,160000,13061.3,13064.6,12900,12995.9,143758,0
20260305,170000,12996.1,13007.1,12926,12945.7,62115,0
20260305,180000,12943.7,12987.6,12863,12959.9,47826,0
20260305,190000,12959.8,12985,12883,12927.4,23607,0
20260305,200000,12930,12970.1,12900,12914.3,16091,0
20260305,210000,12915.2,12978,12893,12933.6,21166,0
20260305,220000,12933.6,12960.9,12911,12934.4,6892,0
20260305,230000,12936.4,12996,12929.3,12959.1,12496,0
20260306,080000,13021,13021,13021,13021,421,0
20260306,090000,13024,13048,13006.7,13037.5,23585,0
20260306,100000,13035.1,13035.9,12970,13002,66417,0
20260306,110000,13002,13012.2,12952.3,12970.2,40777,0
20260306,120000,12967.8,12967.8,12905.4,12915.5,41122,0
20260306,130000,12914.8,12934,12900,12921.1,31090,0
20260306,140000,12917,12934,12860.7,12889.8,31464,0
20260306,150000,12888.9,12953.7,12888.5,12917.8,29973,0
20260306,160000,12914.3,12995,12881.2,12912.4,68658,0
20260306,170000,12912,12991.7,12903.2,12990.6,45792,0
20260306,180000,12990,13058.3,12980.7,12986,77055,0
20260306,190000,13004.2,13013.4,12950,12975.8,24089,0
20260306,200000,12980,13019.9,12962.9,12988.6,17325,0
20260306,210000,12988,13035,12986.1,13026,15132,0
20260306,220000,13028.9,13072.3,13025.9,13038.6,12199,0
20260306,230000,13038.7,13057.9,13021.6,13042.9,6717,0
20260309,080000,12970,12970,12970,12970,285,0
20260309,090000,12969,13020,12810.5,12812.5,49017,0
20260309,100000,12812.5,12868.3,12787.3,12845.9,40472,0
20260309,110000,12847.3,12863.4,12725.1,12754,48378,0
20260309,120000,12750.5,12835,12739.4,12787.7,29524,0
20260309,130000,12788.1,12804,12681.6,12718.2,39996,0
20260309,140000,12720.6,12760.7,12712.9,12740.3,20010,0
20260309,150000,12742.2,12814,12739.4,12750,26333,0
20260309,160000,12750.9,12777.5,12695.6,12703.5,30107,0
20260309,170000,12703.8,12775,12687.1,12744.8,25720,0
20260309,180000,12743.3,12764.6,12704.5,12753.8,19094,0
20260309,190000,12758.9,12786.2,12746.8,12773.8,10875,0
20260309,200000,12772.7,12782,12752.6,12770,5771,0
20260309,210000,12772.1,12827.5,12770,12821.8,11416,0
20260309,220000,12821.7,12904,12814.6,12902,30436,0
20260309,230000,12903.7,12915,12873.4,12880.2,16656,0
20260310,080000,12950,12950,12950,12950,164,0
20260310,090000,12950,13014.7,12944,12996,36622,0
20260310,100000,12995.9,13062.8,12977.3,13058.3,78679,0
20260310,110000,13059.8,13145,13055.1,13136.6,107455,0
20260310,120000,13137.6,13160.6,13117.9,13117.9,65718,0
20260310,130000,13119,13149,13104.2,13140.5,44610,0
20260310,140000,13142.3,13169.5,13132.9,13137.5,37902,0
20260310,150000,13139.4,13195,13116.5,13178.8,45281,0
20260310,160000,13175.6,13267,13175.6,13238.4,80682,0
20260310,170000,13241.7,13249.3,13168.6,13203.1,44228,0
20260310,180000,13205,13277.5,13197.3,13255,30361,0
20260310,190000,13243.9,13269.5,13230.7,13250.5,16073,0
20260310,200000,13253.5,13266.5,13224.3,13225.3,17086,0
20260310,210000,13225.4,13235,13072.6,13158.6,53113,0
20260310,220000,13157.4,13185.3,13122,13177.3,17289,0
20260310,230000,13176.2,13185.3,13157,13170,6912,0
20260311,080000,13185,13185,13185,13185,14,0
20260311,090000,13185,13240.6,13155,13200.2,21753,0
20260311,100000,13200,13202.2,13125.5,13150.1,44862,0
20260311,110000,13151.4,13170,13135,13154.7,32850,0
20260311,120000,13155.3,13171.9,13132,13162.7,23675,0
20260311,130000,13162.2,13178.3,13137.7,13168.9,24752,0
20260311,140000,13169.6,13185,13153.5,13165.2,24936,0
20260311,150000,13160,13185.1,13125,13125.5,28187,0
20260311,160000,13125.4,13154.6,13098.5,13144.4,31407,0
20260311,170000,13145.4,13188.2,13141.8,13171.1,25578,0
20260311,180000,13173,13180.4,13145,13161.8,14115,0
20260311,190000,13163.1,13179.7,13136,13173.8,7254,0
20260311,200000,13172.6,13184.7,13125.1,13150.1,10130,0
20260311,210000,13150.5,13172.1,13150.5,13156.6,3826,0
20260311,220000,13156.6,13187.4,13149.5,13186.4,3697,0
20260311,230000,13186.7,13198.3,13175,13198,6538,0
20260312,080000,13149,13149,13149,13149,89,0
20260312,090000,13148.3,13149.5,13084.9,13133,37005,0
20260312,100000,13134.8,13158,13098,13139.9,74526,0
20260312,110000,13136.9,13146.5,13116,13127.4,34945,0
20260312,120000,13129.1,13146.5,13118.2,13120.6,22990,0
20260312,130000,13120.5,13165.2,13118.4,13160.7,24642,0
20260312,140000,13161,13182,13137.6,13160.4,25391,0
20260312,150000,13159.4,13197.8,13126.2,13176.2,49227,0
20260312,160000,13174.3,13190,13125,13138.2,46272,0
20260312,170000,13138.1,13161.2,13120,13134.4,50249,0
20260312,180000,13133.6,13137.9,13046,13081.8,53716,0
20260312,190000,13087.9,13122.6,13085.3,13099.7,14889,0
20260312,200000,13100.6,13114.2,13053.9,13060.5,13311,0
20260312,210000,13061.5,13079.9,13013.1,13032.5,21790,0
20260312,220000,13030.1,13047.8,12995,13012.1,15735,0
20260312,230000,13017.9,13032,12937,12990,14877,0
20260313,080000,13015,13015,13015,13015,3,0
20260313,090000,13018.4,13073.7,13015,13044.3,20348,0
20260313,100000,13044.4,13058.1,12970.8,13007.7,74217,0
20260313,110000,13007.7,13057.9,12986,13057.9,55938,0
20260313,120000,13057.2,13074.4,13041,13068.1,34972,0
20260313,130000,13069.3,13119.6,13052.5,13105.3,44131,0
20260313,140000,13105.5,13138,13096.5,13137,24679,0
20260313,150000,13137.6,13180,13135.8,13171.2,44522,0
20260313,160000,13171.9,13176.9,13085.9,13117.4,31418,0
20260313,170000,13118.1,13136.1,12940.3,12953.4,69976,0
20260313,180000,12953,13014.1,12944.2,12986.1,45379,0
20260313,190000,12977.2,13010.7,12921.3,12984.6,29058,0
20260313,200000,12984.4,13034.6,12955,12990.6,20092,0
20260313,210000,12991,13007.8,12970,13003.7,9107,0
20260313,220000,13005,13007.8,12921,12941.7,12765,0
20260313,230000,12948.5,13000,12932.8,12948.4,9717,0
20260314,090000,12967,12967,12967,12967,35,0
20260314,100000,12967.6,13000,12905,12906.3,9637,0
20260314,110000,12911.1,12934.2,12900.1,12933.6,3083,0
20260314,120000,12933.9,12934.7,12917.6,12928.7,793,0
20260314,130000,12928.7,12930,12900.1,12919.1,2640,0
20260314,140000,12919.1,12919.2,12900,12910.5,3084,0
20260314,150000,12910,12935,12903,12912.5,1627,0
20260314,160000,12912.5,12934,12912.3,12926.4,841,0
20260314,170000,12926.4,12940,12921.5,12940,1439,0
20260314,180000,12940.7,12947,12912,12928.5,2200,0
20260315,090000,12928.5,12928.5,12928.5,12928.5,7,0
20260315,100000,12928.6,12937.1,12904,12927.6,1378,0
20260315,110000,12916.1,12932,12916,12916.8,394,0
20260315,120000,12916.5,12923.1,12907.5,12920.5,1196,0
20260315,130000,12913,12922,12907.5,12919,655,0
20260315,140000,12918.3,12932,12912.6,12924.3,822,0
20260315,150000,12927.3,12930.4,12920.7,12920.7,559,0
20260315,160000,12923.9,12924,12906.2,12906.3,1547,0
20260315,170000,12906.3,12911.7,12906.3,12908,1778,0
20260315,180000,12908.5,12908.5,12856,12885,5362,0
20260316,080000,12888.6,12888.6,12888.6,12888.6,717,0
20260316,090000,12888.6,12998.4,12888.6,12920.8,40333,0
20260316,100000,12921.2,12939.4,12844.4,12916.2,76411,0
20260316,110000,12916.2,12938.1,12893.2,12915.5,35597,0
20260316,120000,12916.2,12920,12866.6,12873,48604,0
20260316,130000,12871.9,12900.6,12830,12899.4,76341,0
20260316,140000,12898.1,12968.9,12887.7,12933,71754,0
20260316,150000,12933.6,13014.5,12931.6,13013.4,53273,0
20260316,160000,13013.4,13031,12986.3,13011,42776,0
20260316,170000,13010.3,13028.5,12951.2,12974,47453,0
20260316,180000,12974.6,13005.9,12943.8,12992.7,28246,0
20260316,190000,12997.1,13022.6,12960.2,13011,12718,0
20260316,200000,13012.8,13040,12982,12998.8,15178,0
20260316,210000,13000,13072.9,13000,13061.9,21706,0
20260316,220000,13063,13082.9,13052,13061.9,12628,0
20260316,230000,13062,13080.7,13054,13055.5,4940,0
20260317,080000,13090,13090,13090,13090,131,0
20260317,090000,13090.8,13100,13016.7,13028.1,25291,0
20260317,100000,13027.4,13086.5,13000,13086.5,51944,0
20260317,110000,13086.4,13113.8,13067.2,13110.6,37984,0
20260317,120000,13111.6,13115.9,13093.9,13097.3,28493,0
20260317,130000,13098.4,13112.3,13084.4,13093.3,27116,0
20260317,140000,13093.3,13124.9,13084.2,13086.5,38769,0
20260317,150000,13087.2,13133.2,13080.4,13126.7,50340,0
20260317,160000,13126.7,13143,13085.7,13111.7,36259,0
20260317,170000,13113.7,13146.6,13096.2,13118,37957,0
20260317,180000,13118.2,13147.3,13082.3,13114.3,37251,0
20260317,190000,13114.6,13155.7,13110,13129,10815,0
20260317,200000,13129,13146.4,13119.6,13131.2,5047,0
20260317,210000,13129.2,13145.5,13115.1,13130,5090,0
20260317,220000,13131.3,13135.8,13125,13127.8,3785,0
20260317,230000,13130.1,13164,13129.9,13160,3971,0
20260317,080000,13090,13090,13090,13090,131,0
20260317,090000,13090.8,13100,13016.7,13028.1,25291,0
20260317,100000,13027.4,13086.5,13000,13086.5,51944,0
20260317,110000,13086.4,13113.8,13067.2,13110.6,37984,0
20260317,120000,13111.6,13115.9,13093.9,13097.3,28493,0
20260317,130000,13098.4,13112.3,13084.4,13093.3,27116,0
20260317,140000,13093.3,13124.9,13084.2,13086.5,38769,0
20260317,150000,13087.2,13133.2,13080.4,13126.7,50340,0
20260317,160000,13126.7,13143,13085.7,13111.7,36259,0
20260317,170000,13113.7,13146.6,13096.2,13118,37957,0
20260317,180000,13118.2,13147.3,13082.3,13114.3,37251,0
20260317,190000,13114.6,13155.7,13110,13129,10815,0
20260317,200000,13129,13146.4,13119.6,13131.2,5047,0
20260317,210000,13129.2,13145.5,13115.1,13130,5090,0
20260317,220000,13131.3,13135.8,13125,13127.8,3785,0
20260317,230000,13130.1,13164,13129.9,13160,3971,0
20260318,080000,13155.8,13155.8,13155.8,13155.8,40,0
20260318,090000,13155.8,13180.7,13105,13166.6,19970,0
20260318,100000,13166,13227,13166,13224.9,121667,0
20260318,110000,13224.8,13234.7,13156.7,13178.2,86905,0
20260318,120000,13178.8,13181.7,13159,13170.1,33302,0
20260318,130000,13168.9,13173.1,13086.5,13139.2,68624,0
20260318,140000,13139.2,13143.6,13040.6,13049.3,94488,0
20260318,150000,13050.5,13052.4,12970.3,13007.7,116429,0
20260318,160000,13007,13051.8,12940,13021.7,98189,0
20260318,170000,13024,13046.5,12986.9,12994.2,54936,0
20260318,180000,12993.2,13013.4,12973.7,12973.8,27552,0
20260318,190000,12973.8,13025.6,12968,13010.9,12662,0
20260318,200000,13012.1,13053.4,13002,13012.8,14834,0
20260318,210000,13013.1,13037.1,12971.2,12971.6,15639,0
20260318,220000,12971.5,12998.4,12936.2,12944.7,17838,0
20260318,230000,12944.8,12966.5,12884.3,12936,17743,0
20260319,080000,12958,12958,12958,12958,37,0
20260319,090000,12940.1,12988,12726.3,12769.5,82069,0
20260319,100000,12770.6,12824.4,12675.3,12700.2,221799,0
20260319,110000,12700,12792.6,12699.9,12759.3,204825,0
20260319,120000,12757.9,12845.7,12690.8,12692.1,215875,0
20260319,130000,12694.2,12707.9,12572.7,12628.6,139503,0
20260319,140000,12622.1,12664.5,12544.5,12557.6,86393,0
20260319,150000,12557,12564.6,12334.7,12433.9,243920,0
20260319,160000,12432.1,12445.7,12240.2,12443.2,282171,0
20260319,170000,12444,12546,12384,12485.2,181230,0
20260319,180000,12484.9,12551,12391.1,12453.9,72020,0
20260319,190000,12454.9,12516.7,12388,12401.8,28272,0
20260319,200000,12403.3,12482.9,12371.1,12450.4,31328,0
20260319,210000,12451.4,12451.4,12383.3,12428,36644,0
20260319,220000,12428.6,12537.5,12427.3,12506.8,23535,0
20260319,230000,12505.8,12534.8,12503.9,12534.8,9659,0
20260320,080000,12594.6,12594.6,12594.6,12594.6,353,0
20260320,090000,12594.6,12623.9,12473.9,12513,70369,0
20260320,100000,12516,12529.9,12336.5,12520,191986,0
20260320,110000,12518.6,12584.6,12487.1,12498,91606,0
20260320,120000,12498.5,12519.1,12396.5,12420,56361,0
20260320,130000,12421.4,12434.9,12361.4,12433,57052,0
20260320,140000,12435,12538.4,12431.7,12515.1,47979,0
20260320,150000,12515.1,12576.6,12500.3,12507.4,64121,0
20260320,160000,12506.4,12508.2,12311.6,12328.5,114835,0
20260320,170000,12328.5,12332.7,12164.7,12206.9,204936,0
20260320,180000,12207.4,12250,12144.9,12181.5,82443,0
20260323,080000,11618,11618,11618,11618,1798,0
20260323,090000,11611,11675,11422.2,11422.2,112111,0
20260323,100000,11422.2,11459.5,11097.8,11352.3,487313,0
20260323,110000,11351.8,11396,11226,11309.1,241418,0
20260323,120000,11311.1,11416.5,11261.9,11330.4,162693,0
20260323,130000,11331.5,11398.9,11298.9,11355.2,128779,0
20260323,140000,11355.9,11799,11352.1,11625.2,504969,0
20260323,150000,11625,11885,11521.6,11842.8,232839,0
20260323,160000,11840.7,11862.5,11681.3,11814.1,165183,0
20260323,170000,11816.7,11882.3,11768.1,11801.4,112067,0
20260323,180000,11802.8,11861.5,11479.8,11514.2,121017,0
20260323,190000,11510.9,11638,11482.8,11573.9,67597,0
20260323,200000,11580.3,11749.9,11575.6,11710,59558,0
20260323,210000,11706.3,11742.3,11609.5,11708.6,41286,0
20260323,220000,11707.3,11707.4,11518.2,11538.5,57631,0
20260323,230000,11537.7,11575.4,11507.1,11552.4,32342,0
20260324,080000,11446,11446,11446,11446,269,0
20260324,090000,11445,11563.3,11379,11523.3,85613,0
20260324,100000,11526.7,11656.6,11497,11620.9,144690,0
20260324,110000,11620.8,11638.3,11553,11607.2,104296,0
20260324,120000,11607.1,11608.5,11498.1,11527.8,83338,0
20260324,130000,11528.7,11546.2,11476.9,11530.8,85171,0
20260324,140000,11529.3,11536.5,11451.2,11518.4,92953,0
20260324,150000,11516.1,11541.8,11411.2,11431,100656,0
20260324,160000,11430,11464.6,11411.6,11454.9,68511,0
20260324,170000,11454.8,11527.7,11425,11464,60997,0
20260324,180000,11464.6,11512.7,11435,11459.5,29226,0
20260324,190000,11454.4,11493,11437,11463.5,12665,0
20260324,200000,11464.3,11479.2,11388.8,11427.9,21850,0
20260324,210000,11430,11473.5,11411.8,11417,14433,0
20260324,220000,11418.6,11464.8,11416.5,11443.2,7822,0
20260324,230000,11441.4,11632.6,11437,11601.8,39392,0
20260325,080000,11783.2,11783.2,11783.2,11783.2,610,0
20260325,090000,11788.2,11845,11700,11755,78230,0
20260325,100000,11755,11860.1,11736.8,11780.7,103521,0
20260325,110000,11777.8,11820.5,11770.2,11770.3,52324,0
20260325,120000,11770.8,11803.6,11715.8,11772.3,46985,0
20260325,130000,11774.2,11797.8,11734.6,11758.8,38287,0
20260325,140000,11757.9,11786.6,11748.6,11772.9,30935,0
20260325,150000,11774.7,11782.4,11660.2,11734.1,82513,0
20260325,160000,11737.2,11819.6,11726.7,11751.1,66267,0
20260325,170000,11754.9,11842.8,11726.4,11827.5,35236,0
20260325,180000,11828,11870.8,11772,11860,36493,0
20260325,190000,11858.6,11884,11821.3,11836.8,18604,0
20260325,200000,11837.7,11869.3,11817.6,11835.7,13922,0
20260325,210000,11834.2,11889.4,11796.3,11814.9,17883,0
20260325,220000,11814.2,11814.2,11700,11786,40686,0
20260325,230000,11784.9,11809,11730.7,11761.1,14542,0
20260326,080000,11690,11690,11690,11690,680,0
20260326,090000,11680.6,11724,11572.3,11703.3,85370,0
20260326,100000,11703,11764.9,11690.6,11717.1,99107,0
20260326,110000,11715.5,11740,11617,11642.3,76671,0
20260326,120000,11642.3,11658.3,11527.2,11536,81332,0
20260326,130000,11536.1,11668.1,11515,11656.8,84307,0
20260326,140000,11656.2,11695.3,11641.9,11665.5,66099,0
20260326,150000,11666.6,11743.8,11621,11641.1,58782,0
20260326,160000,11640.4,11691.5,11591.7,11623.7,72247,0
20260326,170000,11625.5,11682.8,11577.7,11604.3,51031,0
20260326,180000,11602,11602.1,11526.2,11527.8,46793,0
20260326,190000,11527.8,11554.9,11401.8,11438.4,37833,0
20260326,200000,11437.5,11455.3,11353.2,11358,38775,0
20260326,210000,11358.7,11448.8,11345.8,11433.9,29334,0
20260326,220000,11434,11441.1,11362.6,11373.2,20249,0
20260326,230000,11375.9,11494.6,11358.1,11467.7,41104,0
20260327,080000,11579.2,11579.2,11579.2,11579.2,684,0
20260327,090000,11579.2,11628,11511.3,11521.3,28173,0
20260327,100000,11522.4,11623.6,11515.3,11547.5,65378,0
20260327,110000,11545.1,11548,11415.1,11416,71785,0
20260327,120000,11416,11546.6,11412.1,11532.9,44562,0
20260327,130000,11533.6,11549,11472.8,11497.5,33086,0
20260327,140000,11496.4,11508.9,11450.9,11490.9,26774,0
20260327,150000,11492.9,11538.6,11456.7,11531.8,39903,0
20260327,160000,11531.6,11552.9,11452.8,11542.7,49376,0
20260327,170000,11535,11759.5,11535,11745,93882,0
20260327,180000,11745.9,11900,11742.3,11813.1,144479,0
20260327,190000,11812.2,11841,11739.4,11761.1,46190,0
20260327,200000,11762,11774.9,11670,11672.8,42800,0
20260327,210000,11673.2,11812.8,11672.8,11765.6,33049,0
20260327,220000,11765.9,11802.5,11726.8,11774,18751,0
20260327,230000,11777.9,11787.1,11752,11782,11073,0
20260328,090000,11787.9,11787.9,11787.9,11787.9,50,0
20260328,100000,11787.9,11834,11750,11817.3,3696,0
20260328,110000,11819.1,11859,11760,11798.7,4739,0
20260328,120000,11799,11860,11781,11815.2,3109,0
20260328,130000,11816.1,11824,11806.3,11818.8,579,0
20260328,140000,11820.4,11826.9,11808,11813.1,477,0
20260328,150000,11813.2,11823.7,11801.4,11809,783,0
20260328,160000,11810.9,11820.8,11775,11783,4104,0
20260328,170000,11784.5,11820,11763.5,11780.5,3374,0
20260328,180000,11776.3,11804.4,11763.3,11775,2322,0
20260329,090000,11775,11775,11775,11775,4,0
20260329,100000,11772,11792.8,11732,11739,4195,0
20260329,110000,11739,11763.4,11720,11763.4,2495,0
20260329,120000,11761.5,11766.2,11735,11743,2570,0
20260329,130000,11743,11752,11738.8,11746.2,807,0
20260329,140000,11746.2,11771.8,11746.2,11768.8,2285,0
20260329,150000,11767.4,11771.8,11750.5,11757.2,597,0
20260329,160000,11750.6,11757.9,11747.1,11747.1,602,0
20260329,170000,11750,11764,11748.9,11764,665,0
20260329,180000,11762.1,11781.4,11750,11754,2922,0
20260330,080000,11813.7,11813.7,11813.7,11813.7,240,0
20260330,090000,11816.5,11929.1,11780,11879.5,52291,0
20260330,100000,11880.8,11896.9,11770.4,11786.6,77851,0
20260330,110000,11786.6,11819.8,11786.1,11802,63417,0
20260330,120000,11802.1,11805.8,11726.6,11750.6,47001,0
20260330,130000,11750.7,11759.9,11682.5,11713.4,102331,0
20260330,140000,11712.3,11820,11696.5,11786.9,100179,0
20260330,150000,11788.1,11835.8,11775,11825.3,63927,0
20260330,160000,11825.4,11825.4,11713.6,11727.2,62080,0
20260330,170000,11728.3,11804.8,11727.5,11793.2,40018,0
20260330,180000,11794.5,11828,11762,11785.3,36506,0
20260330,190000,11785.3,11789.2,11732.1,11732.5,26563,0
20260330,200000,11734.4,11737.9,11650.3,11660,25144,0
20260330,210000,11660,11689.4,11631.3,11631.4,14433,0
20260330,220000,11631.4,11680.3,11620.6,11671.8,12252,0
20260330,230000,11672,11678.9,11631.6,11634.5,5189,0
20260331,080000,11802.1,11802.1,11802.1,11802.1,527,0
20260331,090000,11802.1,11814.9,11744.2,11752,36361,0
20260331,100000,11751,11795,11747.3,11789.5,50820,0
20260331,110000,11789.5,11804.4,11768.7,11782,47564,0
20260331,120000,11782.2,11802.3,11750.6,11764,35778,0
20260331,130000,11763.6,11807.7,11724,11774.9,62714,0
20260331,140000,11775,11892.7,11758,11881.1,65054,0
20260331,150000,11882.2,11957.2,11848.8,11884.8,66193,0
20260331,160000,11884.7,11938,11847.6,11929.3,45123,0
20260331,170000,11929.9,11965,11878.1,11890.1,65299,0
20260331,180000,11889.2,11974.9,11888.7,11914.9,39328,0
20260331,190000,11916.1,12017.7,11902.1,11986.7,35399,0
20260331,200000,11990.8,12047.8,11977,12007.9,26737,0
20260331,210000,12008.3,12076.9,12008.3,12062.4,15942,0
20260331,220000,12062.7,12111.3,12050.2,12099.4,19101,0
20260331,230000,12101.1,12106.5,12058,12058,13761,0
20260401,080000,12096.2,12096.2,12096.2,12096.2,71,0
20260401,090000,12098.8,12218.8,12082.8,12214.9,41994,0
20260401,100000,12214.9,12215.8,12045.3,12082.2,143493,0
20260401,110000,12082.2,12121.3,12072.8,12095.5,67919,0
20260401,120000,12095.6,12095.7,12054,12065.5,41824,0
20260401,130000,12066.3,12095,12025.2,12078.7,46895,0
20260401,140000,12078.6,12167.9,12075.5,12149.2,43972,0
20260401,150000,12148.1,12153.1,12080,12099.3,46656,0
20260401,160000,12098.2,12145,12080,12104.1,36027,0
20260401,170000,12103.8,12152,12085,12127.2,38017,0
20260401,180000,12125.2,12190.7,12115.8,12177.5,35459,0
20260401,190000,12173.8,12193,12146,12191.8,11922,0
20260401,200000,12191.5,12194.5,12106.1,12109,15411,0
20260401,210000,12109,12124.7,12046.7,12078.3,22045,0
20260401,220000,12078,12151,12073.5,12106.9,12745,0
20260401,230000,12112.1,12146.1,12096.5,12144.7,11172,0
20260402,080000,11770,11770,11770,11770,1232,0
20260402,090000,11769,11816.5,11656,11781.3,90316,0
20260402,100000,11781.2,11886.5,11740.3,11849.5,105913,0
20260402,110000,11849.6,11875.3,11786.5,11787.2,66938,0
20260402,120000,11787.1,11818.5,11764.8,11798.3,60145,0
20260402,130000,11798,11837.5,11755.5,11768.5,38148,0
20260402,140000,11768.2,11810,11718.1,11738.7,43524,0
20260402,150000,11739.6,11829.8,11732.2,11768.5,48140,0
20260402,160000,11769,11873.1,11727.3,11864,70399,0
20260402,170000,11864.9,11965,11832.9,11932,100210,0
20260402,180000,11932,11934.4,11854,11868.1,41161,0
20260402,190000,11867.3,11899.8,11831.1,11884,13761,0
20260402,200000,11881,11898.2,11832.7,11842,6948,0
20260402,210000,11844.9,11890.5,11836.3,11884.5,6611,0
20260402,220000,11888.9,11922.4,11871,11907.7,9324,0
20260402,230000,11904.3,11916,11860.1,11910.6,6019,0
20260403,080000,11900,11900,11900,11900,84,0
20260403,090000,11900,11900,11800,11800.3,19806,0
20260403,100000,11800.3,11801.3,11742.6,11781.1,40637,0
20260403,110000,11782.3,11839,11777.6,11810.7,30131,0
20260403,120000,11809.1,11833.2,11800,11815.6,18686,0
20260403,130000,11817.3,11836.4,11817.3,11822.6,11037,0
20260403,140000,11820.5,11824.4,11766.1,11767.9,22341,0
20260403,150000,11766,11782.2,11750.6,11764.7,22313,0
20260403,160000,11766.4,11767.1,11729.1,11729.5,16056,0
20260403,170000,11729.5,11753.4,11723.4,11726,21964,0
20260403,180000,11726.2,11731.8,11695,11703.7,21351,0
20260403,190000,11703.7,11723.5,11701.4,11708.9,6879,0
20260403,200000,11707,11709.7,11663.5,11687.8,24441,0
20260403,210000,11687.8,11687.8,11631.7,11649.3,23278,0
20260403,220000,11648.5,11681.9,11644.6,11662.6,8569,0
20260403,230000,11662.8,11692,11654.4,11660,8637,0
20260404,100000,11675,11711.2,11632.2,11700.5,6909,0
20260404,110000,11700.5,11719,11700,11705.5,1901,0
20260404,120000,11705,11705,11657.2,11670.2,5373,0
20260404,130000,11672.7,11704.1,11643.3,11679.9,4268,0
20260404,140000,11681.4,11700,11671.4,11683.9,1202,0
20260404,150000,11683.1,11709.7,11675,11698.5,2472,0
20260404,160000,11699.5,11707.6,11688.8,11696.9,884,0
20260404,170000,11702.4,11702.6,11687.1,11692.4,234,0
20260404,180000,11690.6,11694.8,11681.3,11693,1368,0
20260405,100000,11693,11713.7,11679,11698.3,2854,0
20260405,110000,11698.3,11707,11690,11702.6,617,0
20260405,120000,11702.5,11764,11700.1,11740.4,4800,0
20260405,130000,11743.8,11745,11676,11709.3,4094,0
20260405,140000,11709.3,11709.6,11685,11694.2,968,0
20260405,150000,11694.1,11694.2,11686,11691,987,0
20260405,160000,11693,11694.2,11685,11693.1,706,0
20260405,170000,11693.1,11699.8,11688.8,11699.7,349,0
20260405,180000,11699.7,11718.5,11695.6,11711,1526,0
20260406,080000,11718,11718,11718,11718,550,0
20260406,090000,11718,11772,11705.8,11768.8,21031,0
20260406,100000,11769.1,11769.6,11652.3,11756.1,83882,0
20260406,110000,11753.7,11858.8,11750.4,11857,100174,0
20260406,120000,11858.4,11892.4,11846.4,11872.8,107895,0
20260406,130000,11873.4,11905.6,11853.3,11880.2,59190,0
20260406,140000,11881,11900,11844,11852.3,41861,0
20260406,150000,11852.4,11888,11808,11869.7,50505,0
20260406,160000,11869.7,11875.6,11809,11849.7,48783,0
20260406,170000,11851,11888.5,11814.4,11869.2,46525,0
20260406,180000,11870.1,11875,11782.8,11810.6,51685,0
20260406,190000,11810.9,11816.1,11784.3,11790,7837,0
20260406,200000,11791,11800.6,11762.2,11779.5,11584,0
20260406,210000,11780,11830.4,11776.7,11802.6,9450,0
20260406,220000,11800,11803.9,11756.3,11792.9,6723,0
20260406,230000,11794.9,11802.4,11781,11797.1,6118,0
20260407,080000,11750,11750,11750,11750,27,0
20260407,090000,11750,11801.9,11700.1,11784.6,25057,0
20260407,100000,11782.2,11787.6,11707.7,11739.7,59482,0
20260407,110000,11738.2,11835.2,11731.1,11809.7,61224,0
20260407,120000,11811.1,11894,11802,11817,58972,0
20260407,130000,11817.4,11856,11793.6,11797.9,44083,0
20260407,140000,11801.8,11838.6,11774,11825.8,40166,0
20260407,150000,11824.9,11839,11795.2,11810.3,33406,0
20260407,160000,11816.9,11817,11709.4,11725.7,48064,0
20260407,170000,11723,11775.5,11651.3,11720,72083,0
20260407,180000,11721.4,11767.8,11697.7,11753.6,24419,0
20260407,190000,11757.1,11784,11751.8,11758.3,9816,0
20260407,200000,11761.1,11814.3,11747.1,11789.4,12120,0
20260407,210000,11791.4,11809.1,11737.8,11750.9,12410,0
20260407,220000,11750.9,11884.6,11747.5,11854.4,22009,0
20260407,230000,11854.3,11899.8,11840.9,11899.8,15283,0
20260408,080000,12114,12114,12114,12114,2769,0
20260408,090000,12117,12236.4,12111.5,12158.6,68937,0
20260408,100000,12158.7,12161.9,12072,12110,122652,0
20260408,110000,12109,12121,12073.4,12079.4,37078,0
20260408,120000,12079.4,12105,12009.4,12016.6,45993,0
20260408,130000,12016.5,12068.6,12010.9,12040.3,22513,0
20260408,140000,12039.7,12086.9,12027,12080.7,26456,0
20260408,150000,12080.8,12098.8,12012,12062.3,50279,0
20260408,160000,12062.2,12062.7,12002.1,12023.5,30084,0
20260408,170000,12023.6,12049.7,11929.7,11942.6,44287,0
20260408,180000,11943.6,11995.8,11940,11988.8,26879,0
20260408,190000,11988,12007.1,11965.6,11995.9,12134,0
20260408,200000,11995.8,12002,11923.1,11924.8,17322,0
20260408,210000,11924.9,11951.7,11827.1,11859.3,25394,0
20260408,220000,11859.3,11911.8,11834,11911.2,19303,0
20260408,230000,11911,11911,11882.7,11900.1,10018,0
20260409,080000,11890.1,11890.1,11890.1,11890.1,50,0
20260409,090000,11890.1,11904.8,11845,11859.8,11561,0
20260409,100000,11859.9,11879.1,11809.8,11845.5,49921,0
20260409,110000,11845.5,11846.7,11815.7,11819.9,24751,0
20260409,120000,11819.9,11831,11814,11826.2,38682,0
20260409,130000,11826,11867.1,11821.3,11854.5,35956,0
20260409,140000,11854.2,11896.9,11831.6,11886.9,45743,0
20260409,150000,11887.2,11894,11852.8,11874,34116,0
20260409,160000,11875.6,11922,11860.7,11878.1,35551,0
20260409,170000,11880.8,11898.5,11825,11849.5,23708,0
20260409,180000,11852.8,11910,11840.3,11905.6,37743,0
20260409,190000,11904,11932.2,11865.8,11884.2,16906,0
20260409,200000,11884.4,11917.5,11877.1,11903.1,6913,0
20260409,210000,11902.5,11902.6,11833.5,11851.9,10140,0
20260409,220000,11852,11869.9,11831.9,11832.7,5129,0
20260409,230000,11832.1,11842.7,11821.3,11827.8,9442,0
20260410,090000,11848.6,11849.1,11790,11795,17817,0
20260410,100000,11795.1,11801.5,11755.5,11767.8,42634,0
20260410,110000,11765.6,11767.5,11716.6,11741.7,33140,0
20260410,120000,11740.7,11796.2,11735.3,11769.6,46573,0
20260410,130000,11769.6,11782.3,11744.1,11768.6,21157,0
20260410,140000,11768.3,11778.3,11746.4,11771.2,28565,0
20260410,150000,11772.7,11813.7,11748.9,11778.8,31428,0
20260410,160000,11778.8,11788.3,11743.1,11756.9,21769,0
20260410,170000,11756.6,11812.3,11745.7,11763.6,25104,0
20260410,180000,11764.3,11803,11745,11751.2,18122,0
20260410,190000,11753,11770,11728.4,11753.9,11770,0
20260410,200000,11754,11766.2,11735.3,11738,4967,0
20260410,210000,11738.3,11760,11720,11755.7,5997,0
20260410,220000,11757,11758.9,11740.2,11742.2,2732,0
20260410,230000,11741.8,11742,11691.7,11708,10866,0
20260411,090000,11719.9,11719.9,11719.9,11719.9,32,0
20260411,100000,11710.7,11737.5,11710.7,11713.5,1340,0
20260411,110000,11714.8,11735,11710.9,11728.9,512,0
20260411,120000,11731.5,11744,11731.5,11743.4,1012,0
20260411,130000,11743.5,11751.9,11737.8,11740.9,1247,0
20260411,140000,11740.9,11751.4,11738,11749.2,433,0
20260411,150000,11749.2,11749.2,11737.8,11738.2,410,0
20260411,160000,11742.7,11742.7,11735.5,11737.3,339,0
20260411,170000,11738.8,11741.7,11727.8,11733.3,495,0
20260411,180000,11728.3,11790,11728.3,11756,2395,0
20260412,090000,11726,11726,11726,11726,271,0
20260412,100000,11729.2,11756.3,11652.3,11658,13975,0
20260412,110000,11664.3,11680.4,11652,11660,4571,0
20260412,120000,11662,11669.6,11525,11575.1,26903,0
20260412,130000,11575,11619.3,11566.1,11593.8,8800,0
20260412,140000,11593.8,11599,11581.2,11594,3714,0
20260412,150000,11594.4,11599,11578.2,11580,1681,0
20260412,160000,11578,11578,11528.6,11545.2,6680,0
20260412,170000,11542.6,11567.5,11510,11538.5,3778,0
20260412,180000,11538.4,11569.5,11501,11501,4537,0
20260413,080000,11666.3,11666.3,11666.3,11666.3,1158,0
20260413,090000,11666.3,11678.2,11575.6,11585.2,32334,0
20260413,100000,11587.1,11629.4,11584.9,11598.7,43445,0
20260413,110000,11599.5,11607.8,11547.1,11556.7,30396,0
20260413,120000,11556.7,11562.9,11525.5,11554.1,38898,0
20260413,130000,11554.2,11558.8,11501,11543.5,17407,0
20260413,140000,11544.5,11568.7,11511.2,11518.9,26878,0
20260413,150000,11518.1,11574,11516.5,11565.3,16593,0
20260413,160000,11565.5,11596.6,11559.2,11580.4,41837,0
20260413,170000,11580.6,11583.3,11531.2,11582.7,21986,0
20260413,180000,11583.9,11587.7,11534.9,11560.5,15555,0
20260413,190000,11559.8,11626.7,11551.2,11595.7,11105,0
20260413,200000,11598,11621,11571.4,11574.6,9838,0
20260413,210000,11575.8,11605,11562.1,11589.7,7532,0
20260413,220000,11590,11605,11572.8,11600,3114,0
20260413,230000,11600.3,11606.7,11560,11603.6,5121,0
20260414,080000,11630.3,11630.3,11630.3,11630.3,28,0
20260414,090000,11635.3,11705.5,11630.5,11703.5,19168,0
20260414,100000,11703.5,11720.3,11616.5,11625.5,46353,0
20260414,110000,11625.4,11630,11600,11613.6,28617,0
20260414,120000,11613.6,11613.9,11573.8,11574.8,24329,0
20260414,130000,11579,11612.8,11545.4,11580,35512,0
20260414,140000,11578.5,11598.6,11573.9,11582.9,15923,0
20260414,150000,11583,11594.3,11546.3,11569.2,30536,0
20260414,160000,11569.4,11602.9,11558.1,11563.4,41576,0
20260414,170000,11565.6,11595,11539.7,11565.6,38837,0
20260414,180000,11564.6,11583.7,11536,11566,20774,0
20260414,190000,11566.3,11601,11566.3,11579.5,9766,0
20260414,200000,11579.8,11631.5,11578.6,11617.9,17150,0
20260414,210000,11617.6,11644.2,11558.1,11604,15747,0
20260414,220000,11604,11632.6,11604,11630.5,5090,0
20260414,230000,11632.1,11636,11605.4,11610,5762,0
20260415,080000,11588.7,11588.7,11588.7,11588.7,109,0
20260415,090000,11588.7,11597.4,11549.9,11582.7,21153,0
20260415,100000,11583.1,11588.3,11513.5,11526.8,27842,0
20260415,110000,11525.8,11573,11514.5,11567.7,20041,0
20260415,120000,11572.1,11573.7,11487.8,11509.7,44476,0
20260415,130000,11509.6,11599.9,11500,11590.9,42407,0
20260415,140000,11592,11660,11591.4,11649,47298,0
20260415,150000,11649,11668,11621.3,11660,26561,0
20260415,160000,11660,11692.1,11650.1,11668.1,24465,0
20260415,170000,11670.8,11673.8,11634,11636.7,29517,0
20260415,180000,11637.9,11659.8,11589.2,11634.3,37336,0
20260415,190000,11632.9,11669.2,11625.5,11635.7,7323,0
20260415,200000,11635.7,11643,11612.7,11613,2955,0
20260415,210000,11613,11633.3,11611.1,11625.7,3787,0
20260415,220000,11624.1,11641.1,11617,11621.6,2486,0
20260415,230000,11620.2,11622.4,11600,11600,5886,0
20260416,080000,11668.5,11668.5,11668.5,11668.5,322,0
20260416,090000,11669.9,11727,11640,11670,31974,0
20260416,100000,11670,11816.4,11627.1,11759.5,134905,0
20260416,110000,11759.3,11797.5,11718.5,11778.1,53280,0
20260416,120000,11778.4,11805.3,11742.6,11758,33630,0
20260416,130000,11759.1,11763,11715.4,11748.7,25484,0
20260416,140000,11747.6,11768.5,11735.1,11766.6,15465,0
20260416,150000,11766.6,11790.1,11740,11775.3,21540,0
20260416,160000,11775.8,11788.3,11677.5,11716.8,24718,0
20260416,170000,11715.4,11738,11661.1,11686.6,37885,0
20260416,180000,11686.2,11734.6,11670.2,11691.8,17055,0
20260416,190000,11691.9,11700,11651,11660.8,7513,0
20260416,200000,11661,11673.2,11640,11640.9,6767,0
20260416,210000,11640,11651.1,11615.1,11624.7,9777,0
20260416,220000,11627.1,11668,11626.1,11653.3,5930,0
20260416,230000,11654.3,11663.3,11650.2,11663.3,3065,0
20260417,080000,11668.5,11668.5,11668.5,11668.5,14,0
20260417,090000,11668.5,11710,11659.8,11673.3,11799,0
20260417,100000,11672.2,11693,11646.5,11668.6,17318,0
20260417,110000,11667.7,11718.8,11666.5,11710,25527,0
20260417,120000,11711.4,11725,11663.2,11698,25702,0
20260417,130000,11697.6,11705.1,11673.4,11686.8,13387,0
20260417,140000,11688.4,11726.7,11675.9,11713.8,19797,0
20260417,150000,11714,11809.7,11710.9,11803.9,38722,0
20260417,160000,11805,11886.1,11772.1,11840.1,103370,0
20260417,170000,11842,11875.2,11804.5,11847.9,68445,0
20260417,180000,11848.5,11855.3,11815.7,11826.6,22687,0
20260417,190000,11828.1,11838.9,11811,11826,7635,0
20260417,200000,11825.6,11832.6,11789.6,11813,9240,0
20260417,210000,11813.6,11835.8,11810.4,11823,4762,0
20260417,220000,11822.5,11830.8,11807.8,11815.3,3104,0
20260417,230000,11812.1,11813.2,11780,11794.9,6965,0
20260418,090000,11771.5,11771.5,11771.5,11771.5,61,0
20260418,100000,11790,11800.1,11727,11783,4306,0
20260418,110000,11786,11786,11750,11756.3,2436,0
20260418,120000,11756.3,11773.6,11750,11758.8,909,0
20260418,130000,11756,11799.5,11755,11764.5,4592,0
20260418,140000,11762.9,11798.9,11758,11762.4,2611,0
20260418,150000,11763.4,11778,11762.4,11769.6,466,0
20260418,160000,11771.2,11774.5,11756.7,11764.8,1194,0
20260418,170000,11763.7,11795,11757.6,11770,1409,0
20260418,180000,11785.3,11787.8,11770.9,11780,1064,0
20260419,090000,11779.5,11779.5,11779.5,11779.5,337,0
20260419,100000,11772,11776,11741.1,11749.9,2268,0
20260419,110000,11747.2,11750,11740.6,11747.1,956,0
20260419,120000,11747.3,11749.8,11737.8,11741.4,1176,0
20260419,130000,11744.4,11751,11741.3,11748.9,615,0
20260419,140000,11747.4,11777,11745.9,11759.5,1110,0
20260419,150000,11756.1,11768.4,11746.2,11750,867,0
20260419,160000,11750,11758.1,11746.2,11756.9,1746,0
20260419,170000,11758,11761.8,11754.6,11757.3,1401,0
20260419,180000,11757.3,11767,11751.4,11763.5,917,0
20260420,080000,11727.2,11727.2,11727.2,11727.2,944,0
20260420,090000,11727.2,11728.9,11600,11631,41597,0
20260420,100000,11631.8,11679.4,11622.9,11641.5,67650,0
20260420,110000,11640.6,11644.6,11611,11636.4,38709,0
20260420,120000,11636,11649.3,11610.3,11619,55599,0
20260420,130000,11619,11662.9,11619,11640.8,29506,0
20260420,140000,11643.3,11678,11635.9,11672.4,29323,0
20260420,150000,11672.2,11692.7,11640.8,11642.3,24383,0
20260420,160000,11642.9,11682.1,11630.7,11661.6,17711,0
20260420,170000,11662.4,11690,11621,11643.8,25064,0
20260420,180000,11643.9,11652.2,11621,11627.8,11008,0
20260420,190000,11626.4,11639.4,11613.7,11637,5409,0
20260420,200000,11638,11642.6,11605.9,11614.8,7010,0
20260420,210000,11612.9,11636,11611.8,11633,2959,0
20260420,220000,11632.7,11646.9,11620.2,11623,4207,0
20260420,230000,11622.9,11647.8,11620.7,11636,2606,0
20260421,080000,11584,11584,11584,11584,574,0
20260421,090000,11581.6,11585.8,11524.4,11528.4,36750,0
20260421,100000,11527.4,11545.3,11503,11506.3,34274,0
20260421,110000,11507.1,11511.7,11470.4,11484.7,30867,0
20260421,120000,11485,11495.3,11475.5,11485.4,19467,0
20260421,130000,11485.4,11570.8,11483.5,11526.5,76175,0
20260421,140000,11526.4,11549.3,11510.2,11539.3,21352,0
20260421,150000,11540.5,11551.9,11502.7,11537.6,22083,0
20260421,160000,11543.1,11548.5,11485.3,11508.3,37550,0
20260421,170000,11507.7,11508.1,11352.3,11391.1,68858,0
20260421,180000,11391,11445,11360.4,11395.3,36835,0
20260421,190000,11396.1,11413.1,11302.5,11308.2,32231,0
20260421,200000,11307.3,11345.1,11277.1,11328.4,34601,0
20260421,210000,11332.5,11345.4,11302.3,11340.7,14092,0
20260421,220000,11342.4,11363.9,11250,11263.4,22579,0
20260421,230000,11264.8,11374.8,11245,11363.4,34460,0
20260422,080000,11462,11462,11462,11462,351,0
20260422,090000,11465,11485,11435.1,11478.9,25179,0
20260422,100000,11479,11564,11478.2,11512.3,61252,0
20260422,110000,11512.3,11537.1,11471.1,11490,46397,0
20260422,120000,11490.4,11494.7,11460.4,11463.9,14678,0
20260422,130000,11464.1,11497.5,11456.4,11496.9,19172,0
20260422,140000,11497,11509.8,11478.4,11486.9,12755,0
20260422,150000,11486.4,11505.8,11460.5,11464.4,23147,0
20260422,160000,11466,11477.1,11437.8,11445.9,30757,0
20260422,170000,11448.6,11466,11421.2,11432.2,23848,0
20260422,180000,11432.2,11450.9,11404,11404,15670,0
20260422,190000,11404.1,11431,11400,11413.8,12443,0
20260422,200000,11421.6,11443.2,11421.6,11442.2,3870,0
20260422,210000,11442.2,11479,11425,11455,6880,0
20260422,220000,11454.1,11469,11450,11456.7,3427,0
20260422,230000,11457.5,11464.8,11441.9,11455.2,3568,0
20260423,080000,11411.8,11411.8,11411.8,11411.8,500,0
20260423,090000,11411.8,11415,11358.9,11369.1,21235,0
20260423,100000,11369,11391.8,11349.4,11370.9,57488,0
20260423,110000,11370.6,11390.9,11302.8,11302.8,44834,0
20260423,120000,11302.9,11332.8,11268.1,11309.1,52680,0
20260423,130000,11310,11334.8,11284.7,11334.6,25171,0
20260423,140000,11334.6,11393.5,11325,11393.3,33242,0
20260423,150000,11393.2,11568.9,11392.6,11564.8,87495,0
20260423,160000,11563.7,11575.1,11495.5,11495.5,46249,0
20260423,170000,11495.6,11553.2,11476.2,11525.4,25096,0
20260423,180000,11525.3,11542.5,11501.4,11509.7,14519,0
20260423,190000,11509.7,11547.9,11504.3,11541.9,7767,0
20260423,200000,11541.7,11541.7,11391.5,11477.4,37894,0
20260423,210000,11477.3,11509.9,11472.9,11472.9,12946,0
20260423,220000,11473,11489.7,11458,11464.8,7090,0
20260423,230000,11463.9,11464.5,11424.8,11440.8,9733,0
20260424,080000,11415,11415,11415,11415,227,0
20260424,090000,11415,11482,11415,11443.2,17997,0
20260424,100000,11443.5,11446.2,11390.5,11395.5,62058,0
20260424,110000,11395.6,11396.5,11353,11354,56018,0
20260424,120000,11352.8,11373,11335.5,11342.6,30989,0
20260424,130000,11342.6,11373.9,11312.8,11337.1,30847,0
20260424,140000,11340.1,11391.4,11339,11379.9,54031,0
20260424,150000,11379.3,11391.4,11333.3,11359.1,33203,0
20260424,160000,11359.1,11366.8,11330,11341.5,35349,0
20260424,170000,11344.6,11382.4,11328.3,11355,39271,0
20260424,180000,11355,11367.9,11339.1,11360.9,17896,0
20260424,190000,11361.5,11375,11344.1,11368.4,6763,0
20260424,200000,11368.9,11373,11343.1,11356.3,3881,0
20260424,210000,11356.2,11365.1,11326.6,11355,7304,0
20260424,220000,11355.2,11360,11329.9,11336.1,3608,0
20260424,230000,11333.7,11335,11303.1,11318.1,10397,0
20260425,100000,11324.9,11356,11306,11340.1,3008,0
20260425,110000,11341,11347.3,11341,11342.2,375,0
20260425,120000,11345.6,11352,11325.3,11351,1775,0
20260425,130000,11350.5,11352,11331.3,11337.1,710,0
20260425,140000,11331.5,11348,11331,11342.4,332,0
20260425,150000,11343.2,11349,11342.4,11346.6,282,0
20260425,160000,11348.5,11349,11334.4,11340.5,265,0
20260425,170000,11339.2,11342.3,11333.9,11339.6,354,0
20260425,180000,11332.9,11347.5,11331,11346,717,0
20260426,090000,11344.7,11344.7,11344.7,11344.7,6,0
20260426,100000,11335.1,11346,11325.6,11341.1,306,0
20260426,110000,11341.1,11344.7,11332.3,11340.1,314,0
20260426,120000,11341.9,11345.9,11334.8,11345.9,582,0
20260426,130000,11342.1,11346,11340.2,11343,419,0
20260426,140000,11345.3,11345.6,11338.2,11345.5,407,0
20260426,150000,11345.4,11352,11345.4,11347.2,484,0
20260426,160000,11350.7,11352,11340.7,11341.4,591,0
20260426,170000,11347.5,11349.4,11341.2,11347.4,257,0
20260426,180000,11349.3,11349.4,11345,11347.5,446,0
20260427,080000,11330,11330,11330,11330,70,0
20260427,090000,11330,11338,11301,11308.8,14813,0
20260427,100000,11308.3,11319.8,11279,11313.1,32251,0
20260427,110000,11312.8,11312.8,11263.9,11268.6,20419,0
20260427,120000,11268.3,11286.7,11249,11267.3,38395,0
20260427,130000,11267.1,11273.7,11251.7,11273.1,17329,0
20260427,140000,11273.2,11273.6,11226.4,11232.8,30859,0
20260427,150000,11232.8,11239.2,11219.9,11225.6,26437,0
20260427,160000,11226,11228.9,11201,11208.7,23941,0
20260427,170000,11206,11208.3,11147.3,11153.3,40814,0
20260427,180000,11153.3,11157.9,11122,11131.7,26752,0
20260427,190000,11132.5,11153.6,11130.2,11147.9,5481,0
20260427,200000,11148,11171.6,11130.8,11162.8,7010,0
20260427,210000,11162.4,11179.3,11151.9,11177.9,7611,0
20260427,220000,11178,11183.1,11160,11168.6,16233,0
20260427,230000,11169.4,11172.3,11152.4,11160.9,3141,0
20260428,080000,11069,11069,11069,11069,343,0
20260428,090000,11065,11080,10971,11022.5,72551,0
20260428,100000,11022.5,11057.5,11011.2,11044.3,39505,0
20260428,110000,11044.3,11107.8,11011.4,11064.2,32704,0
20260428,120000,11063.1,11064.6,10985.9,11008.7,26855,0
20260428,130000,11008,11042.5,11007.9,11017.1,10409,0
20260428,140000,11015.6,11035,10915,10930,36526,0
20260428,150000,10930,11034.2,10923.5,11028.3,36888,0
20260428,160000,11027.6,11030,10967.8,10993.2,22420,0
20260428,170000,10992.3,11006.1,10937.7,10974.4,28832,0
20260428,180000,10974.5,10999.8,10957.4,10998.3,11086,0
20260428,190000,10998.3,11021.3,10988.4,11017.2,5762,0
20260428,200000,11017,11050.2,11006.7,11033.8,10730,0
20260428,210000,11035.1,11043.3,11017.1,11021.9,6000,0
20260428,220000,11020.6,11028.4,11011.3,11016.4,3644,0
20260428,230000,11016.1,11023,11000,11003.3,6465,0
20260429,080000,11005,11005,11005,11005,11,0
20260429,090000,11007.7,11048,10991.1,10991.8,18186,0
20260429,100000,10993,11019.3,10890.1,10912.2,44654,0
20260429,110000,10912.1,10954.3,10906.3,10937.5,25997,0
20260429,120000,10937.5,10952.7,10873.1,10885.8,27536,0
20260429,130000,10882.8,10921.5,10882.2,10897.5,14482,0
20260429,140000,10898,10911.6,10885.1,10899.2,13224,0
20260429,150000,10895.7,10921.2,10857.8,10862.4,23602,0
20260429,160000,10864,10877.9,10795.8,10814.3,33149,0
20260429,170000,10814.3,10842.8,10800,10837.1,27095,0
20260429,180000,10836.9,10883.8,10826,10855.4,23736,0
20260429,190000,10855.1,10914.9,10855.1,10873.7,17647,0
20260429,200000,10872.7,10896.9,10869.2,10886.9,3060,0
20260429,210000,10889,10898.1,10800.1,10870,20570,0
20260429,220000,10871.3,10907.7,10870.5,10894.7,10423,0
20260429,230000,10899.7,10919.5,10890.2,10902,7643,0
20260430,080000,10935,10935,10935,10935,363,0
20260430,090000,10939.9,11014.9,10915.4,10997.9,30958,0
20260430,100000,10997.9,11063.9,10972.8,11052.9,66162,0
20260430,110000,11054.5,11097.4,11041.5,11041.5,30628,0
20260430,120000,11041.7,11089.5,11021.8,11045.1,27099,0
20260430,130000,11043.7,11088.3,11033.6,11085.6,17629,0
20260430,140000,11085.7,11091,11045.6,11051.3,24898,0
20260430,150000,11051.3,11089.7,11051,11083.7,18179,0
20260430,160000,11087,11113.7,11038.3,11042.1,36458,0
20260430,170000,11042,11096,11041,11087.7,14403,0
20260430,180000,11087.5,11111.3,11074,11088.5,14376,0
20260430,190000,11087.2,11089.3,11055.2,11064.8,4945,0
20260430,200000,11066.9,11102.1,11066.9,11102,5448,0
20260430,210000,11101.7,11113.8,11096.1,11112.8,6537,0
20260430,220000,11112.8,11127,11102.1,11107.5,11404,0
20260430,230000,11107.9,11124,11103.3,11111,3823,0
20260501,100000,11068.7,11068.7,10992.4,11015.3,12868,0
20260501,110000,11015.2,11019.4,10983.4,10989.2,6916,0
20260501,120000,10995,11013.5,10985,10995,3619,0
20260501,130000,10991.9,11007.4,10983.4,11003,3226,0
20260501,140000,11001.1,11014.2,10990.8,11014.2,2170,0
20260501,150000,11013.5,11043.8,11009.9,11036.5,4064,0
20260501,160000,11036.5,11115.3,11030.1,11098.8,6123,0
20260501,170000,11100.1,11218.6,11100.1,11116.4,25655,0
20260501,180000,11116.4,11158,11087.3,11120.3,12586,0
20260501,190000,11120.3,11147.6,11109,11120.3,1474,0
20260501,200000,11120.2,11124.1,11073.5,11100.6,3126,0
20260501,210000,11096,11099.9,11079,11095.7,1689,0
20260501,220000,11098.3,11116,11082,11084.9,1350,0
20260501,230000,11084.3,11087,11075,11075,2334,0
20260502,090000,11077,11077,11077,11077,150,0
20260502,100000,11077,11130,11057.2,11127.5,3221,0
20260502,110000,11127.6,11157,11113.9,11142.6,3371,0
20260502,120000,11142.6,11144.3,11112.2,11116,1802,0
20260502,130000,11115.9,11140.4,11112.9,11123,1180,0
20260502,140000,11125,11128,11118.4,11125,427,0
20260502,150000,11125,11125,11113.1,11113.4,802,0
20260502,160000,11116.3,11124.5,11115.3,11124.1,209,0
20260502,170000,11124.5,11130,11124,11124.5,209,0
20260502,180000,11126.2,11143.8,11112.2,11129,854,0
20260503,090000,11128.8,11128.8,11128.8,11128.8,1,0
20260503,100000,11128.8,11132.1,11119.9,11120,1098,0
20260503,110000,11120,11130.3,11116.2,11120.4,1133,0
20260503,120000,11120.4,11120.4,11104.2,11115.8,1191,0
20260503,130000,11109.6,11115.6,11106.3,11108,315,0
20260503,140000,11107.6,11109.9,11104,11106.5,160,0
20260503,150000,11106.5,11107.6,11106.2,11106.5,595,0
20260503,160000,11106.5,11116.9,11106.2,11113,570,0
20260503,170000,11112,11112,11057.2,11099.4,2979,0
20260503,180000,11103.2,11150,11099,11139.6,2620,0
20260504,080000,11086,11086,11086,11086,26,0
20260504,090000,11085,11085.9,11029,11040.2,20825,0
20260504,100000,11041.3,11041.4,10974.3,10999.5,72537,0
20260504,110000,10999.6,11086.6,10995.2,11069.4,44480,0
20260504,120000,11070.7,11130.3,11070.1,11091.8,39553,0
20260504,130000,11093.7,11095.6,10937.3,11026.5,85476,0
20260504,140000,11029,11068,11022.5,11033.7,24902,0
20260504,150000,11033.6,11065,11032.7,11040.2,16717,0
20260504,160000,11035.6,11054.8,11019,11045,7598,0
20260504,170000,11044.9,11085.9,11022.8,11039.4,14186,0
20260504,180000,11039,11060,10950,10961,42986,0
20260504,190000,10961.1,10975.9,10924.2,10947,21597,0
20260504,200000,10948,10987.8,10948,10963.8,5352,0
20260504,210000,10964.9,10979.4,10936.6,10955,6083,0
20260504,220000,10955.7,10984.4,10949.2,10954.2,2928,0
20260504,230000,10958.6,10970.5,10941,10953,1691,0
20260505,080000,11000.7,11000.7,11000.7,11000.7,10,0
20260505,090000,11001.4,11053,11001.4,11034.8,16477,0
20260505,100000,11034.2,11044.4,10971.9,10976.4,22409,0
20260505,110000,10977,11052.8,10976.4,11049.8,21970,0
20260505,120000,11049.3,11062.2,11034.9,11049.9,23340,0
20260505,130000,11049.2,11050.4,11003.6,11004.6,10643,0
20260505,140000,11003.6,11102.8,10999.9,11101.4,20742,0
20260505,150000,11102.2,11114.3,11078.2,11107.4,23727,0
20260505,160000,11107.5,11137.1,11105,11109,19729,0
20260505,170000,11109.1,11129.1,11088.3,11118.5,15890,0
20260505,180000,11118.5,11127,11096.5,11100.4,11755,0
20260505,190000,11101.4,11106.5,11050,11080.3,9955,0
20260505,200000,11081,11087.7,11065.2,11084.1,3695,0
20260505,210000,11082.1,11097.3,11078.6,11080.4,2812,0
20260505,220000,11085,11085,11064,11069.6,2825,0
20260505,230000,11066.5,11080.5,11065.4,11073.7,3193,0
20260506,080000,11280,11280,11280,11280,1743,0
20260506,090000,11280,11348,11271.1,11340.6,65790,0
20260506,100000,11338.5,11344,11256.2,11343.9,69207,0
20260506,110000,11343.9,11369.5,11292,11364.1,46906,0
20260506,120000,11365,11379.9,11218.1,11252.8,90926,0
20260506,130000,11253.6,11277.6,11210,11237.2,58830,0
20260506,140000,11237.1,11266.1,11215.5,11221.1,57542,0
20260506,150000,11222.2,11222.5,11163.4,11203.4,42514,0
20260506,160000,11195.1,11243,11173.2,11235,19884,0
20260506,170000,11233.1,11270.4,11230.1,11252,25438,0
20260506,180000,11249.6,11253.6,11198.6,11199.2,15574,0
20260506,190000,11199,11202,11158,11173.2,14264,0
20260506,200000,11169,11186.3,11162.4,11171.1,7394,0
20260506,210000,11171.7,11192.6,11169.5,11189.3,2260,0
20260506,220000,11192.3,11225,11190,11209.7,5080,0
20260506,230000,11208.1,11223,11192.1,11208,4857,0
20260507,080000,11236.5,11236.5,11236.5,11236.5,62,0
20260507,090000,11235,11317.3,11215.8,11290.9,32366,0
20260507,100000,11291.6,11355.9,11281.3,11347.3,119279,0
20260507,110000,11347.4,11383.9,11312.1,11325.4,51504,0
20260507,120000,11324.5,11376.6,11310.3,11344.4,26786,0
20260507,130000,11344.8,11369.2,11339,11355.7,23366,0
20260507,140000,11355.7,11356.2,11332.9,11352.9,11039,0
20260507,150000,11355.3,11380,11327.1,11355.2,19513,0
20260507,160000,11354.2,11399.8,11335.9,11366.2,26307,0
20260507,170000,11366.6,11416.8,11357.8,11413.3,27815,0
20260507,180000,11414.2,11416.8,11333,11337.1,22810,0
20260507,190000,11339.4,11343.5,11275.5,11298,28944,0
20260507,200000,11300.4,11310,11232.9,11284,21131,0
20260507,210000,11284,11295,11252,11281.5,5401,0
20260507,220000,11280.7,11288.9,11253.8,11270,4831,0
20260507,230000,11270.1,11303.7,11255,11260.2,5103,0
20260508,090000,11326.5,11345,11301,11326.8,24000,0
20260508,100000,11325.9,11325.9,11242.1,11266.7,42422,0
20260508,110000,11266.6,11290.6,11263.8,11272.6,18969,0
20260508,120000,11273.1,11304.9,11258.2,11260.4,22646,0
