20251217,070000,72.19,72.48,72.1,72.4,2961381,0
20251217,080000,72.39,72.45,72.22,72.29,1552524,0
20251217,090000,72.29,72.42,72.21,72.27,3013204,0
20251217,100000,72.26,72.3,71.82,72.05,10730522,0
20251217,110000,72.05,72.34,72.01,72.2,5388682,0
20251217,120000,72.2,72.21,71.82,71.91,7803940,0
20251217,130000,71.91,72.16,71.83,72.06,4532743,0
20251217,140000,72.06,72.16,71.8,71.95,4263969,0
20251217,150000,71.96,72.04,71.82,72.01,2307626,0
20251217,160000,72.01,72.01,71.81,71.83,1815141,0
20251217,170000,71.84,71.88,71.56,71.85,5697922,0
20251217,180000,71.86,72.06,71.76,71.98,3578905,0
20251217,190000,71.96,72.2,71.86,71.97,3798445,0
20251217,200000,71.98,72.08,71.96,72.04,618829,0
20251217,210000,72.04,72.08,71.95,71.97,841862,0
20251217,220000,71.99,72.1,71.82,72.04,2395260,0
20251217,230000,72.05,72.12,71.89,72,1190936,0
20251218,070000,72.11,72.24,71.99,72.05,1423824,0
20251218,080000,72.05,72.22,71.97,72.05,939163,0
20251218,090000,72.04,72.29,71.99,72.2,2012860,0
20251218,100000,72.2,72.95,72.03,72.73,15694448,0
20251218,110000,72.72,72.78,72.46,72.53,6942526,0
20251218,120000,72.53,73.17,72.49,73.1,12174747,0
20251218,130000,73.1,73.4,73.01,73.07,15596619,0
20251218,140000,73.06,73.21,72.81,73.14,7980633,0
20251218,150000,73.14,73.18,72.91,73,8928919,0
20251218,160000,73,73.57,72.98,73.28,20263234,0
20251218,170000,73.28,73.4,73.05,73.09,7638419,0
20251218,180000,73.08,73.27,72.72,73.27,13825619,0
20251218,190000,73.18,73.27,72.97,73.15,4017601,0
20251218,200000,73.15,73.18,72.98,73.11,1751425,0
20251218,210000,73.11,73.22,73.02,73.19,1153021,0
20251218,220000,73.17,73.38,73.17,73.26,2896534,0
20251218,230000,73.27,73.38,73.23,73.32,1557714,0
20251219,070000,73.35,73.69,73.18,73.63,4656691,0
20251219,080000,73.63,73.8,73.36,73.71,5817062,0
20251219,090000,73.7,73.77,73.58,73.73,4209151,0
20251219,100000,73.73,74.21,73.72,74.09,17433515,0
20251219,110000,74.09,74.28,73.87,74.17,15941663,0
20251219,120000,74.17,74.18,73.64,74.05,10829788,0
20251219,130000,74.07,74.08,72.82,73.53,31423204,0
20251219,140000,73.53,73.86,73.22,73.6,12717469,0
20251219,150000,73.6,73.62,73.11,73.13,6472850,0
20251219,160000,73.13,73.43,73.04,73.24,5756901,0
20251219,170000,73.24,73.38,72.72,72.87,9962902,0
20251219,180000,72.87,73.22,72.8,72.8,3562503,0
20251219,190000,72.88,73.14,72.86,72.96,2629453,0
20251219,200000,72.95,73.19,72.92,73.14,1565094,0
20251219,210000,73.14,73.14,73,73.03,1528555,0
20251219,220000,73.03,73.08,73,73.01,568707,0
20251219,230000,73.01,73.1,73,73.07,1018464,0
20251220,090000,73.15,73.15,73.15,73.15,2663,0
20251220,100000,73.14,73.25,73.07,73.15,761397,0
20251220,110000,73.15,73.16,72.95,73,634359,0
20251220,120000,73,73.1,72.98,73.06,199454,0
20251220,130000,73.06,73.07,73.03,73.05,221090,0
20251220,140000,73.07,73.11,73.02,73.08,274185,0
20251220,150000,73.08,73.13,73.02,73.06,183413,0
20251220,160000,73.06,73.09,73.03,73.05,196620,0
20251220,170000,73.05,73.1,73.03,73.1,246430,0
20251220,180000,73.1,73.18,73.05,73.12,337149,0
20251221,090000,73.09,73.09,73.09,73.09,38527,0
20251221,100000,73.08,73.16,73.03,73.08,282704,0
20251221,110000,73.08,73.13,73.05,73.08,236686,0
20251221,120000,73.09,73.1,72.95,73.01,723313,0
20251221,130000,73.01,73.12,73,73.04,298857,0
20251221,140000,73.05,73.1,73,73.08,251411,0
20251221,150000,73.09,73.1,73.07,73.08,180065,0
20251221,160000,73.09,73.11,73.01,73.05,191530,0
20251221,170000,73.03,73.05,72.97,73.02,348515,0
20251221,180000,73.03,73.09,73.02,73.08,220025,0
20251222,070000,73.17,73.33,73.04,73.18,1632382,0
20251222,080000,73.18,73.29,73.15,73.2,1527343,0
20251222,090000,73.19,73.2,72.75,72.85,4157158,0
20251222,100000,72.87,72.87,72.02,72.23,17302731,0
20251222,110000,72.22,72.44,72.16,72.34,5849689,0
20251222,120000,72.34,72.53,72.24,72.31,5914962,0
20251222,130000,72.3,72.63,72.27,72.61,6367862,0
20251222,140000,72.62,72.63,72.36,72.49,5464218,0
20251222,150000,72.49,72.49,72.03,72.28,5400487,0
20251222,160000,72.28,72.33,71.79,71.86,8911982,0
20251222,170000,71.86,71.88,71.24,71.29,15997681,0
20251222,180000,71.3,71.31,71.03,71.31,6666425,0
20251222,190000,71.31,71.64,71.28,71.54,3475925,0
20251222,200000,71.55,71.58,71.36,71.41,2257644,0
20251222,210000,71.4,71.41,71.3,71.36,1119761,0
20251222,220000,71.36,71.39,71.1,71.14,2485444,0
20251222,230000,71.15,71.3,71.08,71.19,2694685,0
20251223,070000,71.25,71.41,71.25,71.41,1832222,0
20251223,080000,71.41,71.41,71.32,71.35,911428,0
20251223,090000,71.35,71.37,71.11,71.26,1395839,0
20251223,100000,71.25,71.49,71.17,71.35,2763153,0
20251223,110000,71.34,71.42,71.03,71.21,3682286,0
20251223,120000,71.22,71.23,70.62,71.01,9925292,0
20251223,130000,71.01,71.5,70.94,71.4,6207762,0
20251223,140000,71.39,72.08,71.3,72.07,7072536,0
20251223,150000,72.08,72.09,71.7,71.78,7864950,0
20251223,160000,71.78,72.05,71.7,72.03,3852012,0
20251223,170000,72.02,72.11,71.86,72,4099957,0
20251223,180000,72,72.03,71.85,71.96,1771091,0
20251223,190000,71.97,72.03,71.9,71.9,1133529,0
20251223,200000,71.91,71.93,71.79,71.86,1264901,0
20251223,210000,71.87,71.97,71.85,71.94,584596,0
20251223,220000,71.94,72.08,71.88,72.03,1413071,0
20251223,230000,72.04,72.07,71.71,71.88,1763733,0
20251224,070000,71.93,72.05,71.88,71.89,831409,0
20251224,080000,71.89,72.2,71.86,72.01,2123508,0
20251224,090000,72.02,72.04,71.63,71.77,2712605,0
20251224,100000,71.77,71.9,71.52,71.82,2378161,0
20251224,110000,71.82,71.95,71.42,71.57,5763296,0
20251224,120000,71.57,71.6,71.37,71.57,3182433,0
20251224,130000,71.56,71.86,71.55,71.82,3286460,0
20251224,140000,71.83,72.04,71.75,71.82,3170486,0
20251224,150000,71.83,71.97,71.62,71.7,2617060,0
20251224,160000,71.7,71.74,71.59,71.63,2008383,0
20251224,170000,71.63,71.67,71.45,71.62,2448158,0
20251224,180000,71.63,71.63,71.45,71.55,1494300,0
20251224,190000,71.56,71.63,71.49,71.59,1412180,0
20251224,200000,71.58,71.63,71.53,71.63,754670,0
20251224,210000,71.63,71.66,71.48,71.65,1445655,0
20251224,220000,71.65,71.65,71.49,71.6,1638600,0
20251224,230000,71.61,71.67,71.58,71.6,1367034,0
20251225,070000,71.7,71.88,71.63,71.76,1322740,0
20251225,080000,71.76,71.78,71.64,71.74,445463,0
20251225,090000,71.72,71.76,71.52,71.56,759902,0
20251225,100000,71.55,71.59,71.18,71.4,4455107,0
20251225,110000,71.41,71.73,71.34,71.69,2592400,0
20251225,120000,71.69,71.7,71.43,71.46,1630875,0
20251225,130000,71.46,71.54,71.36,71.4,1906611,0
20251225,140000,71.41,71.54,71.3,71.47,2466469,0
20251225,150000,71.47,71.49,71.33,71.34,1285856,0
20251225,160000,71.33,71.47,71.26,71.34,2241669,0
20251225,170000,71.35,71.43,71.29,71.41,1621143,0
20251225,180000,71.41,71.49,71.36,71.43,1001352,0
20251225,190000,71.44,71.44,71.32,71.39,1120356,0
20251225,200000,71.39,71.47,71.33,71.41,834051,0
20251225,210000,71.42,71.47,71.39,71.47,640659,0
20251225,220000,71.47,71.54,71.45,71.5,762367,0
20251225,230000,71.5,71.5,71.37,71.4,589355,0
20251226,070000,71.4,71.6,71.36,71.52,603691,0
20251226,080000,71.52,71.53,71.3,71.4,946709,0
20251226,090000,71.4,71.97,71.31,71.88,4512893,0
20251226,100000,71.87,72.16,71.79,71.9,7556835,0
20251226,110000,71.9,72,71.81,71.83,3111841,0
20251226,120000,71.83,71.86,71.7,71.83,2903667,0
20251226,130000,71.83,71.98,71.74,71.97,2459576,0
20251226,140000,71.97,72.15,71.85,72.12,3705448,0
20251226,150000,72.12,72.91,72.11,72.66,16063965,0
20251226,160000,72.69,73.1,72.67,72.85,12261208,0
20251226,170000,72.85,72.98,72.68,72.87,4296380,0
20251226,180000,72.88,72.89,72.7,72.7,1644006,0
20251226,190000,72.69,72.77,72.25,72.41,3627684,0
20251226,200000,72.4,72.6,72.39,72.48,1789798,0
20251226,210000,72.48,72.56,72.42,72.51,2033715,0
20251226,220000,72.52,72.82,72.51,72.81,1754567,0
20251226,230000,72.82,72.97,72.8,72.92,2983937,0
20251227,090000,73.01,73.01,73.01,73.01,31841,0
20251227,100000,73.02,73.15,72.81,72.9,2384281,0
20251227,110000,72.92,72.94,72.78,72.86,894478,0
20251227,120000,72.87,73,72.77,72.8,1326131,0
20251227,130000,72.82,73.05,72.8,73.03,1186771,0
20251227,140000,73.03,73.07,72.95,73,987520,0
20251227,150000,73.01,73.08,72.97,73.07,656853,0
20251227,160000,73.08,73.09,73.04,73.06,414230,0
20251227,170000,73.05,73.08,72.96,73.04,519664,0
20251227,180000,73.03,73.05,72.91,72.95,239129,0
20251228,090000,72.83,72.83,72.83,72.83,23081,0
20251228,100000,72.83,73,72.61,72.64,1867218,0
20251228,110000,72.63,72.82,72.6,72.75,617943,0
20251228,120000,72.75,72.79,72.7,72.74,366574,0
20251228,130000,72.73,72.8,72.7,72.74,341930,0
20251228,140000,72.74,72.98,72.72,72.93,829553,0
20251228,150000,72.91,73,72.89,72.94,680572,0
20251228,160000,72.92,73.01,72.89,73.01,780341,0
20251228,170000,72.97,73,72.92,72.98,342132,0
20251228,180000,72.98,73.07,72.9,72.92,1148423,0
20251229,070000,73.25,73.29,72.67,72.8,3638988,0
20251229,080000,72.8,73.02,72.68,72.93,1360153,0
20251229,090000,72.93,72.98,72.65,72.76,2602626,0
20251229,100000,72.75,72.81,72.37,72.72,5393972,0
20251229,110000,72.73,73.95,72.72,73.91,12407680,0
20251229,120000,73.9,73.95,73.36,73.55,9864812,0
20251229,130000,73.54,73.64,73.37,73.64,4919243,0
20251229,140000,73.63,73.68,73.37,73.51,3520691,0
20251229,150000,73.5,73.58,73.23,73.35,5341971,0
20251229,160000,73.34,73.35,72.77,72.79,8311235,0
20251229,170000,72.78,73,72.75,72.88,3878919,0
20251229,180000,72.88,72.9,71.8,71.99,17038913,0
20251229,190000,72,72.38,71.89,72.25,5866066,0
20251229,200000,72.26,72.37,72.13,72.17,2460141,0
20251229,210000,72.16,72.37,72.1,72.31,2215821,0
20251229,220000,72.32,72.34,72.25,72.26,928346,0
20251229,230000,72.26,72.29,72.12,72.17,1454337,0
20251230,070000,72.09,72.57,72.08,72.33,1723406,0
20251230,080000,72.33,72.5,72.32,72.48,877288,0
20251230,090000,72.48,72.55,72.3,72.41,1935019,0
20251230,100000,72.41,72.45,72.2,72.33,2421386,0
20251230,110000,72.33,72.48,72.27,72.44,3408026,0
20251230,120000,72.43,72.48,72.26,72.39,5025228,0
20251230,130000,72.42,72.45,72.25,72.27,5138951,0
20251230,140000,72.27,72.35,72.25,72.29,1852936,0
20251230,150000,72.29,72.42,72.29,72.42,2360266,0
20251230,160000,72.41,72.48,72.37,72.4,3277096,0
20251230,170000,72.39,72.48,72.27,72.3,3321148,0
20251230,180000,72.31,72.34,72.25,72.25,1319257,0
20251230,190000,72.26,72.33,72.25,72.27,1013558,0
20251230,200000,72.26,72.38,72.25,72.32,2341575,0
20251230,210000,72.3,72.35,72.24,72.24,1254852,0
20251230,220000,72.25,72.28,72.2,72.26,1487387,0
20251230,230000,72.26,72.29,72.15,72.22,1632254,0
20260105,070000,72.22,72.24,71.65,71.69,3635849,0
20260105,080000,71.7,71.93,71.62,71.84,1515679,0
20260105,090000,71.84,71.86,71,71.07,9771250,0
20260105,100000,71.07,71.39,70.91,71.35,6991761,0
20260105,110000,71.35,71.36,71.1,71.28,2814462,0
20260105,120000,71.28,71.38,71.16,71.3,2088454,0
20260105,130000,71.3,71.48,71.2,71.36,1970036,0
20260105,140000,71.37,71.44,71.3,71.43,1305791,0
20260105,150000,71.44,71.54,71.3,71.52,869744,0
20260105,160000,71.51,71.6,71.5,71.55,1119785,0
20260105,170000,71.55,71.7,71.52,71.69,1504980,0
20260105,180000,71.69,71.69,71.6,71.63,989030,0
20260105,190000,71.62,71.64,71.5,71.52,1005008,0
20260105,200000,71.51,71.58,71.46,71.55,613587,0
20260105,210000,71.55,71.63,71.53,71.57,474918,0
20260105,220000,71.55,71.56,71.46,71.5,693909,0
20260105,230000,71.49,71.57,71.47,71.55,754167,0
20260106,070000,71.65,71.72,71.5,71.71,509657,0
20260106,080000,71.72,71.75,71.65,71.7,888594,0
20260106,090000,71.7,71.84,71.6,71.72,1846782,0
20260106,100000,71.7,71.73,71.48,71.58,1897024,0
20260106,110000,71.58,71.68,71.52,71.64,970849,0
20260106,120000,71.63,71.66,71.52,71.57,931070,0
20260106,130000,71.57,71.62,71.52,71.62,959215,0
20260106,140000,71.62,71.69,71.51,71.55,1842187,0
20260106,150000,71.55,71.7,71.51,71.68,849846,0
20260106,160000,71.69,71.72,71.52,71.54,1276949,0
20260106,170000,71.54,71.55,71.45,71.53,1548868,0
20260106,180000,71.54,71.59,71.4,71.48,1135964,0
20260106,190000,71.49,71.64,71.49,71.62,569907,0
20260106,200000,71.61,71.63,71.47,71.52,587395,0
20260106,210000,71.52,71.54,71.47,71.49,361924,0
20260106,220000,71.49,71.53,71.47,71.51,352597,0
20260106,230000,71.52,71.57,71.46,71.5,561906,0
20260108,070000,71.09,71.2,70.9,71.01,4750069,0
20260108,080000,71.03,71.13,70.94,71.08,1736848,0
20260108,090000,71.08,71.17,71,71.15,1928416,0
20260108,100000,71.15,71.29,71.11,71.26,1560069,0
20260108,110000,71.26,71.29,71.17,71.22,766099,0
20260108,120000,71.22,71.36,71.22,71.34,709775,0
20260108,130000,71.34,71.34,71.09,71.21,1408441,0
20260108,140000,71.21,71.25,71.13,71.15,429117,0
20260108,150000,71.15,71.16,70.98,71.08,2826872,0
20260108,160000,71.09,71.18,71.04,71.11,557890,0
20260108,170000,71.11,71.18,71.06,71.11,903578,0
20260108,180000,71.11,71.16,71.06,71.14,517797,0
20260108,190000,71.13,71.17,71.02,71.12,488473,0
20260108,200000,71.13,71.14,71.03,71.11,277615,0
20260108,210000,71.11,71.2,71.1,71.18,709318,0
20260108,220000,71.2,71.23,71.06,71.11,860142,0
20260108,230000,71.11,71.13,71.02,71.07,421551,0
20260109,070000,71.11,71.57,71.09,71.46,3071434,0
20260109,080000,71.46,71.57,71.37,71.51,961997,0
20260109,090000,71.51,71.67,71.36,71.44,2114087,0
20260109,100000,71.43,71.56,71.37,71.43,1155932,0
20260109,110000,71.42,71.58,71.4,71.52,1359101,0
20260109,120000,71.52,71.53,71.35,71.42,1173437,0
20260109,130000,71.42,71.45,71.39,71.44,271277,0
20260109,140000,71.43,71.55,71.4,71.53,615602,0
20260109,150000,71.52,71.54,71.38,71.39,795528,0
20260109,160000,71.4,71.41,71.23,71.24,1335190,0
20260109,170000,71.24,71.36,71.23,71.33,376437,0
20260109,180000,71.33,71.36,71.24,71.31,636639,0
20260109,190000,71.31,71.34,71.24,71.27,922620,0
20260109,200000,71.27,71.33,71.21,71.26,362025,0
20260109,210000,71.26,71.35,71.2,71.28,666869,0
20260109,220000,71.27,71.32,71.25,71.26,172273,0
20260109,230000,71.25,71.34,71.22,71.22,654581,0
20260112,070000,71.25,71.48,71.2,71.34,1154613,0
20260112,080000,71.34,71.46,71.28,71.4,651070,0
20260112,090000,71.4,71.47,71.32,71.37,1049340,0
20260112,100000,71.38,71.88,71.35,71.82,4318542,0
20260112,110000,71.83,71.87,71.63,71.72,1647604,0
20260112,120000,71.73,71.78,71.68,71.73,1282563,0
20260112,130000,71.73,71.75,71.54,71.61,1392939,0
20260112,140000,71.6,71.66,71.38,71.53,2566350,0
20260112,150000,71.53,71.53,71.22,71.27,2035261,0
20260112,160000,71.28,71.37,71.15,71.15,2395191,0
20260112,170000,71.16,71.31,71.05,71.07,4197040,0
20260112,180000,71.07,71.26,71.05,71.16,2205461,0
20260112,190000,71.16,71.24,71.16,71.21,962874,0
20260112,200000,71.21,71.24,71.17,71.21,377930,0
20260112,210000,71.22,71.32,71.18,71.32,1305554,0
20260112,220000,71.32,71.4,71.27,71.37,615021,0
20260112,230000,71.37,71.37,71.31,71.34,395866,0
20260113,070000,71.35,71.56,71.32,71.43,800527,0
20260113,080000,71.43,71.54,71.4,71.42,534267,0
20260113,090000,71.42,71.44,71.16,71.19,1752125,0
20260113,100000,71.2,71.29,71.06,71.19,1812675,0
20260113,110000,71.19,71.19,70.91,70.96,4207737,0
20260113,120000,70.97,71.28,70.76,71.19,4835791,0
20260113,130000,71.2,71.27,71.09,71.13,1828181,0
20260113,140000,71.13,71.19,70.93,71.04,3972746,0
20260113,150000,71.04,71.13,70.99,71.02,1622254,0
20260113,160000,71.02,71.25,71.01,71.12,2721527,0
20260113,170000,71.12,71.38,71.08,71.24,2832572,0
20260113,180000,71.25,71.34,71.14,71.34,1746264,0
20260113,190000,71.2,71.33,71.16,71.17,624255,0
20260113,200000,71.17,71.19,71.05,71.06,1287398,0
20260113,210000,71.06,71.13,71.03,71.1,551160,0
20260113,220000,71.1,71.17,71.08,71.14,403607,0
20260113,230000,71.13,71.16,71.1,71.16,573072,0
20260114,070000,71.26,71.27,71.15,71.23,510017,0
20260114,080000,71.23,71.29,70.86,71.02,2393297,0
20260114,090000,70.99,71.09,70.95,71.03,1202726,0
20260114,100000,71.04,71.04,70.51,70.51,11389203,0
20260114,110000,70.52,71.26,70.51,71.14,14072797,0
20260114,120000,71.13,71.4,70.95,71.24,9447966,0
20260114,130000,71.23,71.25,71.05,71.09,3101469,0
20260114,140000,71.09,71.24,70.91,71,5506217,0
20260114,150000,71,71.09,70.82,71,4623278,0
20260114,160000,71,71,70.79,70.94,2879807,0
20260114,170000,70.95,71.18,70.85,70.87,4174304,0
20260114,180000,70.87,70.96,70.85,70.92,1507791,0
20260114,190000,70.92,70.93,70.74,70.79,2333190,0
20260114,200000,70.8,70.83,70.73,70.81,833482,0
20260114,210000,70.81,70.88,70.79,70.88,623960,0
20260114,220000,70.88,70.98,70.85,70.97,809914,0
20260114,230000,70.96,70.99,70.82,70.91,967214,0
20260115,070000,71.04,71.14,70.94,71.09,1397099,0
20260115,080000,71.07,71.2,71.02,71.13,1162949,0
20260115,090000,71.12,71.12,70.96,71.04,1096198,0
20260115,100000,71,71.48,70.85,70.95,15643369,0
20260115,110000,70.95,71.2,70.92,71.04,2278710,0
20260115,120000,71.05,71.15,70.94,70.96,1776767,0
20260115,130000,70.95,71.28,70.95,71.1,4400360,0
20260115,140000,71.1,71.24,71.09,71.16,1435670,0
20260115,150000,71.16,71.2,71.08,71.11,1025206,0
20260115,160000,71.12,71.2,71.06,71.18,975549,0
20260115,170000,71.17,71.25,71.06,71.12,1622348,0
20260115,180000,71.12,71.15,71,71.11,1610657,0
20260115,190000,71.11,71.2,70.96,71.1,1935749,0
20260115,200000,71.1,71.15,71.08,71.11,320926,0
20260115,210000,71.11,71.15,71.1,71.12,357275,0
20260115,220000,71.12,71.22,71.12,71.18,902277,0
20260115,230000,71.18,71.18,71.11,71.13,727560,0
20260116,070000,71.18,71.26,71.13,71.26,639623,0
20260116,080000,71.25,71.29,71.18,71.22,450128,0
20260116,090000,71.22,71.33,71.17,71.25,899936,0
20260116,100000,71.24,71.58,71.23,71.58,4343746,0
20260116,110000,71.58,71.87,71.54,71.66,9438401,0
20260116,120000,71.66,71.85,71.56,71.79,2995807,0
20260116,130000,71.78,71.97,71.73,71.79,3202589,0
20260116,140000,71.79,71.83,71.64,71.79,2038429,0
20260116,150000,71.77,71.8,71.64,71.67,1054765,0
20260116,160000,71.67,72.07,71.62,71.92,6032154,0
20260116,170000,71.92,72.09,71.89,71.96,3134418,0
20260116,180000,71.95,72.09,71.91,72.01,2269890,0
20260116,190000,72.01,72.09,71.93,71.96,917283,0
20260116,200000,71.99,72.09,71.93,72.05,1344588,0
20260116,210000,72.05,72.19,72.03,72.13,1452876,0
20260116,220000,72.13,72.15,72.06,72.13,782714,0
20260116,230000,72.12,72.13,71.93,71.98,1042166,0
20260117,090000,72.14,72.14,72.14,72.14,12428,0
20260117,100000,72.14,72.15,71.98,72.03,737131,0
20260117,110000,72.02,72.03,71.98,72.02,235124,0
20260117,120000,72.02,72.05,71.98,72.01,260986,0
20260117,130000,72.04,72.04,71.97,72.01,192945,0
20260117,140000,72.01,72.07,71.93,71.99,353104,0
20260117,150000,71.98,72.03,71.94,71.98,129875,0
20260117,160000,71.99,72.07,71.98,72.03,161400,0
20260117,170000,72.01,72.03,71.97,72.02,239582,0
20260117,180000,72.02,72.1,71.98,72.05,338507,0
20260118,090000,72.05,72.05,72.05,72.05,34625,0
20260118,100000,72.05,72.1,72.01,72.07,334284,0
20260118,110000,72.07,72.1,72,72.08,281327,0
20260118,120000,72.08,72.08,72.01,72.03,168563,0
20260118,130000,72.03,72.05,71.97,72.01,426310,0
20260118,140000,72.03,72.09,72.01,72.07,141087,0
20260118,150000,72.06,72.1,72.06,72.09,185856,0
20260118,160000,72.09,72.1,72.07,72.1,317757,0
20260118,170000,72.1,72.19,72.05,72.07,548677,0
20260118,180000,72.08,72.14,72.06,72.09,705889,0
20260119,070000,72.1,72.37,72.06,72.23,1871992,0
20260119,080000,72.24,72.29,72.15,72.21,593822,0
20260119,090000,72.2,72.2,71.85,71.91,4041593,0
20260119,100000,71.91,72,71.65,71.96,3744696,0
20260119,110000,71.95,72.45,71.94,72.29,4825877,0
20260119,120000,72.29,72.3,72.1,72.19,2065157,0
20260119,130000,72.19,72.2,71.97,72.09,2266671,0
20260119,140000,72.09,72.18,71.85,71.9,3808871,0
20260119,150000,71.9,72.06,71.77,72,2278960,0
20260119,160000,72,72.06,71.84,72.06,2364078,0
20260119,170000,72.06,72.32,72.05,72.29,5356379,0
20260119,180000,72.28,72.32,72.2,72.21,2236092,0
20260119,190000,72.22,72.25,72.1,72.16,904334,0
20260119,200000,72.16,72.16,72.07,72.11,726248,0
20260119,210000,72.11,72.14,72.07,72.09,677698,0
20260119,220000,72.1,72.12,71.97,72.02,1540308,0
20260119,230000,72.02,72.03,71.82,71.91,1053362,0
20260120,070000,71.96,72.15,71.93,72.1,965504,0
20260120,080000,72.1,72.25,72.06,72.12,845482,0
20260120,090000,72.11,72.16,71.98,72.03,957962,0
20260120,100000,72.04,72.07,71.79,71.83,3437548,0
20260120,110000,71.84,71.95,71.65,71.85,2406125,0
20260120,120000,71.85,71.96,71.72,71.9,1636245,0
20260120,130000,71.89,71.94,71.75,71.8,1861881,0
20260120,140000,71.8,71.82,71.71,71.79,782311,0
20260120,150000,71.79,71.84,71.51,71.67,3427260,0
20260120,160000,71.67,71.81,71.61,71.67,2520426,0
20260120,170000,71.67,71.86,71.53,71.76,3632491,0
20260120,180000,71.76,71.83,71.74,71.78,772303,0
20260120,190000,71.79,71.8,71.69,71.75,661597,0
20260120,200000,71.75,71.79,71.67,71.73,462866,0
20260120,210000,71.73,71.84,71.67,71.82,1131798,0
20260120,220000,71.82,72,71.8,71.94,1290438,0
20260120,230000,71.94,71.94,71.76,71.85,567110,0
20260121,070000,71.84,72.01,71.8,71.91,1167777,0
20260121,080000,71.93,71.93,71.78,71.88,728828,0
20260121,090000,71.87,71.9,71.72,71.89,1089223,0
20260121,100000,71.86,71.87,71.63,71.72,1758169,0
20260121,110000,71.73,71.9,71.65,71.89,1328226,0
20260121,120000,71.88,72.16,71.79,71.9,3307383,0
20260121,130000,71.9,72.6,71.9,72.47,9502791,0
20260121,140000,72.47,72.87,72.47,72.61,9502148,0
20260121,150000,72.6,72.64,72.4,72.64,3418750,0
20260121,160000,72.64,72.64,72.36,72.46,3211567,0
20260121,170000,72.46,72.74,72.42,72.61,2747258,0
20260121,180000,72.6,72.63,72.27,72.48,3714992,0
20260121,190000,72.49,72.79,72.46,72.57,3878943,0
20260121,200000,72.57,72.62,72.53,72.59,621424,0
20260121,210000,72.59,72.61,72.5,72.59,1034325,0
20260121,220000,72.6,72.7,72.49,72.7,2501414,0
20260121,230000,72.7,72.8,72.67,72.72,1255858,0
20260122,070000,72.76,72.87,72.52,72.64,2611552,0
20260122,080000,72.65,72.69,72.5,72.61,1134440,0
20260122,090000,72.61,72.66,72.48,72.66,1485208,0
20260122,100000,72.65,72.91,72.55,72.7,3801539,0
20260122,110000,72.7,72.98,72.69,72.83,4887343,0
20260122,120000,72.83,72.91,72.66,72.89,2705173,0
20260122,130000,72.89,73.2,72.87,73.1,5914188,0
20260122,140000,73.1,73.25,72.91,73.08,4260907,0
20260122,150000,73.08,73.18,72.97,73.11,2189890,0
20260122,160000,73.11,73.18,72.61,72.88,9397135,0
20260122,170000,72.88,72.96,72.4,72.94,8452633,0
20260122,180000,72.94,72.96,72.81,72.85,1629752,0
20260122,190000,72.85,72.95,72.8,72.84,1143080,0
20260122,200000,72.84,72.85,72.68,72.77,1170090,0
20260122,210000,72.77,73.04,72.76,72.93,1644934,0
20260122,220000,72.92,72.93,72.67,72.8,1289837,0
20260122,230000,72.79,72.89,72.76,72.82,800963,0
20260123,070000,72.85,72.99,72.65,72.7,1714269,0
20260123,080000,72.7,72.8,72.65,72.8,916677,0
20260123,090000,72.8,72.8,72.51,72.65,2182363,0
20260123,100000,72.64,72.78,72.57,72.67,2327274,0
20260123,110000,72.68,72.88,72.65,72.83,2401192,0
20260123,120000,72.83,72.85,72.72,72.8,1859657,0
20260123,130000,72.8,72.88,72.74,72.85,1189393,0
20260123,140000,72.85,72.89,72.73,72.84,1366158,0
20260123,150000,72.84,72.89,72.76,72.87,1142347,0
20260123,160000,72.86,72.91,72.79,72.87,1364728,0
20260123,170000,72.87,72.91,72.72,72.73,1178658,0
20260123,180000,72.73,72.87,72.68,72.76,1931647,0
20260123,190000,72.76,72.83,72.71,72.76,776588,0
20260123,200000,72.76,73.16,72.72,73.04,4189628,0
20260123,210000,73.03,73.36,73.02,73.14,5220360,0
20260123,220000,73.15,73.21,73.02,73.15,1589748,0
20260123,230000,73.13,73.15,73.08,73.12,1225511,0
20260124,090000,73.12,73.12,73.12,73.12,19182,0
20260124,100000,73.13,73.3,73.04,73.15,1222872,0
20260124,110000,73.12,73.18,73.01,73.1,575486,0
20260124,120000,73.1,73.12,72.82,72.95,1280631,0
20260124,130000,72.94,72.94,72.76,72.9,940865,0
20260124,140000,72.89,72.9,72.79,72.87,382974,0
20260124,150000,72.87,73.01,72.7,72.91,1279104,0
20260124,160000,72.91,72.97,72.8,72.89,519123,0
20260124,170000,72.9,72.99,72.81,72.87,484263,0
20260124,180000,72.87,72.95,72.83,72.94,412141,0
20260125,090000,72.95,72.95,72.95,72.95,31105,0
20260125,100000,72.95,73.08,72.87,72.99,1543827,0
20260125,110000,72.99,73.05,72.92,72.99,353773,0
20260125,120000,72.99,73.13,72.97,73.1,1113839,0
20260125,130000,73.11,73.11,72.99,73.03,421098,0
20260125,140000,73.03,73.06,72.98,73.05,402907,0
20260125,150000,73.05,73.05,72.99,73,351898,0
20260125,160000,73.01,73.05,72.99,73,304069,0
20260125,170000,72.99,73.08,72.99,73.05,301896,0
20260125,180000,73.05,73.15,73.03,73.14,438380,0
20260126,070000,72.89,72.97,72.65,72.94,2060025,0
20260126,080000,72.94,72.94,72.7,72.79,1033176,0
20260126,090000,72.79,72.82,72.56,72.67,2543304,0
20260126,100000,72.67,72.79,72.51,72.58,3051880,0
20260126,110000,72.58,72.64,72.32,72.34,5100460,0
20260126,120000,72.35,72.72,72.27,72.46,5232397,0
20260126,130000,72.46,72.57,72.4,72.52,1400126,0
20260126,140000,72.52,72.54,72.2,72.27,2562394,0
20260126,150000,72.26,72.41,72.23,72.37,1331067,0
20260126,160000,72.37,72.53,72.31,72.43,1421818,0
20260126,170000,72.43,72.48,72.31,72.44,2012901,0
20260126,180000,72.44,72.48,72.35,72.48,1732373,0
20260126,190000,72.47,72.48,72.36,72.42,594025,0
20260126,200000,72.42,72.54,72.21,72.35,2538743,0
20260126,210000,72.35,72.37,72.23,72.28,720397,0
20260126,220000,72.28,72.31,72.21,72.25,966246,0
20260126,230000,72.25,72.34,72.21,72.29,859529,0
20260127,070000,72.3,72.44,72.27,72.32,469561,0
20260127,080000,72.32,72.47,72.3,72.39,281910,0
20260127,090000,72.39,72.46,72.32,72.39,675143,0
20260127,100000,72.38,72.4,72.17,72.26,1886689,0
20260127,110000,72.27,72.55,72.06,72.5,4666333,0
20260127,120000,72.5,72.55,72.37,72.47,2507377,0
20260127,130000,72.46,72.63,72.35,72.57,1497422,0
20260127,140000,72.57,72.75,72.55,72.7,2682284,0
20260127,150000,72.7,72.81,72.59,72.64,2088331,0
20260127,160000,72.64,72.71,72.53,72.71,1521932,0
20260127,170000,72.71,73.2,72.68,73.06,6514279,0
20260127,180000,73.08,73.13,72.81,72.92,2145589,0
20260127,190000,72.93,73.06,72.9,72.94,1147774,0
20260127,200000,72.94,73.08,72.9,73.06,2175864,0
20260127,210000,73.05,73.1,72.91,73.06,1718498,0
20260127,220000,73.06,73.09,72.99,73.05,879470,0
20260127,230000,73.05,73.05,72.81,72.92,923711,0
20260128,070000,72.95,73.1,72.94,73.05,889386,0
20260128,080000,73.05,73.14,72.95,73,693777,0
20260128,090000,72.99,73.24,72.94,73.21,1479699,0
20260128,100000,73.2,73.3,73,73.3,5823749,0
20260128,110000,73.3,73.37,73.11,73.12,4525623,0
20260128,120000,73.12,73.12,72.93,72.96,2617467,0
20260128,130000,72.96,73.07,72.91,72.97,871754,0
20260128,140000,72.97,73.2,72.94,73.15,1703972,0
20260128,150000,73.15,73.15,72.93,73.03,1118793,0
20260128,160000,73.02,73.16,72.91,73.11,1311567,0
20260128,170000,73.1,73.37,73.07,73.32,3852806,0
20260128,180000,73.32,73.38,73.07,73.33,4199391,0
20260128,190000,73.26,73.48,73.22,73.37,4405240,0
20260128,200000,73.37,73.46,73.35,73.45,1087138,0
20260128,210000,73.45,73.46,73.24,73.25,1479067,0
20260128,220000,73.26,73.28,73.17,73.21,1022992,0
20260128,230000,73.21,73.32,73.17,73.28,1685687,0
20260129,070000,73.4,73.5,73.23,73.39,1381367,0
20260129,080000,73.4,73.61,73.36,73.58,2134314,0
20260129,090000,73.57,73.96,73.47,73.81,7645510,0
20260129,100000,73.81,75.1,73.79,74.62,26822760,0
20260129,110000,74.62,74.86,74.52,74.74,10252734,0
20260129,120000,74.75,75.5,74.56,75.16,17860723,0
20260129,130000,75.16,75.55,75.11,75.36,10763430,0
20260129,140000,75.35,75.54,75.11,75.35,6302526,0
20260129,150000,75.33,76.31,75.17,76.22,25221582,0
20260129,160000,76.22,77.48,76.01,77.25,31685399,0
20260129,170000,77.26,77.38,76.55,76.59,23859236,0
20260129,180000,76.58,76.64,75.11,75.7,31181102,0
20260129,190000,75.71,76.23,75.35,75.9,12251633,0
20260129,200000,75.9,76.62,75.89,76.15,8241484,0
20260129,210000,76.13,76.59,76.06,76.37,3236400,0
20260129,220000,76.37,77.3,76.3,77.24,8277217,0
20260129,230000,77.25,78.08,77.15,77.75,18702283,0
20260130,070000,77.71,79.29,77.56,77.85,23927889,0
20260130,080000,77.87,78.31,77.81,78,6390125,0
20260130,090000,78.04,78.82,77.43,78.65,14296486,0
20260130,100000,78.65,78.7,77.77,78.3,15335418,0
20260130,110000,78.28,78.3,76.36,76.69,34145371,0
20260130,120000,76.69,77.17,75.85,76.93,22408512,0
20260130,130000,76.92,78.27,76.88,77.79,17672894,0
20260130,140000,77.79,78.8,77.77,78.33,24668146,0
20260130,150000,78.32,78.43,77.6,77.7,12562431,0
20260130,160000,77.7,77.94,77.66,77.92,7106315,0
20260130,170000,77.92,78.29,77.77,77.85,10564232,0
20260130,180000,77.86,77.89,77.1,77.54,9046971,0
20260130,190000,77.53,77.65,77,77.09,6804263,0
20260130,200000,77.09,77.18,76.92,76.95,3521469,0
20260130,210000,76.95,77.4,76.61,77.07,12021824,0
20260130,220000,77.07,77.64,77,77.54,3807126,0
20260130,230000,77.54,77.54,77.3,77.47,2361116,0
20260131,090000,77.5,77.5,77.5,77.5,9846,0
20260131,100000,77.51,78.08,77.33,77.5,4855131,0
20260131,110000,77.53,77.69,77.43,77.5,865736,0
20260131,120000,77.5,77.58,77.42,77.5,558258,0
20260131,130000,77.48,77.51,77.43,77.47,264548,0
20260131,140000,77.47,77.58,77.41,77.58,467914,0
20260131,150000,77.58,77.62,77.35,77.51,960977,0
20260131,160000,77.53,77.74,77.48,77.69,523142,0
20260131,170000,77.69,77.75,77.61,77.63,758923,0
20260131,180000,77.64,77.74,77.51,77.62,708173,0
20260201,090000,77.62,77.62,77.62,77.62,6636,0
20260201,100000,77.62,77.99,77.5,77.96,2018042,0
20260201,110000,77.96,78.54,77.86,78.4,7157171,0
20260201,120000,78.4,79.05,78.29,78.87,8569285,0
20260201,130000,78.88,79.2,78.76,79.01,10587428,0
20260201,140000,79.06,79.12,78.7,78.74,3702291,0
20260201,150000,78.73,78.87,78.52,78.78,2680613,0
20260201,160000,78.78,79.03,78.75,78.99,2876722,0
20260201,170000,79,79.05,78.9,79.04,2665239,0
20260201,180000,79.04,79.17,78.89,79.06,3685091,0
20260202,070000,78.5,78.96,78.37,78.72,8006057,0
20260202,080000,78.75,78.89,78.52,78.64,5250786,0
20260202,090000,78.63,78.75,78.12,78.52,12419385,0
20260202,100000,78.53,79.4,77.88,79.39,22165853,0
20260202,110000,79.39,79.8,79.03,79.29,36617143,0
20260202,120000,79.31,79.6,79.05,79.59,13255173,0
20260202,130000,79.59,79.78,79.32,79.66,15150381,0
20260202,140000,79.66,80.16,79.35,79.85,15836644,0
20260202,150000,79.83,80.7,79.54,80.05,28546485,0
20260202,160000,80.05,81.06,79.84,80.68,34368259,0
20260202,170000,80.7,81.41,80.49,81.19,22788537,0
20260202,180000,81.18,81.44,80.85,81.05,12631023,0
20260202,190000,81.06,81.79,80.92,81.71,18641109,0
20260202,200000,81.72,82.39,81.51,81.52,27984957,0
20260202,210000,81.52,81.83,81.22,81.54,18580444,0
20260202,220000,81.52,81.84,81.32,81.84,6269454,0
20260202,230000,81.84,82.3,81.7,82.25,8252804,0
20260203,070000,82.345,82.86,81.875,82.405,16502024,0
20260203,080000,82.38,82.555,81.25,81.37,11236805,0
20260203,090000,81.365,82.05,81.12,81.78,17177940,0
20260203,100000,81.775,81.845,80.23,80.5,41165845,0
20260203,110000,80.5,80.96,80.32,80.515,10858875,0
20260203,120000,80.515,81.035,80.38,80.85,7462973,0
20260203,130000,80.86,82.14,80.84,81.225,23017042,0
20260203,140000,81.22,81.685,81.165,81.565,9395821,0
20260203,150000,81.57,82.28,81.405,82.045,22265022,0
20260203,160000,82.05,82.12,81.58,81.82,10516692,0
20260203,170000,81.815,81.995,81.505,81.785,6442750,0
20260203,180000,81.795,81.875,81.435,81.5,6516580,0
20260203,190000,81.505,81.725,81.48,81.535,2304587,0
20260203,200000,81.53,81.535,80.84,81,9835858,0
20260203,210000,80.995,81.48,80.96,81.45,4211530,0
20260203,220000,81.45,81.6,81.235,81.24,2821351,0
20260203,230000,81.245,81.385,81.21,81.37,1818780,0
20260204,070000,81.48,81.68,81.37,81.5,3802915,0
20260204,080000,81.48,82.375,81.48,82.28,12128483,0
20260204,090000,82.285,82.545,82.1,82.51,12108813,0
20260204,100000,82.515,82.575,81.87,82.4,12221437,0
20260204,110000,82.405,82.48,82.23,82.26,6629258,0
20260204,120000,82.26,82.37,82.05,82.275,7959718,0
20260204,130000,82.27,82.425,81.9,82.39,10471912,0
20260204,140000,82.38,82.395,82.08,82.225,8180536,0
20260204,150000,82.225,83.4,82.21,83.35,31844903,0
20260204,160000,83.35,83.475,82.65,82.975,26321436,0
20260204,170000,82.98,83.065,82.675,82.91,9449775,0
20260204,180000,82.915,83.175,82.7,82.855,8943043,0
20260204,190000,82.775,82.91,81,82.415,39267421,0
20260204,200000,82.41,82.415,81.24,81.635,24621948,0
20260204,210000,81.635,82.115,81.24,81.935,8494348,0
20260204,220000,81.93,82.015,81.675,81.91,3138201,0
20260204,230000,81.91,82.335,81.805,82.26,2489245,0
20260205,070000,82.26,82.35,81.61,81.835,4853679,0
20260205,080000,81.835,81.945,81.64,81.755,3220902,0
20260205,090000,81.755,81.87,81.07,81.535,8551156,0
20260205,100000,81.535,81.68,80.245,81.505,24955767,0
20260205,110000,81.505,82.045,81.345,81.465,9507700,0
20260205,120000,81.465,81.64,81.125,81.305,5318822,0
20260205,130000,81.305,81.32,80.77,81.115,11567452,0
20260205,140000,81.12,81.26,80.655,80.8,7822923,0
20260205,150000,80.815,81.295,80.625,81,8622940,0
20260205,160000,81,81.4,80.675,81.345,9710726,0
20260205,170000,81.345,81.36,80.905,81.27,5317828,0
20260205,180000,81.265,81.475,81.05,81.35,3754685,0
20260205,190000,81.22,81.36,81.12,81.245,1717166,0
20260205,200000,81.245,81.6,81.215,81.57,2175136,0
20260205,210000,81.58,81.75,81.3,81.35,2564145,0
20260205,220000,81.355,81.505,81.29,81.295,1415697,0
20260205,230000,81.29,81.345,81.125,81.27,1562091,0
20260206,070000,81.27,81.98,81.205,81.77,4857821,0
20260206,080000,81.77,82.25,81.76,82.205,5007290,0
20260206,090000,82.2,82.24,81.825,81.855,5196651,0
20260206,100000,81.86,82.035,81.29,81.505,8906668,0
20260206,110000,81.49,81.975,81.49,81.975,3856644,0
20260206,120000,81.975,81.99,81.655,81.89,6079040,0
20260206,130000,81.885,83.8,81.885,83.45,49982576,0
20260206,140000,83.45,83.46,82.945,83.14,22763372,0
20260206,150000,83.14,83.415,83.025,83.19,9997062,0
20260206,160000,83.195,83.595,82.91,83.065,16599411,0
20260206,170000,83.065,83.125,82.415,82.795,15818831,0
20260206,180000,82.795,82.905,82.565,82.76,5306905,0
20260206,190000,82.77,83.24,82.77,83.065,5338065,0
20260206,200000,83.07,83.3,83.02,83.155,5770564,0
20260206,210000,83.15,83.185,82.885,83.045,1733992,0
20260206,220000,83.045,83.28,82.99,83.15,3153017,0
20260206,230000,83.155,83.245,82.975,83.2,2586814,0
20260207,090000,83.245,83.245,83.245,83.245,44640,0
20260207,100000,83.245,83.75,83.16,83.53,7577920,0
20260207,110000,83.525,84.14,83.52,84.025,8043791,0
20260207,120000,84.025,84.285,83.765,84.155,8071140,0
20260207,130000,84.155,84.225,84,84.18,3461336,0
20260207,140000,84.19,84.44,84.135,84.335,7062430,0
20260207,150000,84.335,84.41,84.2,84.25,3522363,0
20260207,160000,84.26,84.5,84.2,84.435,4181874,0
20260207,170000,84.43,84.485,84.285,84.36,2134764,0
20260207,180000,84.355,84.585,84.355,84.54,4966580,0
20260208,090000,84.6,84.6,84.6,84.6,68869,0
20260208,100000,84.6,85.57,84.565,85.52,19960435,0
20260208,110000,85.515,85.535,85.275,85.28,6821631,0
20260208,120000,85.28,85.35,84.935,85.15,6213837,0
20260208,130000,85.165,85.21,84.725,84.905,5762307,0
20260208,140000,84.93,85.1,84.67,84.855,4154280,0
20260208,150000,84.88,84.93,84.75,84.88,1564203,0
20260208,160000,84.88,85.245,84.81,85.165,2564036,0
20260208,170000,85.165,85.165,84.975,85.14,2211791,0
20260208,180000,85.14,85.16,84.91,85.065,2862027,0
20260209,070000,84.96,85.3,83.515,83.89,25758281,0
20260209,080000,83.895,84.38,83.705,84.055,6911357,0
20260209,090000,84.06,84.29,83.52,83.78,9803847,0
20260209,100000,83.78,83.83,82.55,83.055,32187276,0
20260209,110000,83.045,83.585,82.825,83.205,9982085,0
20260209,120000,83.205,83.25,82.65,82.84,7912658,0
20260209,130000,82.84,83.135,82.7,82.76,5967587,0
20260209,140000,82.755,82.81,82.15,82.505,16182161,0
20260209,150000,82.505,83.11,82.33,82.86,7559614,0
20260209,160000,82.86,83.085,82.81,82.94,3049494,0
20260209,170000,82.94,83.09,82.76,82.93,3590227,0
20260209,180000,82.93,83.065,82.68,82.915,2866046,0
20260209,190000,82.91,83.065,82.88,83.05,2000797,0
20260209,200000,83.06,83.09,82.765,82.8,1634311,0
20260209,210000,82.8,82.8,82.455,82.655,4043301,0
20260209,220000,82.655,82.66,82.41,82.46,2545524,0
20260209,230000,82.455,82.625,82.41,82.615,1985866,0
20260210,070000,82.705,83.345,82.51,83.12,6133991,0
20260210,080000,83.12,83.14,82.99,83.005,2085343,0
20260210,090000,83.005,83.13,82.9,83.095,4113279,0
20260210,100000,83.09,84.24,83.06,84.18,19883984,0
20260210,110000,84.185,84.195,83.62,83.765,9546765,0
20260210,120000,83.76,84.16,83.5,83.74,9266117,0
20260210,130000,83.73,83.74,83.36,83.615,6783448,0
20260210,140000,83.625,84.05,83.575,84,8039988,0
20260210,150000,84,84.15,83.6,83.86,9698687,0
20260210,160000,83.86,84.07,83.655,84.025,5745201,0
20260210,170000,84.015,84.05,83.5,83.545,5651309,0
20260210,180000,83.545,83.775,83.51,83.53,1976113,0
20260210,190000,83.58,83.64,83.15,83.45,5537998,0
20260210,200000,83.45,83.46,83.125,83.245,3078952,0
20260210,210000,83.235,83.335,83.01,83.16,2975791,0
20260210,220000,83.16,83.345,83.1,83.315,1307898,0
20260210,230000,83.31,83.59,83.31,83.48,1919603,0
20260211,070000,83.575,84.59,83.515,84.34,12322085,0
20260211,080000,84.33,84.475,84.215,84.275,4781586,0
20260211,090000,84.275,84.5,84.005,84.225,6543449,0
20260211,100000,84.215,84.375,83.875,84.12,6700694,0
20260211,110000,84.125,84.21,83.85,84.06,4347486,0
20260211,120000,84.06,84.7,83.9,84.655,8365088,0
20260211,130000,84.655,84.69,84.115,84.165,9264542,0
20260211,140000,84.18,84.24,81.135,82.2,71734970,0
20260211,150000,82.2,82.9,81.665,82.425,27062998,0
20260211,160000,82.425,82.9,82.065,82.71,11600161,0
20260211,170000,82.71,83.38,82.355,83.28,13525503,0
20260211,180000,83.29,83.705,83.245,83.56,10796997,0
20260211,190000,83.565,84.185,83.47,83.755,13388372,0
20260211,200000,83.75,84.07,83.645,83.87,7178810,0
20260211,210000,83.87,83.93,83.555,83.705,3720998,0
20260211,220000,83.71,84,83.7,83.85,3212992,0
20260211,230000,83.85,83.935,83.72,83.9,2881247,0
20260212,070000,84.01,84.095,83.405,83.695,6204061,0
20260212,080000,83.695,83.805,83.45,83.74,1711146,0
20260212,090000,83.74,83.86,83.57,83.685,2650785,0
20260212,100000,83.69,83.98,83.61,83.865,5047136,0
20260212,110000,83.865,84.395,83.76,83.93,9157797,0
20260212,120000,83.93,84.35,83.815,84.245,6361818,0
20260212,130000,84.24,84.34,83.8,83.975,6525793,0
20260212,140000,83.975,84.15,83.825,83.895,2971766,0
20260212,150000,83.895,84.145,83.76,83.945,4364044,0
20260212,160000,83.945,84.085,83.935,84.03,2123866,0
20260212,170000,84.025,84.035,83.855,83.995,2911480,0
20260212,180000,83.995,84.08,83.815,83.87,2335114,0
20260212,190000,83.875,84.08,83.78,83.86,3322659,0
20260212,200000,83.86,83.915,83.7,83.84,3268021,0
20260212,210000,83.84,83.9,83.69,83.875,2935851,0
20260212,220000,83.875,83.945,83.8,83.88,1613705,0
20260212,230000,83.88,83.965,83.835,83.965,1199862,0
20260213,070000,83.96,84.12,83.87,83.95,1863608,0
20260213,080000,83.955,84,83.82,83.825,1447791,0
20260213,090000,83.825,83.955,83.53,83.595,3271569,0
20260213,100000,83.605,84.11,83.575,84.02,4641929,0
20260213,110000,84.02,84.13,83.81,83.875,3064529,0
20260213,120000,83.88,84.05,83.8,83.845,3026582,0
20260213,130000,83.845,85.365,83.67,85.27,37031366,0
20260213,140000,85.265,85.5,85,85.38,25078267,0
20260213,150000,85.385,86.44,85.385,85.88,37800261,0
20260213,160000,85.885,86.3,85.88,86.125,11048248,0
20260213,170000,86.125,86.35,85.925,86.33,9665464,0
20260213,180000,86.33,86.7,86.3,86.535,13654742,0
20260213,190000,86.55,87.185,86.53,86.72,16900368,0
20260213,200000,86.715,87,86.715,86.745,5488221,0
20260213,210000,86.745,87.18,86.645,87.045,7836531,0
20260213,220000,87.045,87.245,87,87.185,4993158,0
20260213,230000,87.185,87.655,87.07,87.62,8498155,0
20260216,070000,87.85,89.37,87.455,89.195,33943802,0
20260216,080000,89.19,89.34,88.755,89.015,15683477,0
20260216,090000,89.01,89.07,88.55,88.93,13020974,0
20260216,100000,88.93,88.94,87.765,88.225,25972297,0
20260216,110000,88.225,88.26,87.665,87.89,9825586,0
20260216,120000,87.89,88.445,87.845,88.075,10557723,0
20260216,130000,88.085,88.295,87.65,87.81,8433593,0
20260216,140000,87.81,87.91,87.015,87.415,15678619,0
20260216,150000,87.425,88.07,87.24,87.885,7848344,0
20260216,160000,87.9,88.035,87.45,87.455,6767840,0
20260216,170000,87.455,87.575,87.015,87.36,8777276,0
20260216,180000,87.365,87.67,87.17,87.67,3298652,0
20260216,190000,87.655,87.655,87.27,87.54,2537002,0
20260216,200000,87.55,87.59,87.35,87.58,1556433,0
20260216,210000,87.58,87.58,87.125,87.335,2526982,0
20260216,220000,87.335,87.445,87.25,87.385,1393650,0
20260216,230000,87.39,87.815,87.31,87.795,2538907,0
20260217,070000,87.9,88.325,87.31,87.4,5662911,0
20260217,080000,87.39,87.635,87.255,87.495,1697620,0
20260217,090000,87.495,88.045,87.365,87.86,3812100,0
20260217,100000,87.86,88.24,87.705,87.815,7370941,0
20260217,110000,87.82,88.07,87.54,87.82,7175883,0
20260217,120000,87.82,88.15,87.67,87.995,8242780,0
20260217,130000,88.02,88.075,87.71,87.905,7344090,0
20260217,140000,87.91,87.99,87.75,87.77,3982479,0
20260217,150000,87.77,87.91,87.57,87.74,4077847,0
20260217,160000,87.735,88,87.4,87.85,7410923,0
20260217,170000,87.855,88.09,87.765,87.815,4426940,0
20260217,180000,87.82,87.98,87.76,87.88,2062419,0
20260217,190000,87.9,88.105,87.86,88.01,3490649,0
20260217,200000,88.01,88.68,87.98,88.385,7144520,0
20260217,210000,88.385,88.86,88.355,88.81,4231287,0
20260217,220000,88.805,88.88,88.52,88.86,5913439,0
20260217,230000,88.865,89.5,88.765,89.4,11805313,0
20260218,070000,89.345,89.95,88.56,89,18461952,0
20260218,080000,89,89.03,88.72,88.775,2608417,0
20260218,090000,88.775,88.85,88.305,88.36,8212853,0
20260218,100000,88.36,88.77,88.31,88.69,8613368,0
20260218,110000,88.7,88.8,88.46,88.63,6610732,0
20260218,120000,88.63,88.725,88.12,88.235,7823532,0
20260218,130000,88.23,88.6,86.2,87.645,47411702,0
20260218,140000,87.645,87.7,86.7,86.895,30666893,0
20260218,150000,86.89,87.37,86.5,86.78,15562396,0
20260218,160000,86.795,87.455,86.78,87.42,9401501,0
20260218,170000,87.43,87.43,86.82,86.93,5738454,0
20260218,180000,86.93,87.355,86.92,87.12,6275685,0
20260218,190000,87.135,87.23,86.85,87.075,5341772,0
20260218,200000,87.075,87.445,87.01,87.365,4864999,0
20260218,210000,87.365,87.495,87.265,87.48,4791982,0
20260218,220000,87.48,87.61,87.285,87.39,4821212,0
20260218,230000,87.39,87.495,87.255,87.375,3752048,0
20260219,070000,87.375,87.61,87.02,87.155,7076673,0
20260219,080000,87.155,87.32,86.83,86.965,6087140,0
20260219,090000,86.95,87.09,86.73,86.86,5926997,0
20260219,100000,86.875,86.88,85.68,85.685,21672705,0
20260219,110000,85.685,85.885,84.94,85.35,38209266,0
20260219,120000,85.33,86.65,85.305,86.33,28759101,0
20260219,130000,86.325,86.455,85.9,86.085,8802224,0
20260219,140000,86.095,86.195,85.575,85.695,9043436,0
20260219,150000,85.69,86.1,85.555,85.87,7462513,0
20260219,160000,85.88,86.08,85.715,85.84,4559212,0
20260219,170000,85.835,85.9,85.56,85.63,6094732,0
20260219,180000,85.625,85.63,85.105,85.47,11729870,0
20260219,190000,85.47,85.55,85.135,85.535,4859976,0
20260219,200000,85.535,85.645,85.38,85.485,2575774,0
20260219,210000,85.485,85.735,85.48,85.69,2137516,0
20260219,220000,85.7,85.735,85.585,85.65,1617622,0
20260219,230000,85.655,85.67,85.405,85.51,2373812,0
20260220,070000,85.5,85.51,84.76,85.085,6663256,0
20260220,080000,85.1,85.305,84.765,84.88,3240021,0
20260220,090000,84.88,86.21,84.88,86.02,10850032,0
20260220,100000,86.02,86.69,85.94,86.35,15640037,0
20260220,110000,86.345,86.99,86.34,86.81,13339025,0
20260220,120000,86.805,87.4,86.075,87.29,49937342,0
20260220,130000,87.265,87.97,87.2,87.55,37906989,0
20260220,140000,87.55,87.66,87.34,87.425,7850136,0
20260220,150000,87.44,87.8,87.415,87.78,5706058,0
20260220,160000,87.78,88.37,87.585,88.21,14874117,0
20260220,170000,88.205,88.47,88.05,88.31,12297232,0
20260220,180000,88.315,88.32,87.9,88.175,8115134,0
20260220,190000,88.165,88.66,88.03,88.565,12228358,0
20260220,200000,88.565,88.74,88.415,88.595,5789136,0
20260220,210000,88.595,88.705,88.46,88.63,4341001,0
20260220,220000,88.63,88.82,88.5,88.805,4430944,0
20260220,230000,88.805,88.89,88.7,88.88,4929444,0
20260221,090000,88.88,88.88,88.88,88.88,155479,0
20260221,100000,88.88,89.13,88.7,88.8,5513590,0
20260221,110000,88.805,88.815,88.05,88.58,7177638,0
20260221,120000,88.575,88.745,88.4,88.5,1785410,0
20260221,130000,88.5,88.675,88.405,88.41,2003473,0
20260221,140000,88.41,88.52,88.36,88.5,1385924,0
20260221,150000,88.495,88.505,88.185,88.405,4109049,0
20260221,160000,88.405,88.52,88.3,88.34,1485120,0
20260221,170000,88.32,88.4,88.24,88.345,2040882,0
20260221,180000,88.345,88.595,88.31,88.445,1680720,0
20260222,090000,88.44,88.44,88.44,88.44,45421,0
20260222,100000,88.43,88.835,88.36,88.505,4614265,0
20260222,110000,88.5,88.605,88.4,88.58,1284741,0
20260222,120000,88.585,88.65,88.35,88.445,1168839,0
20260222,130000,88.445,88.66,88.395,88.49,903029,0
20260222,140000,88.485,88.55,88.4,88.5,490520,0
20260222,150000,88.5,88.565,88.46,88.525,383647,0
20260222,160000,88.525,88.55,88.47,88.5,224637,0
20260222,170000,88.49,88.61,88.465,88.545,743903,0
20260222,180000,88.53,88.615,88.505,88.595,774606,0
20260223,090000,88.6,88.6,88.6,88.6,31136,0
20260223,100000,88.6,88.61,88.31,88.56,2053515,0
20260223,110000,88.565,88.58,88.42,88.425,701006,0
20260223,120000,88.425,88.48,88.41,88.44,343920,0
20260223,130000,88.44,88.455,88.35,88.44,802088,0
20260223,140000,88.44,88.47,88.35,88.4,508106,0
20260223,150000,88.4,88.455,88.37,88.43,483292,0
20260223,160000,88.44,88.485,88.375,88.48,901488,0
20260223,170000,88.48,88.6,88.465,88.535,1062113,0
20260223,180000,88.535,88.6,88.47,88.51,753932,0
20260224,070000,88.55,88.8,87.54,87.87,6452979,0
20260224,080000,87.87,88.275,87.675,88.03,3989042,0
20260224,090000,88.03,88.24,87.65,87.91,6304369,0
20260224,100000,87.91,88.475,87.69,88.3,8814627,0
20260224,110000,88.3,88.385,87.905,88,5133295,0
20260224,120000,87.995,88.17,87.77,87.855,5531084,0
20260224,130000,87.855,87.9,87.015,87.31,16269654,0
20260224,140000,87.305,87.865,87.17,87.7,6818655,0
20260224,150000,87.7,87.765,87.5,87.5,2556697,0
20260224,160000,87.505,87.64,87.3,87.39,4066119,0
20260224,170000,87.39,87.5,87.225,87.345,3377710,0
20260224,180000,87.345,87.445,87.2,87.295,3067557,0
20260224,190000,87.3,87.3,86.71,87.01,9269756,0
20260224,200000,87.01,87.23,86.955,87.225,1927464,0
20260224,210000,87.23,87.405,87.12,87.37,1674559,0
20260224,220000,87.37,87.55,87.265,87.445,2063017,0
20260224,230000,87.445,87.495,87.295,87.38,1880716,0
20260225,070000,87.37,87.69,87.11,87.485,3995119,0
20260225,080000,87.48,87.69,87.385,87.61,4539206,0
20260225,090000,87.6,88.25,87.565,87.975,9694701,0
20260225,100000,87.975,88.36,87.22,87.375,19557784,0
20260225,110000,87.375,87.585,87.1,87.41,8044781,0
20260225,120000,87.41,87.52,87.3,87.335,3307511,0
20260225,130000,87.34,87.77,87.195,87.75,4568753,0
20260225,140000,87.75,90.55,87.39,89.105,87878518,0
20260225,150000,89.075,89.18,88.275,88.555,26380148,0
20260225,160000,88.55,88.815,88.4,88.62,9995061,0
20260225,170000,88.625,88.725,88.08,88.08,11235150,0
20260225,180000,88.08,88.375,88.075,88.24,5114497,0
20260225,190000,88.24,88.25,87.7,87.98,9308599,0
20260225,200000,87.97,88.085,87.9,87.99,4226587,0
20260225,210000,87.99,88.26,87.97,88.125,5042881,0
20260225,220000,88.125,88.15,87.85,88.03,2483430,0
20260225,230000,88.03,88.25,87.995,88.1,3413373,0
20260226,070000,88.09,88.3,87.5,87.85,6010295,0
20260226,080000,87.84,88.055,87.73,88.025,2067395,0
20260226,090000,88.025,88.4,87.985,88.28,5740377,0
20260226,100000,88.28,88.28,87.82,87.955,5031963,0
20260226,110000,87.955,88.12,87.84,87.925,3619965,0
20260226,120000,87.92,88.06,87.86,88.04,1698278,0
20260226,130000,88.035,88.315,87.92,88.21,3122570,0
20260226,140000,88.215,88.215,87.895,88.1,2994841,0
20260226,150000,88.105,88.14,87.9,88,2408956,0
20260226,160000,88.005,88.005,87.9,87.935,2081359,0
20260226,170000,87.935,87.935,87.6,87.69,4299475,0
20260226,180000,87.69,87.795,87.25,87.45,5267388,0
20260226,190000,87.455,87.565,87.055,87.335,5808415,0
20260226,200000,87.33,87.4,87.2,87.29,2341114,0
20260226,210000,87.285,87.37,87.255,87.35,1031785,0
20260226,220000,87.35,87.56,87.345,87.455,893109,0
20260226,230000,87.455,87.455,87.245,87.32,1228481,0
20260227,070000,87.115,87.17,85.52,86.675,10540498,0
20260227,080000,86.675,87.14,86.62,87.045,3104938,0
20260227,090000,87.045,87.17,86.415,86.6,6754709,0
20260227,100000,86.6,86.895,86.53,86.665,6409704,0
20260227,110000,86.665,86.9,86.545,86.87,4022305,0
20260227,120000,86.87,86.99,86.73,86.845,2921402,0
20260227,130000,86.845,86.88,86.665,86.86,2104359,0
20260227,140000,86.86,87.37,86.78,87.33,4271102,0
20260227,150000,87.34,87.47,87.15,87.235,2720526,0
20260227,160000,87.235,87.25,86.825,86.93,3591115,0
20260227,170000,86.93,87.09,86.845,86.955,3327769,0
20260227,180000,86.955,86.985,86.68,86.75,2022672,0
20260227,190000,86.75,86.85,86.67,86.72,2187861,0
20260227,200000,86.72,86.81,86.7,86.785,764103,0
20260227,210000,86.785,87.08,86.775,87.02,2190181,0
20260227,220000,87.02,87.02,86.805,86.875,615794,0
20260227,230000,86.875,87.05,86.81,86.925,1207391,0
20260228,090000,86.9,86.9,86.9,86.9,20340,0
20260228,100000,86.9,87.15,86.325,86.6,4376674,0
20260228,110000,86.595,86.795,86.43,86.62,2346922,0
20260228,120000,86.62,86.66,86.1,86.415,4087869,0
20260228,130000,86.415,86.47,86.1,86.16,2691873,0
20260228,140000,86.16,86.4,86.035,86.32,2677138,0
20260228,150000,86.32,86.595,86.135,86.43,1669326,0
20260228,160000,86.43,86.43,86.195,86.2,746664,0
20260228,170000,86.195,86.235,85.885,86.125,4279496,0
20260228,180000,86.105,86.265,85.8,86.255,3625712,0
20260301,090000,85.94,85.94,85.94,85.94,59983,0
20260301,100000,85.97,86.5,85.85,86.38,3170708,0
20260301,110000,86.38,86.445,86,86.175,1336519,0
20260301,120000,86.175,86.345,86.05,86.255,689739,0
20260301,130000,86.25,86.28,86.105,86.145,501233,0
20260301,140000,86.145,86.2,85.91,86.055,1130535,0
20260301,150000,86.05,86.205,86,86.125,722980,0
20260301,160000,86.12,86.215,86.01,86.14,740286,0
20260301,170000,86.14,86.175,86.075,86.095,287638,0
20260301,180000,86.095,86.22,86.02,86.2,1337627,0
20260302,070000,86.1,86.2,85.7,85.885,3095870,0
20260302,080000,85.885,86.2,85.68,86.11,1956014,0
20260302,090000,86.1,86.105,85.72,85.775,3154765,0
20260302,100000,85.785,86.3,85.725,86.08,5921428,0
20260302,110000,86.08,86.315,86.005,86.135,4260100,0
20260302,120000,86.135,86.23,86.01,86.125,1603722,0
20260302,130000,86.125,86.18,85.83,86,2083240,0
20260302,140000,86,86.125,85.92,85.97,1773667,0
20260302,150000,85.98,86.095,85.91,85.985,1411169,0
20260302,160000,85.985,86.025,85.755,85.8,2702472,0
20260302,170000,85.8,85.855,85.585,85.64,4314658,0
20260302,180000,85.64,85.65,85.1,85.305,6978276,0
20260302,190000,85.3,85.3,84.63,85.145,9881958,0
20260302,200000,85.145,85.21,84.955,85.06,1285188,0
20260302,210000,85.085,85.12,84.98,84.995,1013063,0
20260302,220000,84.995,84.995,84.79,84.91,1995676,0
20260302,230000,84.915,85.23,84.9,85.045,1560387,0
20260303,070000,85,85.045,84.4,84.47,5998134,0
20260303,080000,84.475,84.8,84.31,84.59,4089993,0
20260303,090000,84.59,84.72,84.4,84.67,3104420,0
20260303,100000,84.67,84.885,84.23,84.73,6904773,0
20260303,110000,84.735,86.08,84.63,85.6,10400712,0
20260303,120000,85.63,85.64,85.09,85.24,3437838,0
20260303,130000,85.245,85.4,85.03,85.305,3041005,0
20260303,140000,85.305,85.79,85.19,85.54,3354901,0
20260303,150000,85.54,85.65,84.83,84.86,7388348,0
20260303,160000,84.835,84.93,84.31,84.55,9653364,0
20260303,170000,84.55,84.655,84.255,84.585,4560745,0
20260303,180000,84.59,84.59,84.22,84.3,2954134,0
20260303,190000,84.305,84.5,84.07,84.2,4231824,0
20260303,200000,84.2,84.265,84.06,84.15,2294218,0
20260303,210000,84.15,84.405,84.14,84.345,1761219,0
20260303,220000,84.34,84.6,84.285,84.5,1516113,0
20260303,230000,84.505,84.62,84.095,84.3,1664099,0
20260304,070000,84.4,84.845,84.245,84.635,2166488,0
20260304,080000,84.615,84.925,84.5,84.53,1588979,0
20260304,090000,84.53,84.535,84.165,84.24,2297675,0
20260304,100000,84.255,84.75,84.195,84.46,3679411,0
20260304,110000,84.465,84.5,84.135,84.5,1927320,0
20260304,120000,84.495,84.5,84.21,84.24,2279780,0
20260304,130000,84.245,84.385,84.235,84.305,2181611,0
20260304,140000,84.32,84.375,84.2,84.32,1544347,0
20260304,150000,84.325,84.5,84.3,84.36,1890210,0
20260304,160000,84.36,84.36,84.22,84.225,1567648,0
20260304,170000,84.22,84.28,83.915,83.975,7280782,0
20260304,180000,83.975,84.03,83.72,83.85,4569450,0
20260304,190000,83.875,84.185,83.85,84.135,2144895,0
20260304,200000,84.135,84.15,84,84.065,866233,0
20260304,210000,84.06,84.06,83.7,83.735,2717013,0
20260304,220000,83.74,83.92,83.72,83.905,951325,0
20260304,230000,83.91,83.91,83.725,83.8,1013390,0
20260305,070000,83.885,84.14,83.82,83.95,1999779,0
20260305,080000,83.975,84.035,83.85,83.88,819548,0
20260305,090000,83.875,84.14,83.72,83.925,2222722,0
20260305,100000,83.905,84.435,83.555,84.295,8288498,0
20260305,110000,84.3,84.33,83.615,83.74,6098832,0
20260305,120000,83.74,84.24,83.59,83.935,6348840,0
20260305,130000,83.915,84.5,83.915,84.45,2662293,0
20260305,140000,84.47,84.73,84.28,84.62,5007712,0
20260305,150000,84.63,84.885,84.425,84.885,5101433,0
20260305,160000,84.865,85.48,84.865,85.455,9219605,0
20260305,170000,85.455,86.58,85.45,86.5,18726264,0
20260305,180000,86.495,86.6,86.02,86.215,8478005,0
20260305,190000,86.21,86.25,85.81,85.965,5125106,0
20260305,200000,85.97,86.3,85.85,86.185,2508941,0
20260305,210000,86.185,86.31,86.01,86.015,2170054,0
20260305,220000,86.015,86.015,85.735,85.785,2990433,0
20260305,230000,85.785,86.2,85.755,85.93,1908208,0
20260306,070000,85.85,86.68,85.835,86.435,3566536,0
20260306,080000,86.435,86.455,86.17,86.435,1426193,0
20260306,090000,86.43,86.5,86.16,86.23,1378616,0
20260306,100000,86.21,86.25,85.865,86.005,3056861,0
20260306,110000,86.005,86.39,85.75,85.75,4333894,0
20260306,120000,85.755,86.05,85.575,85.77,3449841,0
20260306,130000,85.77,86.25,85.72,85.89,2558341,0
20260306,140000,85.885,86.2,85.815,85.935,2618374,0
20260306,150000,85.915,85.975,85.7,85.965,2184417,0
20260306,160000,85.965,86.175,85.625,86.07,3618621,0
20260306,170000,86.055,86.1,85.775,86.055,3323653,0
20260306,180000,86.055,86.185,85.88,86.095,2343255,0
20260306,190000,86.1,86.1,85.935,86.02,1051541,0
20260306,200000,86.005,86.08,85.85,85.91,1123068,0
20260306,210000,85.91,85.915,85.805,85.87,921451,0
20260306,220000,85.86,86.05,85.715,86.045,1329827,0
20260306,230000,86.045,86.08,85.895,86.02,1413810,0
20260309,070000,86.045,87.48,86.02,87.19,7272823,0
20260309,080000,87.19,87.3,86.53,86.63,2656595,0
20260309,090000,86.61,86.795,86.16,86.25,4965087,0
20260309,100000,86.245,86.72,86.23,86.3,3940220,0
20260309,110000,86.305,86.505,86.25,86.35,3047598,0
20260309,120000,86.33,86.595,86.115,86.16,3377772,0
20260309,130000,86.145,86.16,85.8,85.9,2992992,0
20260309,140000,85.9,86.055,85.825,86.02,1353797,0
20260309,150000,86.005,86.015,85.85,85.855,1082951,0
20260309,160000,85.855,85.88,85.12,85.18,5894263,0
20260309,170000,85.195,85.2,84.61,84.865,7020132,0
20260309,180000,84.87,85.21,84.705,85.15,3675148,0
20260309,190000,85.155,85.29,85.055,85.13,1414852,0
20260309,200000,85.135,85.245,85.065,85.23,700103,0
20260309,210000,85.225,85.24,85.13,85.175,467042,0
20260309,220000,85.175,85.965,85.105,85.75,4840964,0
20260309,230000,85.755,86.345,85.62,86.07,3976720,0
20260310,070000,86.08,86.35,85.555,85.99,2881453,0
20260310,080000,85.97,86.245,85.76,86.205,1668718,0
20260310,090000,86.2,86.65,86.105,86.285,3374414,0
20260310,100000,86.27,86.67,86.21,86.65,3964486,0
20260310,110000,86.645,86.66,86.22,86.285,2768021,0
20260310,120000,86.29,86.38,85.965,86.155,2538297,0
20260310,130000,86.155,86.32,86.09,86.11,1035704,0
20260310,140000,86.13,86.275,86.02,86.24,1128134,0
20260310,150000,86.245,86.245,85.855,85.855,1807915,0
20260310,160000,85.855,86.035,85.77,85.81,1743264,0
20260310,170000,85.82,85.84,85.625,85.705,2164388,0
20260310,180000,85.695,85.88,85.57,85.57,1635917,0
20260310,190000,85.6,85.66,85.265,85.27,1542560,0
20260310,200000,85.265,85.685,85.26,85.55,1321627,0
20260310,210000,85.55,85.75,85.3,85.73,1076742,0
20260310,220000,85.735,85.76,85.655,85.67,865881,0
20260310,230000,85.665,85.67,85.37,85.51,662743,0
20260311,070000,85.57,85.935,85.55,85.865,929810,0
20260311,080000,85.865,85.975,85.785,85.87,522999,0
20260311,090000,85.85,85.95,85.6,85.865,1191218,0
20260311,100000,85.86,86.07,85.71,85.915,1633527,0
20260311,110000,85.915,85.935,85.705,85.885,977581,0
20260311,120000,85.885,86.01,85.795,85.825,1037307,0
20260311,130000,85.83,85.92,85.775,85.85,945216,0
20260311,140000,85.85,86.285,85.815,86.24,2504648,0
20260311,150000,86.24,86.4,86.05,86.05,2178174,0
20260311,160000,86.05,86.065,85.715,85.77,1718534,0
20260311,170000,85.77,86,85.745,85.81,1081767,0
20260311,180000,85.81,85.9,85.605,85.735,1134340,0
20260311,190000,85.74,85.915,85.735,85.87,1351368,0
20260311,200000,85.87,85.91,85.85,85.87,473577,0
20260311,210000,85.865,85.91,85.77,85.845,709299,0
20260311,220000,85.865,85.9,85.735,85.82,468166,0
20260311,230000,85.815,85.915,85.81,85.9,344999,0
20260312,070000,85.885,86.1,85.67,85.735,1443551,0
20260312,080000,85.735,85.875,85.66,85.785,556227,0
20260312,090000,85.785,85.885,85.65,85.795,1143733,0
20260312,100000,85.795,85.87,85.655,85.8,1164808,0
20260312,110000,85.78,85.87,85.765,85.805,647346,0
20260312,120000,85.805,85.81,85.62,85.635,1352714,0
20260312,130000,85.64,85.66,85.31,85.47,1869848,0
20260312,140000,85.47,85.665,85.35,85.665,1147412,0
20260312,150000,85.66,85.725,85.54,85.655,1325827,0
20260312,160000,85.65,85.79,85.625,85.685,1574532,0
20260312,170000,85.685,85.98,85.67,85.845,1653199,0
20260312,180000,85.84,85.985,85.83,85.985,1422121,0
20260312,190000,85.9,86,85.725,85.8,1387403,0
20260312,200000,85.8,85.875,85.715,85.73,594637,0
20260312,210000,85.735,85.93,85.725,85.925,520930,0
20260312,220000,85.925,85.95,85.78,85.795,462607,0
20260312,230000,85.795,85.81,85.635,85.69,651711,0
20260313,070000,85.69,85.9,85.69,85.89,577048,0
20260313,080000,85.87,86.19,85.69,86.08,1697622,0
20260313,090000,86.08,86.49,85.935,86.41,2397713,0
20260313,100000,86.415,86.645,86.335,86.48,5496907,0
20260313,110000,86.485,86.635,86.25,86.325,3914712,0
20260313,120000,86.305,86.355,86.17,86.275,2472629,0
20260313,130000,86.29,86.3,86.18,86.185,1002829,0
20260313,140000,86.18,86.3,86.08,86.21,1220738,0
20260313,150000,86.21,86.395,86.185,86.31,1418108,0
20260313,160000,86.3,86.315,86.05,86.17,1233004,0
20260313,170000,86.175,86.285,86.025,86.275,724942,0
20260313,180000,86.275,86.325,86.08,86.1,709628,0
20260313,190000,86.13,86.235,86.03,86.09,708701,0
20260313,200000,86.09,86.195,86.05,86.165,737422,0
20260313,210000,86.155,86.19,86.08,86.095,305692,0
20260313,220000,86.095,86.155,86.08,86.135,302265,0
20260313,230000,86.12,86.2,86.055,86.2,372694,0
20260314,090000,86.35,86.35,86.35,86.35,31017,0
20260314,100000,86.345,86.445,86.225,86.315,399506,0
20260314,110000,86.33,86.43,86.265,86.34,497245,0
20260314,120000,86.34,86.42,86.255,86.395,375983,0
20260314,130000,86.4,86.4,86.32,86.365,135786,0
20260314,140000,86.365,86.41,86.26,86.4,180982,0
20260314,150000,86.395,86.4,86.3,86.36,342257,0
20260314,160000,86.36,86.37,86.345,86.36,156766,0
20260314,170000,86.36,86.395,86.35,86.39,143127,0
20260314,180000,86.39,86.4,86.35,86.355,294583,0
20260315,090000,86.355,86.355,86.355,86.355,1966,0
20260315,100000,86.355,86.505,86.255,86.465,420510,0
20260315,110000,86.465,86.485,86.4,86.45,350570,0
20260315,120000,86.47,86.485,86.4,86.405,125044,0
20260315,130000,86.405,86.455,86.365,86.395,266682,0
20260315,140000,86.395,86.455,86.35,86.36,85116,0
20260315,150000,86.36,86.43,86.32,86.355,136302,0
20260315,160000,86.355,86.44,86.33,86.41,51086,0
20260315,170000,86.41,86.415,86.29,86.37,457743,0
20260315,180000,86.36,86.475,86.36,86.475,531547,0
20260316,070000,86.555,86.575,86.355,86.445,1021015,0
20260316,080000,86.445,87.25,86.43,87.005,6107177,0
20260316,090000,87.005,87.8,86.9,87.75,11011555,0
20260316,100000,87.745,88.165,87.525,87.62,11453925,0
20260316,110000,87.62,87.675,87.25,87.305,5130954,0
20260316,120000,87.305,87.42,87,87.235,5818248,0
20260316,130000,87.22,87.285,86.94,87.11,2731879,0
20260316,140000,87.11,87.36,87.075,87.1,2162327,0
20260316,150000,87.1,87.32,86.98,86.98,2920758,0
20260316,160000,86.98,87,86.6,86.71,4116729,0
20260316,170000,86.705,86.75,86.365,86.375,6588829,0
20260316,180000,86.375,86.515,86.14,86.45,6917654,0
20260316,190000,86.44,86.59,86.355,86.54,1693301,0
20260316,200000,86.545,86.55,86.41,86.525,635484,0
20260316,210000,86.53,86.535,86.36,86.435,775520,0
20260316,220000,86.435,86.53,86.425,86.51,367863,0
20260316,230000,86.505,86.51,86.355,86.45,831844,0
20260317,070000,86.5,86.81,86.455,86.71,1748523,0
20260317,080000,86.71,86.94,86.58,86.86,965995,0
20260317,090000,86.86,86.86,86.5,86.66,1311404,0
20260317,100000,86.66,86.77,86.22,86.295,2930467,0
20260317,110000,86.295,86.5,86.265,86.435,1880562,0
20260317,120000,86.435,86.435,86.32,86.36,1709055,0
20260317,130000,86.36,86.43,86.2,86.38,1555648,0
20260317,140000,86.38,86.38,85.6,85.975,7756905,0
20260317,150000,85.975,86.105,85.855,85.895,2964274,0
20260317,160000,85.9,86.435,85.865,86.36,7204371,0
20260317,170000,86.36,86.435,86.3,86.3,2805522,0
20260317,180000,86.305,86.435,86.3,86.42,1582710,0
20260317,190000,86.42,86.435,86.305,86.375,474001,0
20260317,200000,86.38,86.38,86.305,86.32,432947,0
20260317,210000,86.325,86.38,86.315,86.355,227845,0
20260317,220000,86.355,86.435,86.345,86.39,867888,0
20260317,230000,86.37,86.445,86.37,86.445,701530,0
20260317,070000,86.5,86.81,86.455,86.71,1748523,0
20260317,080000,86.71,86.94,86.58,86.86,965995,0
20260317,090000,86.86,86.86,86.5,86.66,1311404,0
20260317,100000,86.66,86.77,86.22,86.295,2930467,0
20260317,110000,86.295,86.5,86.265,86.435,1880562,0
20260317,120000,86.435,86.435,86.32,86.36,1709055,0
20260317,130000,86.36,86.43,86.2,86.38,1555648,0
20260317,140000,86.38,86.38,85.6,85.975,7756905,0
20260317,150000,85.975,86.105,85.855,85.895,2964274,0
20260317,160000,85.9,86.435,85.865,86.36,7204371,0
20260317,170000,86.36,86.435,86.3,86.3,2805522,0
20260317,180000,86.305,86.435,86.3,86.42,1582710,0
20260317,190000,86.42,86.435,86.305,86.375,474001,0
20260317,200000,86.38,86.38,86.305,86.32,432947,0
20260317,210000,86.325,86.38,86.315,86.355,227845,0
20260317,220000,86.355,86.435,86.345,86.39,867888,0
20260317,230000,86.37,86.445,86.37,86.445,701530,0
20260318,070000,86.62,86.975,86.405,86.685,2647648,0
20260318,080000,86.68,87.075,86.6,86.915,1848701,0
20260318,090000,86.915,86.915,86.55,86.715,2550507,0
20260318,100000,86.71,87.195,86.66,86.985,4454649,0
20260318,110000,87,87.155,86.665,86.69,3344769,0
20260318,120000,86.685,86.85,86.35,86.545,2630316,0
20260318,130000,86.545,86.745,86.475,86.525,3398452,0
20260318,140000,86.52,86.605,86.45,86.45,1494479,0
20260318,150000,86.455,86.56,86.315,86.355,4101903,0
20260318,160000,86.35,86.375,86.15,86.24,4472614,0
20260318,170000,86.24,86.42,86.14,86.24,2775236,0
20260318,180000,86.235,86.28,86.11,86.165,1629915,0
20260318,190000,86.17,86.44,86.17,86.385,1517076,0
20260318,200000,86.385,86.745,86.345,86.53,1487189,0
20260318,210000,86.525,86.69,86.525,86.555,815549,0
20260318,220000,86.56,86.56,86.26,86.335,1283249,0
20260318,230000,86.335,86.5,86.2,86.445,1678351,0
20260319,070000,86.48,86.71,86.325,86.565,1109870,0
20260319,080000,86.565,86.615,86.415,86.48,528987,0
20260319,090000,86.475,86.48,86.4,86.4,1343779,0
20260319,100000,86.4,86.64,86.26,86.41,3081221,0
20260319,110000,86.41,86.46,86.26,86.305,3169349,0
20260319,120000,86.305,86.35,86,86.165,4103764,0
20260319,130000,86.175,86.295,86,86.235,2547899,0
20260319,140000,86.24,86.425,86.2,86.315,2210434,0
20260319,150000,86.315,86.37,85.8,85.805,5171043,0
20260319,160000,85.8,86.215,85.8,85.875,2334463,0
20260319,170000,85.865,85.92,85.64,85.71,2695111,0
20260319,180000,85.71,85.845,85.5,85.695,3444606,0
20260319,190000,85.705,85.825,85.695,85.765,902194,0
20260319,200000,85.765,85.975,85.73,85.93,539855,0
20260319,210000,85.93,86,85.835,85.87,466541,0
20260319,220000,85.87,86.14,85.85,86.09,1099627,0
20260319,230000,86.07,86.085,85.9,85.965,570558,0
20260320,070000,86.17,86.555,85.98,86.43,3043187,0
20260320,080000,86.44,86.6,86.33,86.53,973210,0
20260320,090000,86.53,86.54,86.4,86.49,1903188,0
20260320,100000,86.48,86.85,86.4,86.73,4718062,0
20260320,110000,86.735,86.825,86.4,86.63,2103511,0
20260320,120000,86.63,86.7,86.55,86.59,1341132,0
20260320,130000,86.59,86.82,86.105,86.335,7636025,0
20260320,140000,86.33,86.48,86.285,86.325,1871722,0
20260320,150000,86.325,86.325,85.965,86.18,3171408,0
20260320,160000,86.18,86.36,86.09,86.09,1237321,0
20260320,170000,86.095,86.135,85.955,86.07,1988255,0
20260320,180000,86.07,86.075,85.725,85.9,2464426,0
20260320,190000,85.92,86.095,85.9,86.005,881199,0
20260320,200000,86.005,86.035,85.92,85.92,425882,0
20260320,210000,85.92,86,85.9,85.99,574580,0
20260320,220000,85.99,86.095,85.99,86.085,937248,0
20260320,230000,86.085,86.085,85.905,85.905,698707,0
20260323,070000,86.035,86.1,85.61,85.9,2132909,0
20260323,080000,85.915,85.915,85.1,85.635,5636541,0
20260323,090000,85.635,85.875,85.335,85.75,3028577,0
20260323,100000,85.75,85.77,85.41,85.515,3774270,0
20260323,110000,85.53,85.535,85.3,85.37,3569457,0
20260323,120000,85.365,85.415,84.87,84.99,5066883,0
20260323,130000,84.99,85.03,84.41,84.545,7345048,0
20260323,140000,84.545,85.19,84.4,84.795,7915361,0
20260323,150000,84.79,85.11,84.735,84.995,3114356,0
20260323,160000,84.98,85.23,84.8,85.215,2827125,0
20260323,170000,85.215,85.215,84.845,85.085,3125103,0
20260323,180000,85.085,85.26,85.08,85.185,1877762,0
20260323,190000,85.14,85.18,85,85.055,890769,0
20260323,200000,85.055,85.085,84.975,85,344849,0
20260323,210000,85.01,85.065,84.905,84.99,727717,0
20260323,220000,85.02,85.085,84.975,85.06,345838,0
20260323,230000,85.065,85.18,84.95,85.17,880634,0
20260324,070000,85.3,85.725,85.17,85.465,1470653,0
20260324,080000,85.475,85.52,85.14,85.275,982960,0
20260324,090000,85.27,85.52,84.935,85.195,3597255,0
20260324,100000,85.195,85.3,85,85.05,1831631,0
20260324,110000,85.055,85.09,85.005,85.085,930518,0
20260324,120000,85.085,85.285,84.92,85.08,2696804,0
20260324,130000,85.085,85.135,84.95,85.075,1688201,0
20260324,140000,85.07,85.14,85.025,85.115,1134520,0
20260324,150000,85.12,85.14,84.915,85,2140561,0
20260324,160000,85,85,84.85,84.855,1841372,0
20260324,170000,84.86,85.09,84.82,85.05,1398433,0
20260324,180000,85.05,85.09,85,85.005,1313821,0
20260324,190000,85.01,85.08,84.9,84.96,640888,0
20260324,200000,84.96,84.985,84.9,84.955,428004,0
20260324,210000,84.95,85.405,84.9,85.095,1635636,0
20260324,220000,85.095,85.555,85.075,85.485,2662666,0
20260324,230000,85.485,85.775,85.305,85.56,3765971,0
20260325,070000,85.615,85.795,85.335,85.665,1496328,0
20260325,080000,85.655,86.295,85.655,86.07,5592030,0
20260325,090000,86.07,86.075,85.79,85.94,2470966,0
20260325,100000,85.94,85.95,85.58,85.75,2032727,0
20260325,110000,85.75,85.77,85.525,85.755,1485955,0
20260325,120000,85.755,85.82,85.56,85.785,1258833,0
20260325,130000,85.785,86.125,85.725,85.88,2518676,0
20260325,140000,85.885,86.095,85.855,85.95,1672262,0
20260325,150000,85.945,85.955,85.565,85.675,1723179,0
20260325,160000,85.675,85.76,85.535,85.715,1521068,0
20260325,170000,85.71,85.845,85.645,85.73,1305078,0
20260325,180000,85.73,85.795,85.61,85.73,908548,0
20260325,190000,85.745,85.915,85.67,85.905,900476,0
20260325,200000,85.9,85.91,85.795,85.835,323560,0
20260325,210000,85.85,86.75,85.785,86.73,9011757,0
20260325,220000,86.73,86.875,86.67,86.705,4515579,0
20260325,230000,86.705,86.8,86.65,86.78,1740478,0
20260326,070000,86.795,87.28,86.78,87.015,5568333,0
20260326,080000,87.025,87.035,86.6,86.815,2388860,0
20260326,090000,86.84,86.935,86.55,86.795,2846577,0
20260326,100000,86.795,86.815,85.45,85.795,19815494,0
20260326,110000,85.795,85.795,85.12,85.565,9220766,0
20260326,120000,85.555,85.745,85.46,85.595,2460642,0
20260326,130000,85.6,85.6,84.995,85.155,6030262,0
20260326,140000,85.155,85.485,85.105,85.35,2745899,0
20260326,150000,85.355,85.355,85.045,85.045,2710236,0
20260326,160000,85.045,85.22,84.92,84.96,3678374,0
20260326,170000,84.965,85.05,84.85,84.875,2784754,0
20260326,180000,84.875,85.125,84.69,84.865,6748423,0
20260326,190000,84.87,84.98,84.61,84.755,3048824,0
20260326,200000,84.76,84.855,84.745,84.815,1032847,0
20260326,210000,84.815,84.835,84.595,84.615,1204915,0
20260326,220000,84.605,84.69,84.54,84.665,1954889,0
20260326,230000,84.66,84.66,84.24,84.52,5299563,0
20260327,070000,84.665,84.69,84.225,84.54,2425517,0
20260327,080000,84.54,84.79,84.425,84.46,1425690,0
20260327,090000,84.46,84.795,84.425,84.65,1444506,0
20260327,100000,84.65,85.185,84.62,84.965,4104982,0
20260327,110000,84.98,85,84.47,84.56,3165880,0
20260327,120000,84.555,84.635,84.43,84.435,1144964,0
20260327,130000,84.435,84.545,84.3,84.4,1835118,0
20260327,140000,84.4,84.625,84.385,84.4,2004009,0
20260327,150000,84.4,84.43,83.72,83.745,4991456,0
20260327,160000,83.75,83.8,82.455,82.825,19401459,0
20260327,170000,82.82,83.12,82.675,82.83,6973098,0
20260327,180000,82.825,83.255,82.44,83.23,5873381,0
20260327,190000,83.21,83.3,82.95,83.06,1932471,0
20260327,200000,83.055,83.185,83.05,83.125,596083,0
20260327,210000,83.14,83.195,82.9,83.04,920815,0
20260327,220000,83.04,83.135,82.9,83.04,1039836,0
20260327,230000,83.04,83.05,82.8,82.995,1420090,0
20260328,090000,82.89,82.89,82.89,82.89,19098,0
20260328,100000,82.89,83.285,82.89,83.175,749766,0
20260328,110000,83.175,83.25,83.055,83.105,785204,0
20260328,120000,83.09,83.19,83.065,83.175,299064,0
20260328,130000,83.17,83.175,83.1,83.175,167595,0
20260328,140000,83.175,83.19,83.155,83.17,218869,0
20260328,150000,83.17,83.2,83.12,83.135,164541,0
20260328,160000,83.145,83.145,83.035,83.065,151311,0
20260328,170000,83.065,83.095,83,83.06,227421,0
20260328,180000,83.06,83.09,82.915,82.92,318779,0
20260329,090000,82.92,82.92,82.92,82.92,12789,0
20260329,100000,82.925,83.05,82.92,82.94,483753,0
20260329,110000,82.945,83.06,82.94,82.94,300549,0
20260329,120000,82.965,83.01,82.95,82.995,122237,0
20260329,130000,82.995,83,82.965,82.99,99218,0
20260329,140000,82.99,83.03,82.93,83.02,206149,0
20260329,150000,83.02,83.345,82.935,83.335,1335988,0
20260329,160000,83.335,83.36,83.155,83.165,558180,0
20260329,170000,83.165,83.24,83.12,83.215,178822,0
20260329,180000,83.215,83.33,83.165,83.32,505242,0
20260330,070000,83.41,83.45,83.17,83.42,1302421,0
20260330,080000,83.42,83.495,83.255,83.335,753104,0
20260330,090000,83.33,83.33,82.95,83.005,2682396,0
20260330,100000,83.005,83.005,81.92,82.105,11675777,0
20260330,110000,82.11,83.39,82.02,83.365,9523126,0
20260330,120000,83.32,84.63,83.15,84.26,16717108,0
20260330,130000,84.255,84.345,83.9,84.245,4170891,0
20260330,140000,84.245,84.315,83.555,83.63,3733407,0
20260330,150000,83.635,83.9,83.45,83.58,2324923,0
20260330,160000,83.585,83.77,83.03,83.22,3557011,0
20260330,170000,83.235,83.29,82.895,82.99,3241979,0
20260330,180000,82.985,83.29,82.94,83.1,2421515,0
20260330,190000,83.115,83.23,83.01,83.215,792654,0
20260330,200000,83.215,83.28,83.15,83.26,398078,0
20260330,210000,83.26,83.27,83.15,83.16,189438,0
20260330,220000,83.155,83.385,83.155,83.38,478119,0
20260330,230000,83.385,83.495,83.34,83.39,338490,0
20260331,070000,83.505,83.685,83.15,83.305,1652244,0
20260331,080000,83.305,83.5,83.285,83.475,766254,0
20260331,090000,83.44,83.595,83.275,83.535,845748,0
20260331,100000,83.525,83.535,82.935,83.035,4424400,0
20260331,110000,83.035,83.44,82.98,83.37,1870626,0
20260331,120000,83.37,84.4,83.36,84.1,8142581,0
20260331,130000,84.1,84.38,83.91,84.075,5605932,0
20260331,140000,84.07,84.5,83.74,84.425,5801224,0
20260331,150000,84.425,84.9,84.28,84.82,7927693,0
20260331,160000,84.84,85.21,84.565,84.97,7504729,0
20260331,170000,84.955,85.49,84.8,85.37,7656702,0
20260331,180000,85.37,86.06,85.34,85.83,10973644,0
20260331,190000,85.825,85.83,85.355,85.5,3806596,0
20260331,200000,85.495,85.775,85.47,85.675,1424311,0
20260331,210000,85.675,86.09,85.47,86.07,2832135,0
20260331,220000,86.07,86.105,85.86,86.045,2525925,0
20260331,230000,86.04,86.18,85.965,86.045,3510942,0
20260401,070000,86.04,86.045,85.61,85.665,2233343,0
20260401,080000,85.7,85.95,85.505,85.885,1382192,0
20260401,090000,85.88,86.495,85.785,86.32,4095089,0
20260401,100000,86.315,86.85,85.9,86.845,8130985,0
20260401,110000,86.85,87.655,86.795,87.25,19016574,0
20260401,120000,87.25,87.6,86.815,87.565,10428856,0
20260401,130000,87.565,87.795,87.155,87.55,7505734,0
20260401,140000,87.555,87.59,86.9,87.175,6650766,0
20260401,150000,87.175,87.8,87.05,87.51,6933269,0
20260401,160000,87.51,87.795,87.22,87.4,5156355,0
20260401,170000,87.405,88.05,87.405,88.03,9420572,0
20260401,180000,88.035,88.07,87.85,87.97,4335378,0
20260401,190000,87.975,88,87.8,87.97,2340936,0
20260401,200000,87.975,88.035,87.86,87.87,1497194,0
20260401,210000,87.87,88.015,87.835,87.975,2303036,0
20260401,220000,87.98,88.07,87.94,87.975,2133082,0
20260401,230000,87.975,88.145,87.97,88.135,3055839,0
20260402,070000,88.03,88.125,87.5,87.655,7225956,0
20260402,080000,87.655,87.745,87.395,87.745,2549101,0
20260402,090000,87.725,87.99,87.24,87.545,6469486,0
20260402,100000,87.555,87.845,87.33,87.665,5340249,0
20260402,110000,87.66,89.275,87.59,89.115,22515481,0
20260402,120000,89.115,89.2,88.705,89.1,12158691,0
20260402,130000,89.1,89.5,88.935,89.335,9766299,0
20260402,140000,89.33,89.885,89.185,89.75,14459920,0
20260402,150000,89.75,89.8,89.17,89.445,9647462,0
20260402,160000,89.45,89.79,89.43,89.72,7308256,0
20260402,170000,89.72,89.8,89.11,89.275,13934511,0
20260402,180000,89.285,89.605,89.015,89.48,7339922,0
20260402,190000,89.48,89.69,89.37,89.41,3071713,0
20260402,200000,89.41,89.54,89.37,89.535,2001726,0
20260402,210000,89.535,89.8,89.47,89.74,4922062,0
20260402,220000,89.74,89.92,89.69,89.875,3696558,0
20260402,230000,89.88,90.085,89.75,89.91,6994471,0
20260403,070000,89.91,91.5,89.685,91.385,18505984,0
20260403,080000,91.385,91.425,90.995,91.105,6305039,0
20260403,090000,91.105,91.35,90.815,91.115,9418757,0
20260403,100000,91.11,91.775,90.9,91.665,19556488,0
20260403,110000,91.67,92.065,91.515,91.745,18652713,0
20260403,120000,91.745,92,91.425,91.885,16334765,0
20260403,130000,91.88,91.94,91.05,91.15,14902578,0
20260403,140000,91.135,91.65,90.65,90.775,16454301,0
20260403,150000,90.77,91.42,90.73,91.17,11030680,0
20260403,160000,91.17,91.4,91.055,91.27,5316773,0
20260403,170000,91.275,91.325,91.065,91.065,5689311,0
20260403,180000,91.065,91.7,91.06,91.47,8087650,0
20260403,190000,91.47,91.62,91.45,91.595,1993936,0
20260403,200000,91.595,91.8,91.56,91.63,2910985,0
20260403,210000,91.63,91.915,91.625,91.805,2984321,0
20260403,220000,91.805,91.945,91.655,91.715,2675679,0
20260403,230000,91.715,91.9,91.5,91.66,2738580,0
20260404,090000,91.65,91.65,91.65,91.65,25289,0
20260404,100000,91.65,91.95,91.5,91.945,2278296,0
20260404,110000,91.94,92.78,91.89,92.765,6745331,0
20260404,120000,92.765,92.765,92.455,92.625,1869926,0
20260404,130000,92.615,92.68,92.53,92.59,1240424,0
20260404,140000,92.6,92.6,92.46,92.595,871382,0
20260404,150000,92.595,92.6,92.45,92.555,838582,0
20260404,160000,92.555,92.57,92.475,92.48,541079,0
20260404,170000,92.475,92.56,92.475,92.545,426404,0
20260404,180000,92.545,92.59,92.475,92.505,1041726,0
20260405,090000,92.575,92.575,92.575,92.575,126396,0
20260405,100000,92.545,92.775,91.805,92.01,6395622,0
20260405,110000,92.01,92.13,91,91.445,6807699,0
20260405,120000,91.445,91.605,90.805,90.845,6910971,0
20260405,130000,90.82,91.465,90.82,91.37,3461622,0
20260405,140000,91.37,91.5,91.135,91.18,1727594,0
20260405,150000,91.2,91.47,91.15,91.335,841618,0
20260405,160000,91.335,91.375,91.1,91.24,835795,0
20260405,170000,91.24,91.29,91.125,91.29,611865,0
20260405,180000,91.29,91.45,91.205,91.3,949843,0
20260406,070000,91.215,91.395,90.75,90.78,4423595,0
20260406,080000,90.78,91.045,90.765,90.945,1724518,0
20260406,090000,90.955,91.475,90.705,91.135,5959580,0
20260406,100000,91.09,91.125,90.725,90.925,4270684,0
20260406,110000,90.925,91.24,90.78,90.94,2994327,0
20260406,120000,90.955,91.15,90.83,91.015,3281125,0
20260406,130000,91.015,91.065,89.7,89.98,13802431,0
20260406,140000,89.975,90.185,89.795,90.095,5076818,0
20260406,150000,90.09,90.725,90.01,90.325,5874891,0
20260406,160000,90.325,90.48,89.935,90.2,4056223,0
20260406,170000,90.21,90.375,90.05,90.25,3107030,0
20260406,180000,90.245,90.985,90.225,90.835,3114294,0
20260406,190000,90.83,90.995,90.51,90.97,2474036,0
20260406,200000,90.96,90.995,90.655,90.845,1991114,0
20260406,210000,90.85,91.08,90.64,90.865,1801784,0
20260406,220000,90.87,91,90.77,90.795,1384850,0
20260406,230000,90.795,90.945,90.75,90.81,448237,0
20260407,070000,91,91.02,90.45,90.57,1251506,0
20260407,080000,90.57,90.905,90.435,90.62,1394819,0
20260407,090000,90.625,90.82,90.5,90.585,1254171,0
20260407,100000,90.595,90.865,90.245,90.78,2728572,0
20260407,110000,90.78,91.96,90.78,91.35,9190586,0
20260407,120000,91.355,91.85,91.33,91.74,4695361,0
20260407,130000,91.74,91.8,91.275,91.335,5883458,0
20260407,140000,91.335,91.605,91.125,91.365,3219502,0
20260407,150000,91.375,91.605,90.915,91.05,3720032,0
20260407,160000,91.055,91.63,90.995,91.53,3476396,0
20260407,170000,91.53,91.7,91.455,91.54,2501137,0
20260407,180000,91.525,91.635,91.35,91.42,1870497,0
20260407,190000,91.42,91.71,91.42,91.53,1433512,0
20260407,200000,91.53,91.55,91.29,91.45,724230,0
20260407,210000,91.45,91.45,91.255,91.28,669382,0
20260407,220000,91.28,91.295,90.835,91.13,2276620,0
20260407,230000,91.135,91.39,91.01,91.15,1274942,0
20260408,070000,91.6,92.38,91.22,92.08,5957357,0
20260408,080000,92.08,92.09,91.72,91.86,1962938,0
20260408,090000,91.855,91.945,91.62,91.67,2513076,0
20260408,100000,91.675,91.76,91.38,91.4,2416683,0
20260408,110000,91.4,91.83,91.295,91.42,4119570,0
20260408,120000,91.42,91.735,91.42,91.625,1251863,0
20260408,130000,91.625,91.69,91.02,91.435,6523572,0
20260408,140000,91.45,91.485,91.05,91.05,3644848,0
20260408,150000,91.05,91.165,90.78,90.82,4415543,0
20260408,160000,90.815,91.195,90.755,90.785,3343766,0
20260408,170000,90.79,90.945,90.365,90.87,5624081,0
20260408,180000,90.87,90.92,90.605,90.705,1271474,0
20260408,190000,90.71,90.74,90.575,90.68,867946,0
20260408,200000,90.68,90.735,90.6,90.735,383245,0
20260408,210000,90.735,90.8,90.69,90.795,1201137,0
20260408,220000,90.795,91.075,90.785,90.99,1045074,0
20260408,230000,90.995,91.155,90.84,90.93,774867,0
20260409,070000,91.035,91.25,90.825,91.07,2014223,0
20260409,080000,91.07,91.145,90.37,90.79,3459729,0
20260409,090000,90.79,90.865,90.1,90.545,5033954,0
20260409,100000,90.545,90.6,90.25,90.51,3298386,0
20260409,110000,90.515,90.58,90.005,90.155,4596896,0
20260409,120000,90.16,90.16,89.46,89.72,10595331,0
20260409,130000,89.72,91.155,89.7,90.715,15905599,0
20260409,140000,90.725,90.725,90.06,90.175,5010681,0
20260409,150000,90.175,90.3,89.87,89.965,4722013,0
20260409,160000,89.965,90.095,89.68,89.88,4142841,0
20260409,170000,89.88,90.15,89.6,89.605,3353732,0
20260409,180000,89.6,90.195,89.58,89.78,2601693,0
20260409,190000,89.79,90.145,89.79,89.975,910903,0
20260409,200000,89.975,90,89.83,89.84,443998,0
20260409,210000,89.835,89.975,89.815,89.93,538521,0
20260409,220000,89.92,90.285,89.905,90.055,1478405,0
20260409,230000,90.05,90.355,89.98,90.145,876454,0
20260410,070000,90.15,90.33,90.015,90.12,668985,0
20260410,080000,90.12,90.505,90.11,90.4,1170524,0
20260410,090000,90.395,90.4,89.71,89.965,2398966,0
20260410,100000,89.97,90.105,89.55,89.76,4134062,0
20260410,110000,89.77,90.08,89.74,90,2081503,0
20260410,120000,90.005,90.31,89.975,90.18,3326171,0
20260410,130000,90.195,91.06,90.04,90.655,6658205,0
20260410,140000,90.655,90.88,90.505,90.76,3077829,0
20260410,150000,90.765,91,90.42,90.6,4093579,0
20260410,160000,90.6,90.735,90.43,90.57,1545559,0
20260410,170000,90.57,90.84,90.3,90.71,3720866,0
20260410,180000,90.71,91.25,90.705,90.76,7074603,0
20260410,190000,90.76,90.945,90.57,90.595,1155051,0
20260410,200000,90.6,90.645,90.5,90.515,982426,0
20260410,210000,90.505,90.765,90.5,90.53,957665,0
20260410,220000,90.53,90.55,90.48,90.52,839058,0
20260410,230000,90.52,90.55,90.4,90.4,2138066,0
20260411,090000,90.425,90.425,90.425,90.425,19536,0
20260411,100000,90.44,90.755,90.44,90.66,549794,0
20260411,110000,90.675,90.675,90.51,90.585,174491,0
20260411,120000,90.585,90.62,90.4,90.47,371562,0
20260411,130000,90.47,90.535,90.4,90.51,355557,0
20260411,140000,90.51,90.51,90.42,90.44,134730,0
20260411,150000,90.445,90.57,90.43,90.55,181868,0
20260411,160000,90.57,90.705,90.515,90.64,269136,0
20260411,170000,90.64,90.7,90.55,90.645,112130,0
20260411,180000,90.645,90.81,90.595,90.8,329724,0
20260412,090000,90.8,90.8,90.8,90.8,6992,0
20260412,100000,90.795,90.865,90.5,90.69,913641,0
20260412,110000,90.69,90.69,90.565,90.635,196273,0
20260412,120000,90.635,90.685,90.61,90.625,148323,0
20260412,130000,90.635,90.795,90.56,90.655,506542,0
20260412,140000,90.655,90.77,90.65,90.77,188057,0
20260412,150000,90.77,91,90.76,90.93,639940,0
20260412,160000,90.93,91,90.68,90.69,959709,0
20260412,170000,90.685,90.835,90.665,90.775,471789,0
20260412,180000,90.78,90.95,90.77,90.84,629828,0
20260413,070000,90.85,91.185,90.84,91.13,2313094,0
20260413,080000,91.13,91.89,91.07,91.475,5549468,0
20260413,090000,91.475,91.49,91.23,91.325,4097642,0
20260413,100000,91.32,91.805,91.12,91.755,5190397,0
20260413,110000,91.75,91.9,91.445,91.775,7191627,0
20260413,120000,91.755,92.35,91.665,92.3,7928320,0
20260413,130000,92.3,92.485,92.035,92.045,5743880,0
20260413,140000,92.06,92.075,91.315,91.535,6767080,0
20260413,150000,91.535,91.975,91.485,91.645,5153909,0
20260413,160000,91.65,91.93,91.22,91.39,4739657,0
20260413,170000,91.385,91.98,91.32,91.78,3940012,0
20260413,180000,91.775,91.97,91.75,91.83,2114588,0
20260413,190000,91.825,92.29,91.785,91.975,2868528,0
20260413,200000,91.975,92.06,91.81,91.89,1580049,0
20260413,210000,91.895,92,91.8,91.925,1198362,0
20260413,220000,91.925,92.04,91.855,91.9,1317792,0
20260413,230000,91.905,92,91.8,91.955,1529311,0
20260414,070000,92.015,92.09,91.9,91.98,1667568,0
20260414,080000,91.985,92.085,91.96,92.055,1439497,0
20260414,090000,92.055,92.055,91.76,92,2177291,0
20260414,100000,91.995,92,91.435,91.445,3019267,0
20260414,110000,91.445,91.63,90.66,91.235,9769923,0
20260414,120000,91.225,91.725,91.205,91.47,5041189,0
20260414,130000,91.475,91.685,91.43,91.525,3034738,0
20260414,140000,91.53,91.9,91.49,91.795,3353503,0
20260414,150000,91.8,91.84,91.66,91.715,1637912,0
20260414,160000,91.715,92.04,91.635,91.83,2629611,0
20260414,170000,91.865,91.92,91.635,91.88,1837981,0
20260414,180000,91.885,91.945,91.7,91.78,1800049,0
20260414,190000,91.775,91.8,91.485,91.625,1560987,0
20260414,200000,91.625,91.77,91.59,91.73,409165,0
20260414,210000,91.73,92.1,91.72,92.01,2808121,0
20260414,220000,92.01,92.1,91.925,92.08,816823,0
20260414,230000,92.08,92.085,91.85,91.93,1218519,0
20260415,070000,91.93,92.07,91.77,91.83,753353,0
20260415,080000,91.83,91.895,91.66,91.82,602452,0
20260415,090000,91.82,91.965,91.75,91.78,827942,0
20260415,100000,91.78,91.8,91.295,91.405,3900948,0
20260415,110000,91.405,91.82,91.325,91.73,3115114,0
20260415,120000,91.735,91.84,91.67,91.67,1851201,0
20260415,130000,91.67,91.95,91.405,91.94,5037760,0
20260415,140000,91.94,92.23,91.795,92.095,7520839,0
20260415,150000,92.1,92.225,92.05,92.08,2507677,0
20260415,160000,92.085,93.8,91.905,93.21,23016255,0
20260415,170000,93.21,93.4,93.04,93.185,6988296,0
20260415,180000,93.185,93.44,93.18,93.205,4501309,0
20260415,190000,93.21,93.44,93.075,93.355,4162153,0
20260415,200000,93.36,93.435,93.265,93.29,2305445,0
20260415,210000,93.29,93.6,93.27,93.55,2397814,0
20260415,220000,93.55,93.66,93.51,93.595,2105062,0
20260415,230000,93.595,93.875,93.59,93.75,2807435,0
20260416,070000,93.83,94.96,93.57,94.575,10267379,0
20260416,080000,94.57,95.98,94.53,95.455,13231005,0
20260416,090000,95.455,95.705,95.1,95.22,12313977,0
20260416,100000,95.235,95.365,94.7,95.13,9123960,0
20260416,110000,95.125,95.35,94.27,94.625,11675476,0
20260416,120000,94.625,94.91,94.46,94.85,2827285,0
20260416,130000,94.845,94.95,94.555,94.695,3115929,0
20260416,140000,94.7,94.775,94.405,94.54,3918925,0
20260416,150000,94.54,94.95,94.54,94.74,2491211,0
20260416,160000,94.735,94.905,94.5,94.855,3624695,0
20260416,170000,94.855,94.94,94.7,94.785,2700814,0
20260416,180000,94.785,94.94,94.6,94.77,4240144,0
20260416,190000,94.78,95.325,94.71,94.73,3863565,0
20260416,200000,94.725,95.08,94.71,94.975,2585320,0
20260416,210000,94.96,95.065,94.81,94.96,3090463,0
20260416,220000,94.96,95.3,94.865,95.145,2426907,0
20260416,230000,95.14,95.25,94.97,95.135,3075632,0
20260417,070000,95.14,95.345,94.705,94.905,1875991,0
20260417,080000,94.875,95,94.04,94.84,5608369,0
20260417,090000,94.84,94.945,94.59,94.69,1966495,0
20260417,100000,94.69,95.395,94.57,95.28,4734236,0
20260417,110000,95.28,95.305,94.635,94.78,5846628,0
20260417,120000,94.77,95.115,94.77,94.975,3093504,0
20260417,130000,94.975,95.06,94.86,94.93,1670875,0
20260417,140000,94.93,95.5,94.855,95.43,4217015,0
20260417,150000,95.425,95.875,95.305,95.525,8252289,0
20260417,160000,95.525,95.545,95.14,95.38,6743655,0
20260417,170000,95.385,95.54,95.22,95.225,4003260,0
20260417,180000,95.225,95.31,94.94,95.285,5775167,0
20260417,190000,95.275,95.375,95.25,95.27,1658117,0
20260417,200000,95.27,95.38,95.06,95.205,2384557,0
20260417,210000,95.205,95.35,95.155,95.35,1364249,0
20260417,220000,95.35,95.38,95.28,95.335,1138048,0
20260417,230000,95.345,95.415,95.28,95.405,1499135,0
20260418,090000,95.365,95.365,95.365,95.365,21831,0
20260418,100000,95.37,95.75,95.315,95.5,1262434,0
20260418,110000,95.5,95.695,95.475,95.605,750648,0
20260418,120000,95.6,95.7,95.51,95.595,267043,0
20260418,130000,95.595,95.655,95.545,95.65,213156,0
20260418,140000,95.645,95.655,95.43,95.64,559777,0
20260418,150000,95.64,95.65,95.53,95.585,462640,0
20260418,160000,95.585,95.66,95.53,95.635,393423,0
20260418,170000,95.66,95.66,95.515,95.575,250956,0
20260418,180000,95.575,95.7,95.555,95.69,1046458,0
20260419,090000,95.71,95.71,95.71,95.71,16083,0
20260419,100000,95.71,96,95.56,95.64,1255147,0
20260419,110000,95.645,95.675,95.6,95.655,295762,0
20260419,120000,95.65,95.685,95.58,95.645,215765,0
20260419,130000,95.66,95.66,95.58,95.64,237992,0
20260419,140000,95.64,95.64,95.49,95.61,501571,0
20260419,150000,95.6,95.63,95.525,95.55,209341,0
20260419,160000,95.565,95.575,95.55,95.56,115836,0
20260419,170000,95.56,95.69,95.505,95.69,299900,0
20260419,180000,95.685,95.9,95.55,95.845,869186,0
20260420,070000,95.7,96.86,95.665,96.59,6851140,0
20260420,080000,96.595,96.7,96.36,96.7,2744717,0
20260420,090000,96.695,96.705,96.15,96.22,4312824,0
20260420,100000,96.22,96.94,96.17,96.815,7232436,0
20260420,110000,96.815,97.09,96.43,96.77,9451063,0
20260420,120000,96.77,96.975,96.555,96.655,5740798,0
20260420,130000,96.66,96.92,96.57,96.775,3143127,0
20260420,140000,96.795,97.15,96.7,96.82,6595543,0
20260420,150000,96.825,96.915,96.555,96.84,3474156,0
20260420,160000,96.835,96.925,96.72,96.91,2098939,0
20260420,170000,96.9,97.45,96.8,97.42,7720187,0
20260420,180000,97.425,97.75,97.42,97.65,6586566,0
20260420,190000,97.66,97.89,97.62,97.875,3533451,0
20260420,200000,97.875,97.945,97.655,97.735,2211213,0
20260420,210000,97.74,97.74,97.56,97.67,1357525,0
20260420,220000,97.67,97.89,97.56,97.865,2021859,0
20260420,230000,97.86,98.2,97.84,98.1,5008738,0
20260421,070000,98.2,98.82,97.72,97.9,9286085,0
20260421,080000,97.895,98.065,97.58,97.72,5024198,0
20260421,090000,97.72,98.19,97.515,97.68,3826705,0
20260421,100000,97.675,97.685,96.81,97.24,9968611,0
20260421,110000,97.25,97.85,97.17,97.37,6657491,0
20260421,120000,97.37,97.51,96.25,96.425,9854121,0
20260421,130000,96.425,96.765,96.035,96.145,7265755,0
20260421,140000,96.145,96.71,95.85,95.915,6864031,0
20260421,150000,95.91,96.095,93.555,94.525,22380665,0
20260421,160000,94.53,95.19,94.455,95.115,8845051,0
20260421,170000,95.115,95.7,94.8,95.61,8328964,0
20260421,180000,95.615,96.175,95.33,95.93,5790948,0
20260421,190000,95.93,96.15,95.55,95.775,3917810,0
20260421,200000,95.765,95.85,95.58,95.765,1242243,0
20260421,210000,95.76,95.86,95.55,95.73,1211745,0
20260421,220000,95.72,95.795,95.55,95.59,1796773,0
20260421,230000,95.58,95.86,95.395,95.81,2183894,0
20260422,070000,95.8,96.4,95.635,95.995,2055191,0
20260422,080000,95.995,96,95.645,95.8,1380013,0
20260422,090000,95.795,96.8,95.76,96.375,3459256,0
20260422,100000,96.37,96.49,95.6,95.705,5088044,0
20260422,110000,95.705,96.075,93.745,94.51,24094271,0
20260422,120000,94.51,94.615,93.675,94.37,12069244,0
20260422,130000,94.37,94.505,93.85,94.255,9856293,0
20260422,140000,94.255,94.375,93.85,93.935,5597251,0
20260422,150000,93.935,94.685,93.905,94.6,6153240,0
20260422,160000,94.615,94.74,94.49,94.5,2433474,0
20260422,170000,94.5,95.18,94.49,94.835,5048816,0
20260422,180000,94.83,95.07,94.535,94.77,2091914,0
20260422,190000,94.815,94.95,94.275,94.635,3233668,0
20260422,200000,94.64,94.695,94.395,94.455,1441288,0
20260422,210000,94.46,94.69,94.35,94.655,1201865,0
20260422,220000,94.65,94.795,94.52,94.665,943963,0
20260422,230000,94.665,95.375,94.53,95.37,2598584,0
20260423,070000,95.34,95.36,94.85,95.145,1935703,0
20260423,080000,95.145,95.325,94.705,94.97,2368004,0
20260423,090000,94.975,95.1,94.32,94.47,3189247,0
20260423,100000,94.47,94.725,94.25,94.52,2078896,0
20260423,110000,94.52,94.73,94.26,94.475,2087703,0
20260423,120000,94.475,94.5,93.955,93.99,4392217,0
20260423,130000,93.985,94.17,93.945,94.06,4271591,0
20260423,140000,94.06,94.455,94.035,94.415,3460199,0
20260423,150000,94.42,94.435,94,94.18,3216903,0
20260423,160000,94.175,94.235,93.99,94.015,2860608,0
20260423,170000,94.015,94.3,93.95,93.955,3380997,0
20260423,180000,93.96,94.085,93.87,93.905,2847207,0
20260423,190000,93.945,94,93.905,93.96,746361,0
20260423,200000,93.96,94,93.85,93.98,1593971,0
20260423,210000,93.98,94.23,93.965,94.2,1527935,0
20260423,220000,94.185,94.2,93.83,93.85,2094844,0
20260423,230000,93.85,94.15,93.83,94.02,1280460,0
20260424,070000,94.11,94.4,93.93,94.17,1584632,0
20260424,080000,94.17,94.35,94.11,94.22,654459,0
20260424,090000,94.215,94.98,94.035,94.5,6803414,0
20260424,100000,94.505,94.74,94.3,94.355,2694493,0
20260424,110000,94.35,94.56,94.3,94.325,1665710,0
20260424,120000,94.32,94.5,94.035,94.49,2761456,0
20260424,130000,94.49,94.605,93.195,93.88,13167057,0
20260424,140000,93.88,94,93.33,93.505,5958536,0
20260424,150000,93.505,93.505,92.7,93.1,9265252,0
20260424,160000,93.105,93.235,92.955,93.235,4175992,0
20260424,170000,93.23,93.59,93.205,93.55,3182782,0
20260424,180000,93.545,94.3,93.545,93.93,4778801,0
20260424,190000,93.93,94.22,93.75,94.04,2353191,0
20260424,200000,94.04,94.25,94,94.195,699810,0
20260424,210000,94.19,94.285,94.13,94.165,680149,0
20260424,220000,94.165,94.175,94.02,94.105,502863,0
20260424,230000,94.105,94.285,94.005,94.24,901620,0
20260425,090000,94.24,94.24,94.24,94.24,3331,0
20260425,100000,94.245,94.5,94.18,94.23,717347,0
20260425,110000,94.23,94.34,94.19,94.19,270476,0
20260425,120000,94.19,94.245,94.1,94.15,488344,0
20260425,130000,94.13,94.17,94.115,94.115,100761,0
20260425,140000,94.12,94.135,94.1,94.12,159788,0
20260425,150000,94.11,94.135,94.09,94.095,85151,0
20260425,160000,94.1,94.355,94.095,94.27,424611,0
20260425,170000,94.255,94.27,94.18,94.22,50192,0
20260425,180000,94.22,94.24,94.12,94.185,148613,0
20260426,090000,94.04,94.04,94.04,94.04,16013,0
20260426,100000,94.09,94.225,94,94.13,697612,0
20260426,110000,94.12,94.145,94.08,94.11,241801,0
20260426,120000,94.105,94.15,94.085,94.14,144614,0
20260426,130000,94.14,94.19,94.095,94.095,489635,0
20260426,140000,94.095,94.2,94.035,94.175,128066,0
20260426,150000,94.19,94.2,94.095,94.14,284948,0
20260426,160000,94.14,94.15,94.095,94.13,161232,0
20260426,170000,94.13,94.19,94.125,94.18,126225,0
20260426,180000,94.18,94.2,94.1,94.135,189371,0
20260427,070000,94.135,94.73,94.135,94.58,2548103,0
20260427,080000,94.58,94.58,94.395,94.42,628895,0
20260427,090000,94.4,94.405,93.58,93.885,4252584,0
20260427,100000,93.88,94.1,93.615,93.915,4723418,0
20260427,110000,93.91,94.425,93.74,94.06,3184917,0
20260427,120000,94.06,94.205,93.95,94.03,1186011,0
20260427,130000,94.03,94.17,93.72,93.8,2167517,0
20260427,140000,93.8,93.9,93.45,93.665,2139061,0
20260427,150000,93.665,93.855,93.57,93.625,1380981,0
20260427,160000,93.63,93.8,93.605,93.695,756113,0
20260427,170000,93.695,93.77,93.66,93.68,701801,0
20260427,180000,93.68,93.83,93.67,93.76,1128614,0
20260427,190000,93.78,93.85,93.77,93.785,494201,0
20260427,200000,93.785,93.835,93.67,93.68,543245,0
20260427,210000,93.68,93.785,93.665,93.69,337578,0
20260427,220000,93.69,93.71,93.52,93.6,570331,0
20260427,230000,93.6,93.605,93.24,93.31,964464,0
20260428,070000,93.33,93.5,93.325,93.4,880572,0
20260428,080000,93.39,93.42,92.91,93,2260337,0
20260428,090000,93.01,93.38,92.255,93.215,5852809,0
20260428,100000,93.22,93.815,92.6,92.835,6612908,0
20260428,110000,92.84,93.55,92.69,93.375,3592245,0
20260428,120000,93.37,93.515,93.215,93.23,1754350,0
20260428,130000,93.245,93.43,93.165,93.375,1374154,0
20260428,140000,93.375,93.38,92.83,93,2326598,0
20260428,150000,93,93.25,92.82,92.89,1722365,0
20260428,160000,92.88,92.96,92.595,92.6,1872659,0
20260428,170000,92.6,92.7,92.27,92.54,3818136,0
20260428,180000,92.54,92.64,92.41,92.515,874983,0
20260428,190000,92.585,92.61,92.27,92.47,1563708,0
20260428,200000,92.465,92.5,92.345,92.48,602045,0
20260428,210000,92.48,92.61,92.465,92.565,497817,0
20260428,220000,92.565,92.6,92.5,92.57,416470,0
20260428,230000,92.575,92.7,92.56,92.64,803181,0
20260429,070000,92.635,92.89,92.43,92.86,1564694,0
20260429,080000,92.875,93.34,92.875,93.1,1917054,0
20260429,090000,93.1,93.35,93.055,93.215,1274403,0
20260429,100000,93.21,93.23,92.685,93.23,2097382,0
20260429,110000,93.23,93.72,93.155,93.495,3548904,0
20260429,120000,93.495,93.585,93.25,93.295,1003773,0
20260429,130000,93.3,93.3,92.82,92.945,1638252,0
20260429,140000,92.95,93.26,92.855,93,1408502,0
20260429,150000,93,93.12,92.56,92.795,2835434,0
20260429,160000,92.795,93.345,92.605,92.885,6116204,0
20260429,170000,92.885,93.03,88.59,89.825,29790720,0
20260429,180000,89.85,91.18,87.51,90.94,79106472,0
20260429,190000,90.935,91.475,90.9,91.13,9651747,0
20260429,200000,91.105,92.47,90.845,92.21,13301134,0
20260429,210000,92.21,93.325,92.21,92.885,10762768,0
20260429,220000,92.885,92.965,92.47,92.665,3313463,0
20260429,230000,92.665,92.895,92.5,92.86,1237744,0
20260430,070000,92.92,93.2,92.225,92.61,2015436,0
20260430,080000,92.63,92.685,91.635,92.18,2585315,0
20260430,090000,92.185,92.27,91.455,91.63,4291499,0
20260430,100000,91.63,92.4,91.26,91.455,5392118,0
20260430,110000,91.455,91.46,90.87,91.06,5763660,0
20260430,120000,91.055,91.7,91.055,91.475,2990174,0
20260430,130000,91.485,91.695,91.315,91.325,1533921,0
20260430,140000,91.36,91.375,90.9,91.005,2583771,0
20260430,150000,91.01,91.305,90.935,91,1221444,0
20260430,160000,90.995,91.2,90.655,91.185,2964724,0
20260430,170000,91.165,91.39,90.9,90.935,2553767,0
20260430,180000,90.935,91.115,90.805,91.055,1157205,0
20260430,190000,91.06,91.175,90.95,91.025,647299,0
20260430,200000,91.025,91.15,90.95,91.065,669467,0
20260430,210000,91.065,91.125,90.985,91.02,897573,0
20260430,220000,90.995,91.155,90.81,91.145,1266462,0
20260430,230000,91.14,91.32,91.105,91.3,1446782,0
20260501,090000,91.445,91.445,91.445,91.445,1584,0
20260501,100000,91.44,91.63,91.155,91.57,872381,0
20260501,110000,91.58,91.685,91.505,91.55,316723,0
20260501,120000,91.565,91.6,91.48,91.53,255427,0
20260501,130000,91.52,91.54,91.51,91.53,128146,0
20260501,140000,91.52,91.545,91.49,91.5,145788,0
20260501,150000,91.5,91.525,91.25,91.36,490462,0
20260501,160000,91.36,91.565,91.325,91.48,244605,0
20260501,170000,91.48,91.51,91.255,91.325,609288,0
20260501,180000,91.32,91.36,91.255,91.295,295300,0
20260502,090000,91.3,91.3,91.3,91.3,3872,0
20260502,100000,91.34,91.485,91.305,91.41,296265,0
20260502,110000,91.4,91.42,91.25,91.37,160801,0
20260502,120000,91.365,91.37,91.25,91.305,63869,0
20260502,130000,91.305,91.325,91.24,91.275,64830,0
20260502,140000,91.275,91.315,91.2,91.255,67240,0
20260502,150000,91.295,91.36,91.24,91.3,131039,0
20260502,160000,91.3,91.305,91.195,91.2,101183,0
20260502,170000,91.2,91.33,91.195,91.32,56171,0
20260502,180000,91.32,91.32,91.195,91.295,111561,0
20260503,090000,91.295,91.295,91.295,91.295,434,0
20260503,100000,91.295,91.345,91.08,91.195,325830,0
20260503,110000,91.19,91.235,91.035,91.105,419768,0
20260503,120000,91.13,91.135,91.025,91.075,88049,0
20260503,130000,91.075,91.145,91.02,91.14,83843,0
20260503,140000,91.145,91.15,91.025,91.05,240496,0
20260503,150000,91.07,91.12,91.05,91.1,32944,0
20260503,160000,91.1,91.12,91.005,91.04,154459,0
20260503,170000,91.065,91.09,91.04,91.04,63797,0
20260503,180000,91.04,91.08,90.89,91.03,1346697,0
20260504,070000,91.03,91.47,91,91.415,915049,0
20260504,080000,91.415,91.87,91.38,91.455,1402504,0
20260504,090000,91.455,91.75,91.4,91.45,1579266,0
20260504,100000,91.45,91.6,91.35,91.425,603445,0
20260504,110000,91.425,91.555,90.515,90.6,3304525,0
20260504,120000,90.6,90.61,89.005,89.26,13931198,0
20260504,130000,89.265,89.92,89.23,89.855,5507423,0
20260504,140000,89.87,89.92,89.22,89.28,3804086,0
20260504,150000,89.275,89.675,89.165,89.67,2432156,0
20260504,160000,89.67,89.675,89.16,89.535,1866373,0
20260504,170000,89.525,89.715,89.21,89.595,1937127,0
20260504,180000,89.6,89.695,89.195,89.55,2191795,0
20260504,190000,89.555,89.715,89.415,89.555,926999,0
20260504,200000,89.56,89.915,89.56,89.6,1040106,0
20260504,210000,89.61,89.86,89.465,89.79,1214379,0
20260504,220000,89.785,89.88,89.695,89.715,753495,0
20260504,230000,89.72,89.995,89.7,89.91,959151,0
20260505,070000,89.925,90.11,89.56,89.79,849757,0
20260505,080000,89.725,89.825,89.66,89.77,232575,0
20260505,090000,89.765,89.81,89.165,89.33,2249464,0
20260505,100000,89.335,90.2,89.305,89.34,4291400,0
20260505,110000,89.345,89.47,89.145,89.365,3592196,0
20260505,120000,89.37,89.96,89.225,89.72,4347266,0
20260505,130000,89.715,89.885,89.45,89.73,1511196,0
20260505,140000,89.735,89.85,89.48,89.74,1229457,0
20260505,150000,89.8,90.145,89.775,90.135,5043435,0
20260505,160000,90.13,91.71,89.96,91.28,7757828,0
20260505,170000,91.28,92.2,91.19,91.82,8124697,0
20260505,180000,91.815,91.95,91.455,91.5,3576402,0
20260505,190000,91.495,91.78,91.49,91.535,1136008,0
20260505,200000,91.55,91.93,91.485,91.77,2102814,0
20260505,210000,91.77,91.885,91.675,91.82,509687,0
20260505,220000,91.82,91.99,91.72,91.89,902973,0
20260505,230000,91.9,92.15,91.83,92.1,944188,0
20260506,070000,92.145,92.145,91.25,91.725,1807126,0
20260506,080000,91.725,91.85,91.56,91.655,325623,0
20260506,090000,91.645,91.97,91.17,91.33,2017611,0
20260506,100000,91.335,91.775,91.1,91.105,2341413,0
20260506,110000,91.105,91.92,91.1,91.3,2387645,0
20260506,120000,91.295,91.395,90.55,90.71,3015688,0
20260506,130000,90.705,90.945,89.81,90.75,5423603,0
20260506,140000,90.73,91.245,90.525,91.105,1930654,0
20260506,150000,91.105,92.1,91.095,91.625,4475309,0
20260506,160000,91.615,91.965,91.5,91.845,1384674,0
20260506,170000,91.845,92.095,91.69,91.795,1992817,0
20260506,180000,91.795,92.04,91.775,92.04,839590,0
20260506,190000,92.04,92.095,91.71,91.81,931559,0
20260506,200000,91.79,91.87,91.73,91.795,336606,0
20260506,210000,91.78,91.925,91.6,91.64,771534,0
20260506,220000,91.645,91.76,91.525,91.71,545704,0
20260506,230000,91.7,91.96,91.635,91.92,828723,0
20260507,070000,91.83,91.915,91.32,91.51,713287,0
20260507,080000,91.51,91.645,91.44,91.555,282823,0
20260507,090000,91.555,91.96,91.435,91.765,1195844,0
20260507,100000,91.77,92.325,91.52,91.63,3259075,0
20260507,110000,91.625,91.79,91.45,91.73,1045155,0
20260507,120000,91.71,92.6,91.7,92.575,3680114,0
20260507,130000,92.575,93.24,92.53,92.875,7439196,0
20260507,140000,92.895,93.34,92.765,93.17,4136348,0
20260507,150000,93.17,93.2,92.615,92.845,3763911,0
20260507,160000,92.845,92.91,92.2,92.46,2847673,0
20260507,170000,92.465,92.7,92.16,92.625,1180432,0
20260507,180000,92.62,92.8,92.51,92.525,725800,0
20260507,190000,92.535,92.785,92.32,92.66,1103977,0
20260507,200000,92.66,92.895,92.6,92.77,1071445,0
20260507,210000,92.77,92.85,92.625,92.82,891116,0
20260507,220000,92.815,92.82,92.615,92.72,1046119,0
20260507,230000,92.72,92.72,92.375,92.495,885319,0
20260508,070000,92.57,93,92.51,92.895,1409146,0
20260508,080000,92.865,93.195,92.75,92.94,1498345,0
20260508,090000,92.925,93.095,92.41,92.565,2398792,0
20260508,100000,92.56,92.65,92.035,92.205,2831884,0
20260508,110000,92.195,92.41,91.845,92.055,3101065,0
20260508,120000,92.055,92.3,92.05,92.235,671305,0
