20251217,070000,5745,5780,5742.5,5774,35544,0
20251217,080000,5774,5784,5768.5,5772,25475,0
20251217,090000,5771,5772.5,5760,5762,32356,0
20251217,100000,5762,5763.5,5741,5752.5,70838,0
20251217,110000,5752,5777,5750,5752,48109,0
20251217,120000,5752,5753,5730,5739.5,85163,0
20251217,130000,5739,5757.5,5731.5,5748,39642,0
20251217,140000,5749.5,5755.5,5713,5726.5,81660,0
20251217,150000,5727,5731.5,5717.5,5727.5,29039,0
20251217,160000,5727.5,5730,5705.5,5707.5,43339,0
20251217,170000,5707.5,5710,5685,5705,95505,0
20251217,180000,5704,5720.5,5690,5717,50310,0
20251217,190000,5716.5,5731,5709,5709.5,35296,0
20251217,200000,5709.5,5720,5706,5717,12569,0
20251217,210000,5717,5722,5710.5,5716.5,8667,0
20251217,220000,5715,5731,5702,5718,30054,0
20251217,230000,5718.5,5731.5,5717,5730.5,7721,0
20251218,070000,5735.5,5748,5724,5729,13481,0
20251218,080000,5729.5,5733,5727.5,5731,2530,0
20251218,090000,5731,5737.5,5718.5,5733,12606,0
20251218,100000,5733.5,5745.5,5720,5742,41525,0
20251218,110000,5742,5744,5720,5729.5,50430,0
20251218,120000,5729.5,5755,5720,5749,144886,0
20251218,130000,5749,5768.5,5749,5761.5,113777,0
20251218,140000,5761.5,5763.5,5741,5761,71155,0
20251218,150000,5761,5794,5760,5786.5,194351,0
20251218,160000,5786,5877,5785.5,5858.5,493905,0
20251218,170000,5859,5879.5,5837,5857,272682,0
20251218,180000,5856.5,5873.5,5832.5,5873.5,186211,0
20251218,190000,5863.5,5872,5857,5860,63301,0
20251218,200000,5859.5,5863,5850,5858.5,26211,0
20251218,210000,5857.5,5868,5857,5867,17145,0
20251218,220000,5867.5,5885,5863.5,5875,49220,0
20251218,230000,5875.5,5888,5875.5,5888,19655,0
20251219,070000,5886,5934,5886,5926.5,76456,0
20251219,080000,5926.5,5926.5,5911.5,5915,24417,0
20251219,090000,5915,5945.5,5913,5937.5,56462,0
20251219,100000,5937.5,5965,5922.5,5933.5,144026,0
20251219,110000,5934,5934.5,5914,5930,84667,0
20251219,120000,5929,5944.5,5926,5934.5,66647,0
20251219,130000,5934,5942,5837.5,5854.5,422958,0
20251219,140000,5854.5,5898.5,5847,5897,144485,0
20251219,150000,5896,5898,5860,5864.5,50217,0
20251219,160000,5865,5900,5855.5,5888.5,95766,0
20251219,170000,5888,5888,5856,5858,65796,0
20251219,180000,5857.5,5877,5841.5,5853.5,51619,0
20251219,190000,5855,5862,5848.5,5859.5,27510,0
20251219,200000,5858.5,5886.5,5855.5,5878,20536,0
20251219,210000,5879,5879.5,5869,5872,5580,0
20251219,220000,5872,5879,5870.5,5879,5261,0
20251219,230000,5878.5,5899,5876,5897.5,27850,0
20251220,090000,5901,5901,5901,5901,177,0
20251220,100000,5902,5904.5,5890,5891.5,9882,0
20251220,110000,5891.5,5891.5,5883.5,5889.5,3382,0
20251220,120000,5890,5890,5880,5887,3026,0
20251220,130000,5887,5887.5,5876.5,5881,5035,0
20251220,140000,5881,5882,5872,5875,4185,0
20251220,150000,5876.5,5886.5,5875,5880.5,4238,0
20251220,160000,5882,5892.5,5880,5888.5,9626,0
20251220,170000,5888.5,5895,5884.5,5895,1376,0
20251220,180000,5894.5,5895,5888,5888,2940,0
20251221,090000,5894,5894,5894,5894,79,0
20251221,100000,5894,5898.5,5889.5,5889.5,2936,0
20251221,110000,5890.5,5892.5,5888,5892,1618,0
20251221,120000,5892.5,5895.5,5869,5873,16771,0
20251221,130000,5874,5881.5,5873,5874.5,2823,0
20251221,140000,5874.5,5875,5872,5875,3686,0
20251221,150000,5874,5882.5,5870.5,5882,3027,0
20251221,160000,5882,5883,5866,5866.5,7112,0
20251221,170000,5867.5,5875,5861,5871,8018,0
20251221,180000,5871,5874.5,5866,5874,4200,0
20251222,070000,5873,5880,5852,5864,17743,0
20251222,080000,5864,5866,5849,5857,15229,0
20251222,090000,5855,5856,5830.5,5837.5,38137,0
20251222,100000,5838,5841,5819,5827,95864,0
20251222,110000,5827,5830,5800.5,5806.5,80279,0
20251222,120000,5806.5,5837.5,5800,5834,88445,0
20251222,130000,5834.5,5871,5822,5855.5,89120,0
20251222,140000,5855.5,5856,5821,5837,60616,0
20251222,150000,5836.5,5843,5825,5839.5,35054,0
20251222,160000,5839.5,5843.5,5827.5,5836,25976,0
20251222,170000,5836,5838.5,5802.5,5806,102948,0
20251222,180000,5806.5,5824.5,5800,5820,77419,0
20251222,190000,5820.5,5824,5811,5816,13943,0
20251222,200000,5816.5,5816.5,5806.5,5813,8009,0
20251222,210000,5813,5817.5,5807.5,5813.5,13686,0
20251222,220000,5814,5814.5,5806,5808.5,11833,0
20251222,230000,5808,5819,5805,5810,11583,0
20251223,070000,5817,5832,5811,5831.5,8223,0
20251223,080000,5832,5841,5824.5,5836,10335,0
20251223,090000,5832,5832,5814,5818.5,15348,0
20251223,100000,5818,5827,5765.5,5766.5,100479,0
20251223,110000,5765.5,5777,5738,5747.5,108757,0
20251223,120000,5747.5,5755,5734.5,5735,99194,0
20251223,130000,5734.5,5746.5,5720,5720.5,94839,0
20251223,140000,5720.5,5767,5715.5,5766.5,98878,0
20251223,150000,5766,5767,5726,5729,83108,0
20251223,160000,5730,5736.5,5718.5,5735.5,87964,0
20251223,170000,5736.5,5746,5705,5719,75402,0
20251223,180000,5719,5735,5719,5720,35371,0
20251223,190000,5721,5735,5720.5,5729,16678,0
20251223,200000,5729.5,5732.5,5725.5,5728,7144,0
20251223,210000,5728,5740.5,5727.5,5739,11473,0
20251223,220000,5738.5,5745,5736,5745,11780,0
20251223,230000,5745,5748,5741,5744.5,16074,0
20251224,070000,5740,5778,5734.5,5752.5,24419,0
20251224,080000,5751,5760,5744,5751,7710,0
20251224,090000,5751.5,5751.5,5713,5723.5,39750,0
20251224,100000,5723.5,5724,5702,5709,57478,0
20251224,110000,5709.5,5717.5,5656,5680,147644,0
20251224,120000,5680,5691.5,5673.5,5680,65391,0
20251224,130000,5680,5696,5677.5,5689,30352,0
20251224,140000,5689,5697,5671,5674.5,35010,0
20251224,150000,5674.5,5697.5,5673,5678,43404,0
20251224,160000,5678,5687.5,5664.5,5681,38031,0
20251224,170000,5681,5683.5,5672,5673,26701,0
20251224,180000,5673,5682.5,5670,5682.5,29912,0
20251224,190000,5682.5,5693.5,5680,5684.5,17058,0
20251224,200000,5685,5693,5684,5692,10755,0
20251224,210000,5692.5,5692.5,5685.5,5689.5,6168,0
20251224,220000,5689.5,5690,5685,5686.5,6859,0
20251224,230000,5687,5687,5675.5,5677.5,9757,0
20251225,070000,5681,5688,5676,5683,11524,0
20251225,080000,5683.5,5685,5679.5,5683.5,4716,0
20251225,090000,5683,5688,5674,5685.5,13004,0
20251225,100000,5686,5686,5650,5663.5,55367,0
20251225,110000,5663,5707,5663,5697,58156,0
20251225,120000,5697,5706,5689,5690,45109,0
20251225,130000,5690,5698.5,5680,5685,35592,0
20251225,140000,5683.5,5687,5675,5681,47371,0
20251225,150000,5681,5682,5670.5,5672,41535,0
20251225,160000,5671.5,5679.5,5667,5673,47808,0
20251225,170000,5673,5673.5,5666,5669.5,24192,0
20251225,180000,5669.5,5672.5,5665,5669.5,22479,0
20251225,190000,5670,5671.5,5665.5,5670,9472,0
20251225,200000,5671,5673,5668.5,5672,8356,0
20251225,210000,5672.5,5678.5,5672,5677,8917,0
20251225,220000,5677,5680,5670,5677,14796,0
20251225,230000,5676.5,5680,5668.5,5673.5,14453,0
20251226,070000,5673.5,5691.5,5670.5,5687,8899,0
20251226,080000,5687,5703,5686.5,5695.5,28663,0
20251226,090000,5695,5735,5687.5,5718.5,72821,0
20251226,100000,5719,5735,5712,5725.5,68245,0
20251226,110000,5726,5746,5722.5,5730.5,100761,0
20251226,120000,5731,5737.5,5725.5,5730.5,56959,0
20251226,130000,5730.5,5738,5723,5729.5,41856,0
20251226,140000,5729,5744.5,5726,5738.5,41950,0
20251226,150000,5738.5,5762.5,5729.5,5759,105503,0
20251226,160000,5760,5773,5759.5,5770,78843,0
20251226,170000,5769.5,5797,5769,5791.5,78497,0
20251226,180000,5791.5,5792.5,5775,5781,33398,0
20251226,190000,5780.5,5798,5780,5782,21391,0
20251226,200000,5783,5790,5780,5785.5,16544,0
20251226,210000,5786,5792,5785.5,5789.5,12240,0
20251226,220000,5789.5,5795,5789,5794.5,19384,0
20251226,230000,5794.5,5799,5780.5,5790,35303,0
20251227,090000,5792.5,5792.5,5792.5,5792.5,172,0
20251227,100000,5792.5,5830,5791.5,5819.5,35654,0
20251227,110000,5820,5830,5811,5829.5,20392,0
20251227,120000,5830,5847,5829.5,5835,26706,0
20251227,130000,5835.5,5842,5833,5838.5,11553,0
20251227,140000,5838,5840.5,5830.5,5830.5,8937,0
20251227,150000,5830.5,5833,5826.5,5833,7212,0
20251227,160000,5832.5,5838,5831.5,5836,5007,0
20251227,170000,5835,5836.5,5833,5835.5,3139,0
20251227,180000,5835,5835.5,5830,5832,4882,0
20251228,090000,5833,5833,5833,5833,554,0
20251228,100000,5834,5837,5805,5806,23468,0
20251228,110000,5806,5814.5,5791.5,5804,23832,0
20251228,120000,5804,5815,5803.5,5809,7526,0
20251228,130000,5810.5,5820,5803.5,5808.5,6772,0
20251228,140000,5808.5,5820,5807,5813,4793,0
20251228,150000,5812.5,5824,5812,5822,11793,0
20251228,160000,5821,5829,5819,5824.5,4054,0
20251228,170000,5826.5,5838,5824.5,5829.5,12286,0
20251228,180000,5827.5,5838,5827.5,5833,8476,0
20251229,070000,5853,5868.5,5812.5,5857,60326,0
20251229,080000,5857,5876,5842.5,5859,34775,0
20251229,090000,5858,5860,5835,5853,46186,0
20251229,100000,5853,5859.5,5835.5,5853,39982,0
20251229,110000,5853.5,5963,5847,5960,171888,0
20251229,120000,5959.5,5974,5912.5,5936,145382,0
20251229,130000,5936.5,5947,5922,5931.5,63671,0
20251229,140000,5931.5,5944,5931,5941.5,55796,0
20251229,150000,5941.5,5960,5924.5,5950.5,117375,0
20251229,160000,5950.5,5958.5,5886,5909.5,112009,0
20251229,170000,5909,5935.5,5908.5,5927,68614,0
20251229,180000,5927,5927,5775,5795,281476,0
20251229,190000,5792,5842,5780.5,5804,120037,0
20251229,200000,5804,5827.5,5800,5820.5,37880,0
20251229,210000,5820.5,5834,5802.5,5831,54989,0
20251229,220000,5831,5838,5825.5,5830.5,13511,0
20251229,230000,5831,5834.5,5825,5832.5,21161,0
20251230,070000,5853,5858.5,5839.5,5850,16964,0
20251230,080000,5849.5,5858.5,5847.5,5857,11914,0
20251230,090000,5857,5857,5833,5844,24254,0
20251230,100000,5844.5,5854.5,5824,5845,34161,0
20251230,110000,5845.5,5848.5,5831.5,5837.5,39738,0
20251230,120000,5837.5,5875,5834.5,5863,152373,0
20251230,130000,5863.5,5868.5,5848.5,5859.5,169086,0
20251230,140000,5859.5,5872,5858.5,5870,25898,0
20251230,150000,5870,5885,5868,5884.5,29653,0
20251230,160000,5884.5,5899,5882.5,5895.5,47645,0
20251230,170000,5896,5918,5891,5893.5,62021,0
20251230,180000,5894.5,5899,5874.5,5880.5,32400,0
20251230,190000,5885,5905,5882.5,5904,26880,0
20251230,200000,5905,5917,5890.5,5902,33002,0
20251230,210000,5902,5908,5897,5905,15037,0
20251230,220000,5905,5910,5893.5,5900.5,24227,0
20251230,230000,5900,5911.5,5893,5908.5,33457,0
20260105,070000,5904.5,5922,5865,5869.5,46632,0
20260105,080000,5868,5890.5,5862,5879,25188,0
20260105,090000,5879,5879.5,5831,5843.5,66493,0
20260105,100000,5843.5,5877,5837,5869,51814,0
20260105,110000,5869.5,5873.5,5859.5,5873.5,32446,0
20260105,120000,5873,5874.5,5860,5868,36918,0
20260105,130000,5868,5869.5,5860,5860.5,21640,0
20260105,140000,5860,5865,5850,5851.5,29338,0
20260105,150000,5852,5856,5835,5854,25636,0
20260105,160000,5854,5870.5,5853.5,5865,19452,0
20260105,170000,5865,5880,5864,5869.5,30798,0
20260105,180000,5870,5880,5867,5876,26345,0
20260105,190000,5875,5878.5,5867,5869.5,8638,0
20260105,200000,5869.5,5874,5864,5870.5,6095,0
20260105,210000,5870,5878,5870,5871.5,6985,0
20260105,220000,5871.5,5875.5,5868.5,5871,6549,0
20260105,230000,5871,5874.5,5866.5,5871.5,6196,0
20260106,070000,5871.5,5890,5871.5,5887.5,7956,0
20260106,080000,5887.5,5887.5,5880,5887,3225,0
20260106,090000,5886.5,5914.5,5875.5,5912.5,32775,0
20260106,100000,5911.5,5915.5,5889,5895.5,60099,0
20260106,110000,5895.5,5900,5886,5898,35096,0
20260106,120000,5897.5,5908,5891.5,5900,41535,0
20260106,130000,5899,5907,5879,5898,43368,0
20260106,140000,5897.5,5899,5881,5884,34123,0
20260106,150000,5883.5,5892,5871.5,5885,27388,0
20260106,160000,5885,5893.5,5870,5870.5,23921,0
20260106,170000,5871,5881,5866,5879.5,30219,0
20260106,180000,5879.5,5888,5878.5,5886.5,7040,0
20260106,190000,5885,5889.5,5881.5,5885,10679,0
20260106,200000,5885.5,5886,5880,5881,3847,0
20260106,210000,5881,5884.5,5873.5,5881.5,13668,0
20260106,220000,5881.5,5881.5,5875,5877,7013,0
20260106,230000,5877,5888,5875,5884,10751,0
20260108,070000,5852,5864,5831,5842.5,68675,0
20260108,080000,5843,5854,5840.5,5847,21995,0
20260108,090000,5847,5855.5,5840,5848,20989,0
20260108,100000,5847.5,5870,5844,5868,40673,0
20260108,110000,5868,5868,5851.5,5859.5,67689,0
20260108,120000,5859.5,5879.5,5858,5874,27013,0
20260108,130000,5874,5875,5855,5858.5,23004,0
20260108,140000,5858.5,5867,5855,5855.5,37964,0
20260108,150000,5855.5,5856.5,5840,5845.5,78073,0
20260108,160000,5845.5,5850.5,5821.5,5840,112165,0
20260108,170000,5840,5841,5830,5838.5,31212,0
20260108,180000,5838.5,5841.5,5831,5832.5,24130,0
20260108,190000,5833,5838,5828.5,5832,20975,0
20260108,200000,5832,5837,5830,5833,18565,0
20260108,210000,5833,5853,5831,5850,23242,0
20260108,220000,5851.5,5854,5835.5,5841,27072,0
20260108,230000,5841.5,5857,5840,5851.5,14800,0
20260109,070000,5848,5865,5821,5857,26019,0
20260109,080000,5859,5860,5847,5849.5,11312,0
20260109,090000,5852.5,5857.5,5834,5842.5,36512,0
20260109,100000,5842,5853,5833,5841.5,58346,0
20260109,110000,5841,5845,5835.5,5844.5,31711,0
20260109,120000,5845,5845,5835,5840,22669,0
20260109,130000,5840,5844.5,5837.5,5842.5,15108,0
20260109,140000,5841,5847,5841,5846,15201,0
20260109,150000,5846,5849,5841,5841,34334,0
20260109,160000,5841,5844.5,5836,5843,45830,0
20260109,170000,5843,5846,5840,5846,37215,0
20260109,180000,5846,5847.5,5843,5845.5,25047,0
20260109,190000,5845,5850,5841.5,5846.5,28003,0
20260109,200000,5846.5,5847,5842,5842,24271,0
20260109,210000,5842,5843,5840.5,5841,40966,0
20260109,220000,5841,5858,5841,5856,45813,0
20260109,230000,5855.5,5882,5855.5,5878,106969,0
20260112,090000,5520,5520,5520,5520,10354,0
20260112,100000,5521,5550,5510,5523,619048,0
20260112,110000,5522.5,5524,5495,5498,228054,0
20260112,120000,5497.5,5509.5,5493.5,5497,107573,0
20260112,130000,5496.5,5500.5,5470,5478,135794,0
20260112,140000,5478,5479.5,5465,5466,83274,0
20260112,150000,5466.5,5466.5,5451,5456.5,131645,0
20260112,160000,5456.5,5457,5409,5428.5,217086,0
20260112,170000,5428,5429,5380,5380,208138,0
20260112,180000,5380,5388,5363,5376,133461,0
20260112,190000,5377,5397,5375,5391.5,51415,0
20260112,200000,5391,5398,5390,5396,22666,0
20260112,210000,5396,5399,5393.5,5399,23878,0
20260112,220000,5399,5406.5,5396,5398.5,26285,0
20260112,230000,5398.5,5400.5,5393,5393,23945,0
20260113,070000,5389,5402.5,5357,5373.5,60837,0
20260113,080000,5373.5,5389,5373.5,5387,21637,0
20260113,090000,5386.5,5387,5352,5361,61884,0
20260113,100000,5361,5399.5,5360,5375.5,76381,0
20260113,110000,5375.5,5379.5,5360,5375.5,51818,0
20260113,120000,5374.5,5417.5,5374.5,5409,82928,0
20260113,130000,5409,5430,5396,5426,80741,0
20260113,140000,5426,5429,5401.5,5403,38163,0
20260113,150000,5403.5,5404,5382.5,5393,55116,0
20260113,160000,5392,5415,5391,5403.5,58627,0
20260113,170000,5403.5,5409,5389.5,5403.5,55368,0
20260113,180000,5404,5409,5382.5,5400,42070,0
20260113,190000,5395.5,5398.5,5386.5,5391,12838,0
20260113,200000,5391,5397.5,5386.5,5386.5,14038,0
20260113,210000,5386.5,5394.5,5386,5394.5,6798,0
20260113,220000,5394.5,5402.5,5394,5399.5,11211,0
20260113,230000,5399,5400,5391,5392.5,15578,0
20260114,070000,5399.5,5415,5396.5,5400,13198,0
20260114,080000,5399.5,5400,5391.5,5395.5,7755,0
20260114,090000,5395.5,5398.5,5380,5381,23540,0
20260114,100000,5380.5,5381.5,5352,5367.5,96631,0
20260114,110000,5368,5429,5358,5399.5,129315,0
20260114,120000,5399.5,5419,5392.5,5394,64804,0
20260114,130000,5394,5405.5,5385.5,5399.5,47567,0
20260114,140000,5400,5418,5399.5,5405,56103,0
20260114,150000,5405,5413,5388.5,5392,36183,0
20260114,160000,5392.5,5402.5,5372.5,5399,40701,0
20260114,170000,5398.5,5414,5388.5,5390,55140,0
20260114,180000,5391,5400,5390.5,5390.5,9604,0
20260114,190000,5391,5398,5381.5,5389.5,19107,0
20260114,200000,5390,5400,5384.5,5396,11288,0
20260114,210000,5396.5,5399,5390.5,5398.5,6527,0
20260114,220000,5398.5,5410,5394.5,5407.5,33510,0
20260114,230000,5408,5414,5380,5386,25415,0
20260115,070000,5392,5405,5387,5400,13766,0
20260115,080000,5400,5402,5391,5399.5,4097,0
20260115,090000,5399.5,5404,5392,5400,8570,0
20260115,100000,5397.5,5398,5375.5,5379,27684,0
20260115,110000,5379,5388,5366,5370.5,23555,0
20260115,120000,5370,5383,5367.5,5376,30850,0
20260115,130000,5376,5404,5376,5396,47582,0
20260115,140000,5395.5,5409,5394.5,5399,32387,0
20260115,150000,5399,5403.5,5388,5393,9694,0
20260115,160000,5393.5,5407,5385.5,5401,17570,0
20260115,170000,5401,5408,5387,5394,17669,0
20260115,180000,5393.5,5397.5,5380.5,5383,50563,0
20260115,190000,5384.5,5400,5383,5390.5,22658,0
20260115,200000,5390.5,5397.5,5388.5,5391,9012,0
20260115,210000,5391,5393,5386.5,5390.5,8336,0
20260115,220000,5390.5,5408,5390,5395,20508,0
20260115,230000,5395.5,5399,5391.5,5395,8634,0
20260116,070000,5400,5406,5391,5396,5982,0
20260116,080000,5397.5,5407,5396,5400,10042,0
20260116,090000,5399.5,5415,5397,5400,26494,0
20260116,100000,5402,5410.5,5392,5403.5,62916,0
20260116,110000,5403,5420,5401,5414.5,62565,0
20260116,120000,5414.5,5418,5407,5411.5,22913,0
20260116,130000,5411.5,5419.5,5399.5,5410,41362,0
20260116,140000,5408.5,5418.5,5401,5415.5,21204,0
20260116,150000,5415.5,5417,5410,5410,17118,0
20260116,160000,5410.5,5433,5400,5429.5,108915,0
20260116,170000,5429.5,5454,5428,5442.5,131213,0
20260116,180000,5443,5451.5,5438,5438,25286,0
20260116,190000,5441,5450.5,5439.5,5444,19785,0
20260116,200000,5443,5450,5442,5444.5,14877,0
20260116,210000,5445,5456.5,5444,5448.5,29579,0
20260116,220000,5448,5460,5446,5451,19690,0
20260116,230000,5452,5458.5,5440,5455,22478,0
20260117,090000,5461,5461,5461,5461,97,0
20260117,100000,5461.5,5462.5,5459.5,5461,6672,0
20260117,110000,5462,5462,5455.5,5456.5,4417,0
20260117,120000,5456.5,5457.5,5454,5455,2214,0
20260117,130000,5456.5,5459.5,5454,5456,3648,0
20260117,140000,5456,5458,5450.5,5452,2038,0
20260117,150000,5452,5452.5,5442.5,5450,6351,0
20260117,160000,5449.5,5453.5,5447,5452.5,1734,0
20260117,170000,5452.5,5454,5451,5451.5,890,0
20260117,180000,5451.5,5452.5,5446.5,5450,2253,0
20260118,090000,5450,5450,5450,5450,57,0
20260118,100000,5453,5458.5,5451.5,5458.5,2347,0
20260118,110000,5458.5,5459.5,5456.5,5459,2189,0
20260118,120000,5459,5459,5455,5456.5,1228,0
20260118,130000,5456.5,5459,5455,5457.5,1374,0
20260118,140000,5457.5,5459,5455,5456.5,1295,0
20260118,150000,5457,5460,5455,5456,1941,0
20260118,160000,5455.5,5469,5454.5,5465,9782,0
20260118,170000,5465,5468,5460.5,5465.5,2575,0
20260118,180000,5465.5,5468,5460.5,5463.5,3317,0
20260119,070000,5463.5,5494,5458,5472,36964,0
20260119,080000,5472.5,5474.5,5464.5,5470,10240,0
20260119,090000,5468.5,5468.5,5430,5435.5,63911,0
20260119,100000,5435,5445,5411.5,5433.5,66961,0
20260119,110000,5433.5,5458,5432,5445,46252,0
20260119,120000,5444,5447.5,5433,5444,18066,0
20260119,130000,5444,5447.5,5433.5,5443,27928,0
20260119,140000,5443.5,5448,5434,5437.5,11195,0
20260119,150000,5438,5438,5415.5,5433,38065,0
20260119,160000,5432.5,5438,5405,5426.5,60828,0
20260119,170000,5426,5446,5424.5,5433.5,24281,0
20260119,180000,5433,5434.5,5411.5,5413.5,34566,0
20260119,190000,5414,5422.5,5413,5421,21689,0
20260119,200000,5421,5424,5414.5,5421.5,7650,0
20260119,210000,5421.5,5423,5420,5422.5,4775,0
20260119,220000,5422.5,5422.5,5413,5416.5,10470,0
20260119,230000,5415.5,5416,5404,5405.5,28641,0
20260120,070000,5405,5420.5,5402,5415,14356,0
20260120,080000,5414.5,5425.5,5413,5422.5,6872,0
20260120,090000,5420.5,5421,5410,5411,12128,0
20260120,100000,5412,5412.5,5378.5,5389.5,105111,0
20260120,110000,5389.5,5392.5,5356,5368,121399,0
20260120,120000,5368,5377.5,5360,5370.5,76713,0
20260120,130000,5370.5,5373,5361,5365.5,35734,0
20260120,140000,5365.5,5366.5,5341,5358.5,84491,0
20260120,150000,5358,5359.5,5330,5356.5,123034,0
20260120,160000,5357,5372,5348.5,5352,66337,0
20260120,170000,5352,5369,5342,5354,82518,0
20260120,180000,5356,5361.5,5344,5350,47708,0
20260120,190000,5351,5359.5,5345,5345.5,23251,0
20260120,200000,5345.5,5355,5345,5352,5418,0
20260120,210000,5352,5365,5351.5,5359.5,11723,0
20260120,220000,5359.5,5364.5,5357,5359,6615,0
20260120,230000,5359,5360,5348,5352,14446,0
20260121,070000,5353.5,5366,5353.5,5361.5,11596,0
20260121,080000,5361,5361,5340,5346,25916,0
20260121,090000,5345.5,5356.5,5340.5,5348,16450,0
20260121,100000,5348,5348.5,5323,5326,91007,0
20260121,110000,5325.5,5329.5,5305,5328.5,70587,0
20260121,120000,5328.5,5351.5,5320,5327.5,76134,0
20260121,130000,5328,5376.5,5324.5,5364.5,145120,0
20260121,140000,5364.5,5396.5,5364,5384,104241,0
20260121,150000,5384,5398,5382.5,5391,42410,0
20260121,160000,5391.5,5393.5,5370.5,5374.5,32102,0
20260121,170000,5375,5393,5372.5,5379,27959,0
20260121,180000,5379,5383,5371,5375,21211,0
20260121,190000,5379,5385.5,5372.5,5382.5,13230,0
20260121,200000,5382.5,5382.5,5371.5,5381.5,6129,0
20260121,210000,5381.5,5387.5,5380.5,5383.5,7450,0
20260121,220000,5383.5,5407.5,5377,5407.5,41763,0
20260121,230000,5408,5409.5,5392.5,5399,22979,0
20260122,070000,5410,5419.5,5400,5404,11398,0
20260122,080000,5405,5409.5,5400,5402.5,6345,0
20260122,090000,5402.5,5403,5384.5,5399,35820,0
20260122,100000,5399,5412.5,5390,5392.5,61717,0
20260122,110000,5394,5403.5,5391.5,5395.5,26546,0
20260122,120000,5395.5,5404.5,5380,5400.5,55543,0
20260122,130000,5400.5,5403,5390.5,5395.5,19148,0
20260122,140000,5395.5,5415,5392,5403.5,49271,0
20260122,150000,5403.5,5415,5401.5,5409,34586,0
20260122,160000,5409,5413,5362.5,5378,90352,0
20260122,170000,5378,5385,5330.5,5373.5,161925,0
20260122,180000,5373.5,5374.5,5349.5,5355,47610,0
20260122,190000,5357,5366,5341,5345,44331,0
20260122,200000,5345,5358,5335,5356.5,32612,0
20260122,210000,5356.5,5383.5,5356,5369.5,21365,0
20260122,220000,5369.5,5370,5358,5364.5,10681,0
20260122,230000,5364.5,5367.5,5360,5365,14246,0
20260123,070000,5364.5,5375,5360.5,5370,16409,0
20260123,080000,5369.5,5370.5,5365.5,5369,4888,0
20260123,090000,5368.5,5368.5,5335.5,5346,34720,0
20260123,100000,5346,5356,5340,5352,41668,0
20260123,110000,5352,5383,5351,5362.5,47983,0
20260123,120000,5362.5,5364,5341,5350,51836,0
20260123,130000,5350,5355,5345,5354.5,22828,0
20260123,140000,5354,5355,5345.5,5349.5,16537,0
20260123,150000,5349.5,5364,5346,5362.5,25691,0
20260123,160000,5362.5,5363,5345,5348,22067,0
20260123,170000,5348,5354.5,5347.5,5350.5,29009,0
20260123,180000,5350.5,5354.5,5350.5,5354,11947,0
20260123,190000,5353.5,5361,5353,5354.5,18361,0
20260123,200000,5354.5,5396.5,5350,5380,55768,0
20260123,210000,5380.5,5388,5371.5,5377,23321,0
20260123,220000,5380,5385.5,5371.5,5380,14996,0
20260123,230000,5380,5385,5378.5,5382.5,12490,0
20260124,090000,5382.5,5382.5,5382.5,5382.5,122,0
20260124,100000,5383,5391.5,5371,5380.5,10850,0
20260124,110000,5380.5,5385,5375,5379,4594,0
20260124,120000,5379,5380,5357,5366.5,13255,0
20260124,130000,5365,5366,5344,5353,23697,0
20260124,140000,5353,5360,5352,5355,5414,0
20260124,150000,5355,5370,5344,5362,20108,0
20260124,160000,5362,5364,5353.5,5355.5,6001,0
20260124,170000,5354.5,5369.5,5353.5,5361,5600,0
20260124,180000,5361.5,5362.5,5354,5359,5802,0
20260125,090000,5360,5360,5360,5360,326,0
20260125,100000,5360,5373,5359,5367.5,12824,0
20260125,110000,5366.5,5368.5,5363,5367,3323,0
20260125,120000,5366,5389.5,5365.5,5384.5,19940,0
20260125,130000,5384.5,5387,5372.5,5377,6277,0
20260125,140000,5378.5,5382.5,5376.5,5379.5,4359,0
20260125,150000,5379.5,5384,5376,5380.5,2985,0
20260125,160000,5379,5381,5375,5381,2778,0
20260125,170000,5381,5383.5,5375,5380,4813,0
20260125,180000,5380,5380,5373,5378.5,2552,0
20260126,070000,5372.5,5373,5350.5,5361,17738,0
20260126,080000,5360.5,5361,5351,5353,10739,0
20260126,090000,5353,5353,5308.5,5324.5,123677,0
20260126,100000,5324,5338.5,5311.5,5322,62282,0
20260126,110000,5322,5322.5,5310,5310.5,53077,0
20260126,120000,5310.5,5319.5,5307,5311,50325,0
20260126,130000,5311,5313,5309,5312.5,56597,0
20260126,140000,5313,5313,5272,5279.5,126222,0
20260126,150000,5278.5,5290.5,5276.5,5289,81759,0
20260126,160000,5289,5300,5281.5,5285,92813,0
20260126,170000,5285,5294,5278.5,5290,41920,0
20260126,180000,5290,5290,5245,5259,113080,0
20260126,190000,5258.5,5270,5251.5,5261.5,36988,0
20260126,200000,5261.5,5282,5261,5272.5,31299,0
20260126,210000,5272.5,5275,5265,5269,10336,0
20260126,220000,5269,5277,5265,5271.5,21690,0
20260126,230000,5271.5,5278,5268,5270.5,8963,0
20260127,070000,5279,5284.5,5271,5279,9199,0
20260127,080000,5279.5,5282.5,5273,5277,6665,0
20260127,090000,5277,5279.5,5265,5270,12053,0
20260127,100000,5270,5274.5,5234,5235,82532,0
20260127,110000,5235,5236,5215,5222,177305,0
20260127,120000,5221.5,5226,5218.5,5221.5,57871,0
20260127,130000,5221.5,5229,5221,5228,97043,0
20260127,140000,5228.5,5265,5215,5251,159393,0
20260127,150000,5251.5,5254,5243,5244,37575,0
20260127,160000,5244,5254,5240,5253,44361,0
20260127,170000,5252.5,5270,5252.5,5260,83325,0
20260127,180000,5260,5263,5241.5,5256,55424,0
20260127,190000,5251.5,5265,5249,5262.5,27970,0
20260127,200000,5262,5270,5258.5,5268,22846,0
20260127,210000,5269.5,5281,5264,5280,26117,0
20260127,220000,5279.5,5287.5,5277,5286.5,30245,0
20260127,230000,5287,5287.5,5279,5284,20389,0
20260128,070000,5285,5298,5284,5296.5,17902,0
20260128,080000,5296,5298,5285,5285.5,10914,0
20260128,090000,5286,5292.5,5272,5291.5,32747,0
20260128,100000,5291.5,5292,5254.5,5259,82996,0
20260128,110000,5259,5259,5245,5246.5,79684,0
20260128,120000,5246.5,5247,5226.5,5234.5,109658,0
20260128,130000,5235,5235.5,5233,5235,66059,0
20260128,140000,5235,5236.5,5232,5234,89133,0
20260128,150000,5234,5236.5,5223.5,5225,92753,0
20260128,160000,5225.5,5233.5,5218,5225.5,87548,0
20260128,170000,5225.5,5237.5,5222,5237,65781,0
20260128,180000,5236,5237.5,5226,5226,39938,0
20260128,190000,5230,5239.5,5222,5224.5,25980,0
20260128,200000,5224,5235,5223,5235,11082,0
20260128,210000,5235,5235,5225,5227,17819,0
20260128,220000,5227,5229,5223,5225,8201,0
20260128,230000,5225,5235,5219,5219.5,40549,0
20260129,070000,5219.5,5239,5219,5233,26882,0
20260129,080000,5233.5,5247,5228,5243,23056,0
20260129,090000,5241.5,5401,5234.5,5369.5,731813,0
20260129,100000,5366,5374,5325,5337.5,394623,0
20260129,110000,5336,5355,5330,5345.5,103805,0
20260129,120000,5345.5,5370.5,5334,5367.5,233889,0
20260129,130000,5367.5,5414.5,5365,5398,320484,0
20260129,140000,5398.5,5409.5,5390,5392.5,112388,0
20260129,150000,5394,5406,5377,5380.5,107452,0
20260129,160000,5380.5,5393,5370,5391,101202,0
20260129,170000,5391.5,5410,5381.5,5400.5,131754,0
20260129,180000,5400.5,5404,5305.5,5340,302096,0
20260129,190000,5339.5,5356.5,5331,5353.5,57130,0
20260129,200000,5353.5,5381.5,5339,5347,70639,0
20260129,210000,5345.5,5363,5341.5,5342.5,24958,0
20260129,220000,5343,5362,5339.5,5361,49348,0
20260129,230000,5360.5,5370,5340.5,5356.5,45824,0
20260130,070000,5355,5356,5326,5327,42178,0
20260130,080000,5329.5,5348,5329.5,5338,9948,0
20260130,090000,5338,5375.5,5337.5,5362,31695,0
20260130,100000,5361.5,5389,5339,5386.5,67044,0
20260130,110000,5386.5,5387,5318,5319.5,146135,0
20260130,120000,5318,5339.5,5307,5321.5,75079,0
20260130,130000,5322.5,5347.5,5319.5,5330,78572,0
20260130,140000,5330,5330,5317,5323,32613,0
20260130,150000,5323,5328,5314,5317,27619,0
20260130,160000,5317,5329,5315.5,5328.5,26765,0
20260130,170000,5327,5330,5319,5330,59941,0
20260130,180000,5329,5330,5276.5,5289,84932,0
20260130,190000,5289,5296,5285.5,5294,21329,0
20260130,200000,5293.5,5306,5290,5293.5,20885,0
20260130,210000,5293.5,5316,5280,5288.5,31573,0
20260130,220000,5286.5,5298.5,5275,5298.5,22523,0
20260130,230000,5299,5301,5297.5,5298.5,18574,0
20260131,090000,5300,5300,5300,5300,125,0
20260131,100000,5300.5,5320,5300,5309.5,21112,0
20260131,110000,5308,5315.5,5303.5,5304,6542,0
20260131,120000,5303.5,5305,5293.5,5297,6644,0
20260131,130000,5297.5,5300,5293,5299,2275,0
20260131,140000,5300,5308,5300,5303.5,4064,0
20260131,150000,5303.5,5312.5,5302.5,5309.5,2908,0
20260131,160000,5309.5,5310,5305.5,5307.5,1905,0
20260131,170000,5307.5,5309,5305,5309,2591,0
20260131,180000,5309,5315,5305.5,5306.5,4512,0
20260201,090000,5306.5,5306.5,5306.5,5306.5,88,0
20260201,100000,5306.5,5311.5,5304,5308.5,3558,0
20260201,110000,5308.5,5310,5305.5,5307.5,1706,0
20260201,120000,5307.5,5308.5,5300,5303.5,6305,0
20260201,130000,5303.5,5320,5301,5319.5,10591,0
20260201,140000,5319.5,5324,5313,5316.5,11689,0
20260201,150000,5316.5,5318,5305,5307,8597,0
20260201,160000,5306.5,5312,5305,5310,4453,0
20260201,170000,5310,5314,5305,5308,7446,0
20260201,180000,5308,5318,5305.5,5316.5,7082,0
20260202,070000,5299.5,5302,5278,5286.5,33887,0
20260202,080000,5288.5,5295,5268,5277.5,22377,0
20260202,090000,5277.5,5280,5236,5256,81783,0
20260202,100000,5256,5276,5231,5263,82807,0
20260202,110000,5262.5,5265,5245.5,5252,41860,0
20260202,120000,5252.5,5255.5,5247,5255.5,74893,0
20260202,130000,5255.5,5255.5,5242,5247.5,32626,0
20260202,140000,5247.5,5250.5,5239,5250.5,30320,0
20260202,150000,5250,5251.5,5245,5248.5,34330,0
20260202,160000,5249,5251.5,5231,5247,38981,0
20260202,170000,5247,5248.5,5231,5238.5,40810,0
20260202,180000,5239,5239.5,5235,5239.5,22313,0
20260202,190000,5240,5265.5,5239,5251.5,30283,0
20260202,200000,5251.5,5256,5242,5242.5,15459,0
20260202,210000,5242.5,5255,5240.5,5249,6254,0
20260202,220000,5248.5,5266.5,5248,5258.5,17246,0
20260202,230000,5258.5,5262.5,5248.5,5249,7217,0
20260203,070000,5266.5,5267,5252,5266,11076,0
20260203,080000,5266,5278,5259,5264.5,16361,0
20260203,090000,5263.5,5264,5249,5258,16040,0
20260203,100000,5258,5270,5220,5246.5,84367,0
20260203,110000,5246.5,5246.5,5238.5,5239.5,23635,0
20260203,120000,5239.5,5240.5,5231,5235.5,48945,0
20260203,130000,5235.5,5237,5227,5229,42240,0
20260203,140000,5229,5236.5,5225,5229,33509,0
20260203,150000,5229,5230,5223.5,5226.5,43621,0
20260203,160000,5226.5,5230,5210,5229.5,71181,0
20260203,170000,5229.5,5230,5226.5,5228.5,39820,0
20260203,180000,5229,5230,5216,5230,36688,0
20260203,190000,5225,5230,5222,5225,15946,0
20260203,200000,5225,5230,5220.5,5222.5,22522,0
20260203,210000,5223,5230,5220,5229,23181,0
20260203,220000,5229,5230,5223.5,5226,6643,0
20260203,230000,5226,5227.5,5218.5,5220.5,10365,0
20260204,070000,5221.5,5237,5221.5,5232,9885,0
20260204,080000,5232,5247,5232,5236,17970,0
20260204,090000,5236,5253,5215,5250,55087,0
20260204,100000,5250,5256,5233,5245.5,66960,0
20260204,110000,5245,5245.5,5236.5,5238,30575,0
20260204,120000,5239,5240,5222,5233.5,53985,0
20260204,130000,5233.5,5238.5,5224.5,5228.5,38852,0
20260204,140000,5228.5,5228.5,5201,5210.5,77375,0
20260204,150000,5210.5,5222,5187,5190,85780,0
20260204,160000,5189.5,5203.5,5182.5,5200,66294,0
20260204,170000,5199.5,5200,5190,5194.5,25634,0
20260204,180000,5194.5,5194.5,5175,5183,64636,0
20260204,190000,5183,5183,5162.5,5176,52679,0
20260204,200000,5176,5189.5,5165.5,5180,27554,0
20260204,210000,5181.5,5181.5,5169,5175,12453,0
20260204,220000,5175,5190.5,5174,5184.5,13474,0
20260204,230000,5185,5188.5,5178.5,5179,9262,0
20260205,070000,5191,5196,5172,5182,13602,0
20260205,080000,5182,5182,5150,5158,24240,0
20260205,090000,5159,5170.5,5150,5153.5,40562,0
20260205,100000,5153.5,5161.5,5115,5142,117567,0
20260205,110000,5141.5,5145.5,5133,5142,51239,0
20260205,120000,5141.5,5144.5,5131,5141.5,47900,0
20260205,130000,5141.5,5145,5126,5134,68345,0
20260205,140000,5133.5,5139,5120,5130,39134,0
20260205,150000,5129,5130,5090.5,5121.5,177489,0
20260205,160000,5121.5,5184,5120,5173.5,135317,0
20260205,170000,5173,5189.5,5156,5172.5,147730,0
20260205,180000,5172.5,5180,5144,5155,61974,0
20260205,190000,5155,5155,5100,5132,50853,0
20260205,200000,5132,5143,5127.5,5141,9739,0
20260205,210000,5141,5149.5,5126.5,5129.5,17737,0
20260205,220000,5129.5,5138,5121,5121,7663,0
20260205,230000,5121.5,5129.5,5113.5,5115,11268,0
20260206,070000,5130.5,5159,5126,5150,21230,0
20260206,080000,5150,5151.5,5137.5,5146,9613,0
20260206,090000,5147,5147,5135,5145.5,14792,0
20260206,100000,5146,5158,5124,5129.5,59162,0
20260206,110000,5129.5,5130,5117,5129.5,75334,0
20260206,120000,5130,5130,5123,5130,75024,0
20260206,130000,5129.5,5134.5,5126,5133,62517,0
20260206,140000,5134,5135,5121.5,5125.5,35441,0
20260206,150000,5126,5131,5123.5,5128.5,18395,0
20260206,160000,5129,5135.5,5126.5,5130,30572,0
20260206,170000,5129.5,5130,5106,5110.5,39492,0
20260206,180000,5111.5,5122,5107.5,5110,19432,0
20260206,190000,5111.5,5118,5108,5110,6758,0
20260206,200000,5111,5116,5110,5114,8254,0
20260206,210000,5114.5,5121.5,5106.5,5116,14981,0
20260206,220000,5118,5124.5,5113,5114.5,6190,0
20260206,230000,5114.5,5115,5105,5109.5,10008,0
20260207,090000,5110,5110,5110,5110,46,0
20260207,100000,5110.5,5121.5,5110.5,5114.5,7003,0
20260207,110000,5114.5,5116,5112,5115.5,3213,0
20260207,120000,5114,5119.5,5111,5115,3405,0
20260207,130000,5115,5120,5115,5119.5,2346,0
20260207,140000,5119.5,5120,5116,5117.5,1323,0
20260207,150000,5117,5122,5117,5119.5,3274,0
20260207,160000,5119,5120,5117,5119.5,1091,0
20260207,170000,5119.5,5120,5114.5,5117.5,3449,0
20260207,180000,5117.5,5121,5115,5119,4218,0
20260208,090000,5119,5119,5119,5119,66,0
20260208,100000,5122,5136.5,5110.5,5123.5,11582,0
20260208,110000,5125,5125.5,5115,5119,2252,0
20260208,120000,5117,5119,5113,5117,1734,0
20260208,130000,5119,5119,5110,5112,5253,0
20260208,140000,5113,5113,5092,5102.5,14580,0
20260208,150000,5102,5103.5,5098,5099.5,3734,0
20260208,160000,5099,5103.5,5097,5097,4587,0
20260208,170000,5097.5,5101,5095,5096.5,3855,0
20260208,180000,5096.5,5101,5092,5098,6823,0
20260209,070000,5100,5109,5058.5,5063,37774,0
20260209,080000,5063,5086,5060,5069,20987,0
20260209,090000,5069,5076.5,5060,5071,31521,0
20260209,100000,5071,5090,5055,5080,101367,0
20260209,110000,5080,5087.5,5075.5,5086,33477,0
20260209,120000,5086,5106.5,5085.5,5098,31332,0
20260209,130000,5097.5,5097.5,5076,5091,34778,0
20260209,140000,5091,5100,5087.5,5090.5,19643,0
20260209,150000,5090.5,5127,5083.5,5122,57822,0
20260209,160000,5121.5,5174,5118.5,5151.5,98616,0
20260209,170000,5151.5,5190,5150.5,5171,69941,0
20260209,180000,5171,5179.5,5162,5179.5,50473,0
20260209,190000,5178.5,5186.5,5164.5,5168,42886,0
20260209,200000,5168.5,5173,5160.5,5167.5,11679,0
20260209,210000,5167.5,5171,5156.5,5164,12745,0
20260209,220000,5163.5,5166,5158,5163.5,7347,0
20260209,230000,5163.5,5173,5161.5,5167.5,11686,0
20260210,070000,5167,5220,5144.5,5211,79625,0
20260210,080000,5211,5217.5,5197,5197,24193,0
20260210,090000,5197,5220,5178,5202,66247,0
20260210,100000,5202,5243,5178,5220,156102,0
20260210,110000,5220,5226,5193,5208,67310,0
20260210,120000,5208.5,5214,5172.5,5180.5,61445,0
20260210,130000,5180.5,5180.5,5155,5155.5,58401,0
20260210,140000,5155.5,5184.5,5151.5,5169.5,66567,0
20260210,150000,5170,5172,5132,5132,57258,0
20260210,160000,5132.5,5153.5,5125.5,5149.5,64246,0
20260210,170000,5149,5153.5,5123,5124,77262,0
20260210,180000,5123,5135,5122,5125,30897,0
20260210,190000,5125.5,5137.5,5122.5,5136,17815,0
20260210,200000,5137,5137,5120.5,5130.5,27882,0
20260210,210000,5130.5,5133,5126.5,5133,3736,0
20260210,220000,5133,5133.5,5123.5,5124.5,4558,0
20260210,230000,5124.5,5127,5112.5,5119.5,16128,0
20260211,070000,5132,5149,5127,5134.5,15544,0
20260211,080000,5136,5149,5132,5149,7374,0
20260211,090000,5148,5150,5127.5,5140,16258,0
20260211,100000,5140,5159,5128,5149,31867,0
20260211,110000,5150,5156,5122,5126.5,39450,0
20260211,120000,5126,5192,5123.5,5185.5,91679,0
20260211,130000,5186,5191.5,5164.5,5172,61668,0
20260211,140000,5171.5,5188,5170,5178.5,36431,0
20260211,150000,5178.5,5220,5178,5195,93464,0
20260211,160000,5195,5212,5190.5,5205.5,49059,0
20260211,170000,5205.5,5209,5191,5201.5,26071,0
20260211,180000,5201.5,5208,5190,5192,18810,0
20260211,190000,5193,5215,5193,5211.5,34583,0
20260211,200000,5212,5219.5,5202,5206.5,18350,0
20260211,210000,5205.5,5207.5,5200,5200.5,10819,0
20260211,220000,5201.5,5208,5200,5207,12614,0
20260211,230000,5207,5213,5188,5193,26186,0
20260212,070000,5194.5,5205.5,5182,5195,6667,0
20260212,080000,5194,5217,5189.5,5207,14580,0
20260212,090000,5206.5,5206.5,5172,5186,24332,0
20260212,100000,5185.5,5186,5167.5,5168,28389,0
20260212,110000,5168,5205,5165.5,5205,43735,0
20260212,120000,5205,5234.5,5198.5,5234,68239,0
20260212,130000,5233.5,5240.5,5231.5,5237,80399,0
20260212,140000,5238,5240.5,5235,5239.5,41431,0
20260212,150000,5239,5241,5231,5239,57706,0
20260212,160000,5239,5241,5226.5,5227,23302,0
20260212,170000,5227.5,5238.5,5211,5236.5,37927,0
20260212,180000,5237,5241,5232,5240,33151,0
20260212,190000,5238,5238,5210.5,5214.5,20834,0
20260212,200000,5214.5,5223,5211,5212,8700,0
20260212,210000,5212,5215,5202.5,5208.5,14627,0
20260212,220000,5208.5,5209.5,5187,5191,46643,0
20260212,230000,5190,5193,5180,5193,20897,0
20260213,070000,5212,5225.5,5201,5221,20815,0
20260213,080000,5220,5225,5211,5211.5,7996,0
20260213,090000,5211,5219,5203.5,5213.5,12211,0
20260213,100000,5213.5,5256.5,5208,5256,52194,0
20260213,110000,5256,5268.5,5233,5237,74584,0
20260213,120000,5236.5,5255,5232,5238,46816,0
20260213,130000,5238,5269,5226,5259.5,160675,0
20260213,140000,5260,5267.5,5235.5,5250.5,59624,0
20260213,150000,5251,5257.5,5240.5,5242.5,37403,0
20260213,160000,5243,5255,5235.5,5250,35528,0
20260213,170000,5250,5257,5242.5,5253,28519,0
20260213,180000,5253,5257.5,5247.5,5256.5,14818,0
20260213,190000,5255,5257.5,5250,5253,13405,0
20260213,200000,5254,5257.5,5251.5,5255,8889,0
20260213,210000,5254.5,5264.5,5254.5,5264,19981,0
20260213,220000,5264.5,5270,5261.5,5269,17781,0
20260213,230000,5269,5269.5,5253,5260.5,11145,0
20260216,070000,5262.5,5285.5,5260.5,5271.5,22386,0
20260216,080000,5271.5,5271.5,5261,5262,8788,0
20260216,090000,5262,5262,5233,5235,34241,0
20260216,100000,5235.5,5247,5231.5,5243,47762,0
20260216,110000,5243,5252,5233.5,5245,36215,0
20260216,120000,5244.5,5248,5237,5247.5,37186,0
20260216,130000,5247,5254.5,5245.5,5248.5,28160,0
20260216,140000,5250,5263,5245,5262,36885,0
20260216,150000,5261.5,5263,5243,5252.5,28458,0
20260216,160000,5252.5,5260.5,5251,5253,20178,0
20260216,170000,5253,5255.5,5232,5237.5,36005,0
20260216,180000,5237.5,5242.5,5231,5234,19572,0
20260216,190000,5236.5,5241,5230,5233,14180,0
20260216,200000,5233,5235,5230,5234.5,5277,0
20260216,210000,5234.5,5234.5,5227,5230.5,6737,0
20260216,220000,5231,5233,5229.5,5233,5086,0
20260216,230000,5232.5,5233,5227,5231.5,9164,0
20260217,070000,5231,5250,5228,5235.5,7077,0
20260217,080000,5235.5,5242,5234,5238.5,2545,0
20260217,090000,5238,5239.5,5230,5234.5,6347,0
20260217,100000,5235,5244,5232,5240,14017,0
20260217,110000,5240,5257.5,5236,5256,30841,0
20260217,120000,5256,5265,5247.5,5259.5,27566,0
20260217,130000,5260,5264,5250,5256,29875,0
20260217,140000,5256,5264.5,5253,5253.5,18582,0
20260217,150000,5253.5,5260,5240,5249,23878,0
20260217,160000,5249.5,5258.5,5243,5243.5,23638,0
20260217,170000,5243.5,5252.5,5238.5,5247,29311,0
20260217,180000,5247,5262.5,5243.5,5252,20147,0
20260217,190000,5251.5,5259,5248,5249,7219,0
20260217,200000,5248.5,5265,5248.5,5252.5,22353,0
20260217,210000,5252,5260,5246,5254.5,8098,0
20260217,220000,5255,5255,5249,5250,1640,0
20260217,230000,5249.5,5251.5,5240,5241,12960,0
20260218,070000,5259.5,5259.5,5242.5,5246.5,9431,0
20260218,080000,5249.5,5249.5,5242,5242,4088,0
20260218,090000,5242,5243.5,5233.5,5236,8173,0
20260218,100000,5238,5242,5227,5227,41518,0
20260218,110000,5227,5227.5,5186,5188.5,88674,0
20260218,120000,5188,5193,5156.5,5161,88541,0
20260218,130000,5161,5172,5152,5168.5,84511,0
20260218,140000,5168.5,5169,5156.5,5160.5,46588,0
20260218,150000,5161,5185.5,5160,5170,39308,0
20260218,160000,5170,5173.5,5150,5170,63589,0
20260218,170000,5171,5176.5,5163,5171,35122,0
20260218,180000,5172,5188.5,5172,5183,43083,0
20260218,190000,5185,5188,5177.5,5186,12912,0
20260218,200000,5185.5,5206,5185.5,5204,21283,0
20260218,210000,5204,5205.5,5196,5202,22125,0
20260218,220000,5202,5211.5,5194.5,5210.5,18160,0
20260218,230000,5211,5215,5203,5209,16612,0
20260219,070000,5209.5,5217,5194.5,5207.5,10697,0
20260219,080000,5207.5,5208.5,5195,5195,8163,0
20260219,090000,5195,5198,5181,5189,22147,0
20260219,100000,5188.5,5212.5,5185,5207,48484,0
20260219,110000,5206,5214.5,5189.5,5193.5,37422,0
20260219,120000,5193.5,5201,5163,5166,67387,0
20260219,130000,5166.5,5184,5166,5176,26240,0
20260219,140000,5175.5,5185.5,5174.5,5175.5,17618,0
20260219,150000,5175,5179.5,5170,5173,17785,0
20260219,160000,5173,5177,5166,5177,27130,0
20260219,170000,5177,5188.5,5159.5,5187,38522,0
20260219,180000,5187,5187,5170,5171,12467,0
20260219,190000,5171,5174.5,5161.5,5172.5,9828,0
20260219,200000,5172,5177,5166.5,5169.5,7590,0
20260219,210000,5169.5,5172.5,5169.5,5171.5,2085,0
20260219,220000,5172,5173.5,5170,5170,3819,0
20260219,230000,5170.5,5170.5,5161,5162,9821,0
20260220,070000,5176.5,5187,5163.5,5174.5,9466,0
20260220,080000,5174,5179,5172.5,5175.5,4795,0
20260220,090000,5178,5187,5176,5177,24812,0
20260220,100000,5177.5,5181,5165,5173,20965,0
20260220,110000,5173,5175,5169,5172,15022,0
20260220,120000,5171,5174,5161,5169.5,24895,0
20260220,130000,5168.5,5168.5,5152,5160,37650,0
20260220,140000,5161.5,5188.5,5156,5188.5,27683,0
20260220,150000,5188.5,5208.5,5188,5207.5,44032,0
20260220,160000,5208,5208.5,5190,5207,37279,0
20260220,170000,5207,5209,5188.5,5190,31753,0
20260220,180000,5189.5,5199,5186,5190,24902,0
20260220,190000,5190,5199,5186.5,5191.5,7752,0
20260220,200000,5193,5193,5188,5189.5,2618,0
20260220,210000,5190,5194.5,5188,5194,4275,0
20260220,220000,5194,5194.5,5185.5,5186,7163,0
20260220,230000,5185.5,5189,5182.5,5186.5,4811,0
20260221,090000,5189,5189,5189,5189,47,0
20260221,100000,5188,5200,5187,5197.5,2431,0
20260221,110000,5197.5,5207,5190,5199,7161,0
20260221,120000,5199,5202,5196.5,5199.5,1105,0
20260221,130000,5199.5,5200,5195.5,5198.5,812,0
20260221,140000,5198.5,5202,5198,5200,959,0
20260221,150000,5200.5,5201.5,5199.5,5201,510,0
20260221,160000,5201,5202,5191,5192.5,3827,0
20260221,170000,5192.5,5199,5191,5198.5,903,0
20260221,180000,5198.5,5199,5190,5191.5,1893,0
20260222,090000,5192,5192,5192,5192,79,0
20260222,100000,5192,5205,5186.5,5202.5,8546,0
20260222,110000,5204.5,5206.5,5192.5,5197.5,2972,0
20260222,120000,5197.5,5197.5,5191.5,5197,1535,0
20260222,130000,5195.5,5203.5,5195.5,5203,1779,0
20260222,140000,5203.5,5204,5196,5197,1603,0
20260222,150000,5197,5197.5,5194,5195,914,0
20260222,160000,5196,5198.5,5194.5,5197,697,0
20260222,170000,5197,5202,5195.5,5200.5,2430,0
20260222,180000,5199,5206,5199,5204,3805,0
20260223,090000,5205,5205,5205,5205,78,0
20260223,100000,5204.5,5210.5,5193.5,5199.5,8011,0
20260223,110000,5200,5207,5200,5207,2275,0
20260223,120000,5206.5,5210,5204.5,5209,4335,0
20260223,130000,5208.5,5213,5207.5,5209.5,3773,0
20260223,140000,5209.5,5210.5,5207,5209.5,1998,0
20260223,150000,5209.5,5210,5205,5205.5,1474,0
20260223,160000,5206,5207.5,5204.5,5207,921,0
20260223,170000,5206.5,5213,5206.5,5213,3761,0
20260223,180000,5213,5214,5205.5,5211,4396,0
20260224,070000,5206.5,5210.5,5197,5201.5,7487,0
20260224,080000,5201.5,5228.5,5194.5,5217.5,18483,0
20260224,090000,5217,5217,5200,5203,9631,0
20260224,100000,5202.5,5254,5190,5245,87710,0
20260224,110000,5245,5246.5,5228.5,5235.5,26373,0
20260224,120000,5236,5236.5,5225,5230.5,17727,0
20260224,130000,5230.5,5231.5,5199,5205.5,38080,0
20260224,140000,5206,5216.5,5200,5213,14948,0
20260224,150000,5213.5,5215.5,5205,5206,12995,0
20260224,160000,5207,5213,5180.5,5181,42039,0
20260224,170000,5181,5186,5171,5181,39615,0
20260224,180000,5180.5,5180.5,5165,5174.5,19763,0
20260224,190000,5174,5182.5,5167,5180,10626,0
20260224,200000,5180,5181,5176,5176.5,5848,0
20260224,210000,5176.5,5181.5,5176.5,5179.5,3028,0
20260224,220000,5179,5179.5,5176,5176.5,3832,0
20260224,230000,5176.5,5177.5,5168,5175,8036,0
20260225,070000,5178.5,5189.5,5175,5186,5215,0
20260225,080000,5188,5193,5183,5184.5,2965,0
20260225,090000,5184.5,5184.5,5168,5175,13408,0
20260225,100000,5175,5191.5,5165,5165,27736,0
20260225,110000,5165.5,5176.5,5162.5,5171,27301,0
20260225,120000,5171,5183,5168,5181,23199,0
20260225,130000,5181,5182.5,5166.5,5168.5,19948,0
20260225,140000,5168.5,5179,5165.5,5171,28222,0
20260225,150000,5171,5172.5,5156.5,5158,20898,0
20260225,160000,5157.5,5185,5155.5,5176.5,39049,0
20260225,170000,5176,5179.5,5155,5160,59145,0
20260225,180000,5159.5,5180,5158,5180,68850,0
20260225,190000,5179.5,5181.5,5162,5174.5,14723,0
20260225,200000,5176,5189,5174.5,5187.5,13958,0
20260225,210000,5187.5,5189.5,5182,5186.5,8480,0
20260225,220000,5186,5187.5,5153.5,5164,45919,0
20260225,230000,5164,5164.5,5156,5162,7925,0
20260226,070000,5166.5,5174.5,5163.5,5171.5,4695,0
20260226,080000,5171,5172,5167,5168.5,4480,0
20260226,090000,5170,5174.5,5164,5174.5,16319,0
20260226,100000,5172,5172.5,5158,5163.5,31488,0
20260226,110000,5163,5173.5,5154,5158,58909,0
20260226,120000,5157.5,5158.5,5150,5155,42442,0
20260226,130000,5155,5155,5141,5153.5,38128,0
20260226,140000,5153.5,5159,5145,5150.5,19888,0
20260226,150000,5150.5,5155,5141.5,5149,15618,0
20260226,160000,5148.5,5153.5,5143,5153,14833,0
20260226,170000,5153,5153.5,5134,5140,31072,0
20260226,180000,5140,5148.5,5132.5,5146.5,28890,0
20260226,190000,5146,5149.5,5141,5145,7293,0
20260226,200000,5145.5,5147.5,5140,5146.5,4894,0
20260226,210000,5145.5,5150.5,5142.5,5147.5,7805,0
20260226,220000,5147.5,5150,5142.5,5147,5070,0
20260226,230000,5147,5147.5,5140.5,5140.5,4478,0
20260227,070000,5143.5,5151,5138,5140,4633,0
20260227,080000,5139,5152,5136.5,5148.5,4178,0
20260227,090000,5149,5155,5147,5154.5,13797,0
20260227,100000,5154.5,5164.5,5148.5,5154,37081,0
20260227,110000,5154,5158.5,5150,5154.5,19590,0
20260227,120000,5154.5,5155,5151.5,5155,19340,0
20260227,130000,5155,5155,5153,5155,10719,0
20260227,140000,5155,5169.5,5154.5,5168.5,35267,0
20260227,150000,5168.5,5184.5,5164.5,5182,38041,0
20260227,160000,5182,5227,5182,5225,100738,0
20260227,170000,5225,5239.5,5213.5,5229.5,78200,0
20260227,180000,5230,5231,5213.5,5216,36552,0
20260227,190000,5216.5,5235,5215,5219.5,23862,0
20260227,200000,5219,5227,5218.5,5225,7039,0
20260227,210000,5224.5,5228,5222,5224,9993,0
20260227,220000,5224,5226.5,5221.5,5222.5,6526,0
20260227,230000,5222.5,5223,5215.5,5220.5,13432,0
20260228,090000,5240.5,5240.5,5240.5,5240.5,10247,0
20260228,100000,5240.5,5317.5,5226,5307.5,198444,0
20260228,110000,5307,5349,5290,5347,148821,0
20260228,120000,5347,5376,5335.5,5359.5,236265,0
20260228,130000,5359,5374,5350,5371,93810,0
20260228,140000,5370,5371,5360,5360,61487,0
20260228,150000,5360,5361,5320,5344,104232,0
20260228,160000,5344,5367,5335.5,5361,48597,0
20260228,170000,5362,5376.5,5361,5376.5,183018,0
20260228,180000,5376.5,5376.5,5376.5,5376.5,15891,0
20260301,090000,5376.5,5376.5,5376.5,5376.5,220,0
20260301,100000,5376.5,5376.5,5376.5,5376.5,6028,0
20260301,110000,5376.5,5376.5,5376.5,5376.5,8659,0
20260301,120000,5376.5,5376.5,5376.5,5376.5,35512,0
20260301,130000,5376.5,5376.5,5376.5,5376.5,4318,0
20260301,140000,5376.5,5376.5,5376.5,5376.5,53475,0
20260301,150000,5376.5,5376.5,5376.5,5376.5,3318,0
20260301,160000,5376.5,5376.5,5376.5,5376.5,2366,0
20260301,170000,5376.5,5376.5,5376.5,5376.5,1850,0
20260301,180000,5376.5,5376.5,5376.5,5376.5,1990,0
20260302,070000,5399.5,5440,5384,5427,392224,0
20260302,080000,5426.5,5444,5408,5433,152897,0
20260302,090000,5433,5477,5415,5458,352838,0
20260302,100000,5459,5538,5453,5509.5,712492,0
20260302,110000,5509.5,5530,5475.5,5485,376031,0
20260302,120000,5485,5487,5445,5474,346855,0
20260302,130000,5473,5481,5456,5478,222929,0
20260302,140000,5478,5490,5459,5483,137682,0
20260302,150000,5483.5,5520,5483,5515,199130,0
20260302,160000,5515,5529,5499,5521.5,209279,0
20260302,170000,5521,5522.5,5491,5502.5,263499,0
20260302,180000,5503.5,5520,5496.5,5518,149765,0
20260302,190000,5515.5,5518.5,5476,5492,120442,0
20260302,200000,5492,5498,5465,5475,83855,0
20260302,210000,5476,5485,5465,5478,46498,0
20260302,220000,5477.5,5485,5471,5476.5,35910,0
20260302,230000,5476.5,5538,5474.5,5532.5,239254,0
20260303,070000,5537,5614.5,5536.5,5614,347881,0
20260303,080000,5614,5614.5,5577,5586,214098,0
20260303,090000,5585.5,5586.5,5535.5,5559,205492,0
20260303,100000,5560,5578,5500,5546.5,336780,0
20260303,110000,5545,5551.5,5520,5532.5,123038,0
20260303,120000,5531.5,5550,5529.5,5547.5,145117,0
20260303,130000,5548,5568.5,5533,5553,271278,0
20260303,140000,5553.5,5582,5550,5580,182364,0
20260303,150000,5580,5581,5532,5547,157660,0
20260303,160000,5547,5564.5,5535.5,5554.5,106181,0
20260303,170000,5554.5,5570,5550,5555,86854,0
20260303,180000,5555,5555,5536.5,5550,63294,0
20260303,190000,5549,5549.5,5514,5523,92321,0
20260303,200000,5523,5530,5517,5520,40386,0
20260303,210000,5520.5,5538,5519.5,5527.5,30864,0
20260303,220000,5527,5528,5495,5510.5,106391,0
20260303,230000,5510.5,5511,5460,5483,97140,0
20260304,070000,5491,5530,5473,5473.5,58156,0
20260304,080000,5474.5,5476,5446,5462,71155,0
20260304,090000,5462,5499.5,5457,5499.5,67124,0
20260304,100000,5499,5507,5470.5,5471.5,48783,0
20260304,110000,5471.5,5471.5,5446,5465,112011,0
20260304,120000,5464.5,5495.5,5464.5,5476,86355,0
20260304,130000,5475.5,5483,5431,5451.5,125977,0
20260304,140000,5451.5,5452,5402,5403.5,113028,0
20260304,150000,5402.5,5428,5401.5,5414,85097,0
20260304,160000,5414,5415,5388,5392.5,134118,0
20260304,170000,5392.5,5400,5375,5378,160139,0
20260304,180000,5377.5,5392.5,5368.5,5388.5,109955,0
20260304,190000,5388.5,5395,5382,5388.5,25433,0
20260304,200000,5388.5,5395,5383.5,5394.5,14571,0
20260304,210000,5394.5,5394.5,5381,5387,25548,0
20260304,220000,5388,5390,5383,5389,15364,0
20260304,230000,5388.5,5388.5,5382,5385,13464,0
20260305,070000,5402.5,5428,5401,5415.5,49624,0
20260305,080000,5415,5428.5,5408,5427.5,28417,0
20260305,090000,5425.5,5425.5,5386,5393.5,52385,0
20260305,100000,5393,5422.5,5385,5414.5,82463,0
20260305,110000,5414.5,5438,5408,5422,69566,0
20260305,120000,5420.5,5423,5398,5411,58661,0
20260305,130000,5411.5,5423,5407,5418,40929,0
20260305,140000,5417.5,5430,5414,5427.5,53007,0
20260305,150000,5428,5428.5,5411.5,5417,41773,0
20260305,160000,5417,5417,5404.5,5414,42045,0
20260305,170000,5414,5419,5412.5,5419,38254,0
20260305,180000,5419,5419,5393.5,5403.5,44155,0
20260305,190000,5403.5,5409,5396,5399.5,30579,0
20260305,200000,5399,5404.5,5395,5404.5,31891,0
20260305,210000,5404.5,5450,5404.5,5432,80960,0
20260305,220000,5431,5439.5,5428.5,5439.5,46149,0
20260305,230000,5438.5,5443.5,5400,5418,49674,0
20260306,070000,5439.5,5442.5,5412,5422,22091,0
20260306,080000,5422,5427.5,5405.5,5427,19203,0
20260306,090000,5426.5,5439,5420,5432.5,30670,0
20260306,100000,5431,5454.5,5423.5,5446,49815,0
20260306,110000,5446,5459,5430,5440,66240,0
20260306,120000,5440.5,5542.5,5432,5522,286060,0
20260306,130000,5522,5526,5490.5,5517,148152,0
20260306,140000,5517,5570,5517,5567,251149,0
20260306,150000,5567,5569,5538.5,5567,190930,0
20260306,160000,5567.5,5613,5548.5,5607,337124,0
20260306,170000,5608,5673.5,5583,5671.5,456522,0
20260306,180000,5670,5683.5,5597,5615,282271,0
20260306,190000,5615.5,5629,5585,5628.5,126334,0
20260306,200000,5628,5647.5,5609.5,5640,121294,0
20260306,210000,5641,5644.5,5617,5626,73204,0
20260306,220000,5626,5640,5617.5,5633.5,48304,0
20260306,230000,5633.5,5638,5624.5,5636,49745,0
20260309,070000,5874,6171,5835,6121,516592,0
20260309,080000,6121,6133,5900,5912,563571,0
20260309,090000,5912,5938.5,5859,5886.5,488464,0
20260309,100000,5886,5886,5787,5815.5,426912,0
20260309,110000,5816,5837,5781.5,5813,209979,0
20260309,120000,5814,5820,5713,5759,266824,0
20260309,130000,5759.5,5816.5,5751.5,5806,153362,0
20260309,140000,5806.5,5819.5,5790,5813,104815,0
20260309,150000,5812.5,5846.5,5792,5828.5,139964,0
20260309,160000,5829.5,5858.5,5804.5,5848,221791,0
20260309,170000,5850,5868,5828.5,5839.5,148894,0
20260309,180000,5840,5840,5781.5,5805,136909,0
20260309,190000,5804,5835,5803,5826.5,97192,0
20260309,200000,5826,5834.5,5815.5,5822,42548,0
20260309,210000,5822,5824,5780.5,5810.5,90317,0
20260309,220000,5810.5,5812,5663,5679.5,383117,0
20260309,230000,5679,5716,5666,5682,148186,0
20260310,070000,5741.5,5770.5,5626,5657,245911,0
20260310,080000,5654.5,5659,5610,5654.5,101963,0
20260310,090000,5654.5,5748,5651.5,5728,166556,0
20260310,100000,5727.5,5756,5675,5678,176872,0
20260310,110000,5678.5,5700,5666.5,5685.5,75061,0
20260310,120000,5685,5718,5646,5718,217004,0
20260310,130000,5718,5752,5708,5726,106318,0
20260310,140000,5726,5733,5708,5728.5,56182,0
20260310,150000,5729,5767.5,5726.5,5759.5,80988,0
20260310,160000,5759.5,5769.5,5732.5,5740.5,76898,0
20260310,170000,5740,5744.5,5668.5,5689.5,107314,0
20260310,180000,5690,5694,5665,5673.5,76540,0
20260310,190000,5674,5702,5673,5673,36489,0
20260310,200000,5673,5673.5,5620,5652.5,139609,0
20260310,210000,5654.5,5705.5,5645.5,5690.5,98283,0
20260310,220000,5690,5709.5,5684,5701.5,43016,0
20260310,230000,5701.5,5712,5696,5711,20212,0
20260311,070000,5672.5,5699.5,5646,5681.5,45808,0
20260311,080000,5681.5,5688,5665,5679,14480,0
20260311,090000,5678.5,5680,5660,5679,25227,0
20260311,100000,5679.5,5692,5661.5,5691,65666,0
20260311,110000,5691.5,5692,5681.5,5689,36626,0
20260311,120000,5689,5725,5689,5714,103795,0
20260311,130000,5714.5,5715,5660,5671,73777,0
20260311,140000,5672.5,5693,5671.5,5687.5,30285,0
20260311,150000,5688.5,5697,5687,5693.5,53139,0
20260311,160000,5693,5693,5675,5675,28555,0
20260311,170000,5675,5686,5670,5676,44811,0
20260311,180000,5676,5686.5,5673.5,5686.5,25334,0
20260311,190000,5685,5696,5675,5691.5,21500,0
20260311,200000,5691.5,5715,5684.5,5714,49992,0
20260311,210000,5714.5,5714.5,5694,5710,26832,0
20260311,220000,5709,5710.5,5699.5,5701.5,9298,0
20260311,230000,5702.5,5722,5702.5,5721.5,22392,0
20260312,070000,5781,5790,5753.5,5773,133593,0
20260312,080000,5773.5,5773.5,5740,5754,94003,0
20260312,090000,5754,5761.5,5730,5740.5,74080,0
20260312,100000,5740,5744,5725,5740,54446,0
20260312,110000,5739.5,5757.5,5739.5,5748.5,62593,0
20260312,120000,5748.5,5762,5746,5755.5,40184,0
20260312,130000,5755,5764,5746.5,5759.5,47629,0
20260312,140000,5758.5,5760,5745,5749,49396,0
20260312,150000,5749,5759,5747,5750,42531,0
20260312,160000,5750,5781,5747.5,5777,127111,0
20260312,170000,5777,5799.5,5777,5793.5,106584,0
20260312,180000,5793,5797.5,5780,5780,49349,0
20260312,190000,5781,5789.5,5760.5,5772,45845,0
20260312,200000,5772,5789,5771.5,5780.5,13868,0
20260312,210000,5782,5795.5,5775,5791.5,31970,0
20260312,220000,5791.5,5800,5790,5799.5,39158,0
20260312,230000,5799.5,5815,5795.5,5812,38847,0
20260313,070000,5819,5819.5,5784.5,5798,55028,0
20260313,080000,5800,5805,5789.5,5797.5,12304,0
20260313,090000,5798.5,5801,5780,5797,33803,0
20260313,100000,5796,5839,5792.5,5838.5,89987,0
20260313,110000,5838.5,5839.5,5798.5,5803,73414,0
20260313,120000,5803,5823,5800,5816,33986,0
20260313,130000,5816.5,5819.5,5791,5802,49368,0
20260313,140000,5802.5,5810,5792.5,5793.5,27821,0
20260313,150000,5792.5,5801,5762.5,5770,66114,0
20260313,160000,5769.5,5786,5756.5,5780,38001,0
20260313,170000,5780,5797,5776.5,5796,31652,0
20260313,180000,5796.5,5798,5785,5794,31360,0
20260313,190000,5790,5797.5,5785.5,5788,11380,0
20260313,200000,5787.5,5802,5776.5,5800.5,19725,0
20260313,210000,5800.5,5810.5,5792.5,5794,19059,0
20260313,220000,5794,5796.5,5788.5,5792,7590,0
20260313,230000,5791.5,5800,5788,5790.5,15060,0
20260314,090000,5810,5810,5810,5810,246,0
20260314,100000,5809,5816,5800.5,5814.5,18945,0
20260314,110000,5814.5,5818,5800.5,5809,12984,0
20260314,120000,5809,5817,5807,5814,5619,0
20260314,130000,5814,5827,5812,5822.5,16942,0
20260314,140000,5822.5,5826.5,5819.5,5825.5,20196,0
20260314,150000,5825,5835,5824,5830,21837,0
20260314,160000,5829.5,5835,5829.5,5831.5,8517,0
20260314,170000,5831.5,5838,5831.5,5838,7117,0
20260314,180000,5838,5838,5829.5,5832.5,8314,0
20260315,090000,5833,5833,5833,5833,546,0
20260315,100000,5833,5837.5,5821.5,5822,15192,0
20260315,110000,5822,5825,5816,5820.5,11218,0
20260315,120000,5821.5,5821.5,5812,5815.5,7221,0
20260315,130000,5814.5,5827.5,5814,5823.5,2819,0
20260315,140000,5823.5,5830,5822,5824.5,5403,0
20260315,150000,5825,5830,5824,5829.5,1936,0
20260315,160000,5828,5834,5827,5832.5,5272,0
20260315,170000,5832.5,5834.5,5826.5,5833,5606,0
20260315,180000,5834,5840,5830.5,5840,19087,0
20260316,070000,5829,5839,5821,5824,26409,0
20260316,080000,5824.5,5833,5815,5818,19133,0
20260316,090000,5818,5826.5,5811,5813.5,40522,0
20260316,100000,5813.5,5825,5810.5,5817.5,43266,0
20260316,110000,5818,5822,5800.5,5801,70318,0
20260316,120000,5801,5804.5,5782,5804.5,76436,0
20260316,130000,5804.5,5804.5,5783,5787.5,29427,0
20260316,140000,5787,5787.5,5761.5,5770,46659,0
20260316,150000,5771,5776,5728.5,5734.5,74830,0
20260316,160000,5734,5742,5698,5700.5,122173,0
20260316,170000,5700.5,5712,5690.5,5699,126177,0
20260316,180000,5699,5721.5,5689.5,5699.5,64574,0
20260316,190000,5699,5721.5,5698,5716,29605,0
20260316,200000,5715,5717,5703,5710.5,13728,0
20260316,210000,5712,5724,5692.5,5702.5,32195,0
20260316,220000,5702.5,5711,5695.5,5696,12592,0
20260316,230000,5695.5,5706,5693,5700,11353,0
20260317,070000,5711,5727,5710,5718.5,16642,0
20260317,080000,5719,5732,5715,5731,11693,0
20260317,090000,5729.5,5758,5717,5751.5,88802,0
20260317,100000,5753.5,5758,5725,5728,75304,0
20260317,110000,5727,5749.5,5706.5,5749,82571,0
20260317,120000,5748.5,5755,5723,5725.5,40904,0
20260317,130000,5725.5,5745,5725,5738,25150,0
20260317,140000,5738,5749.5,5735,5748,27108,0
20260317,150000,5748,5749,5734,5744,28641,0
20260317,160000,5743,5744.5,5722,5723.5,26427,0
20260317,170000,5723.5,5731.5,5708,5708,45534,0
20260317,180000,5707.5,5723,5705.5,5720,22954,0
20260317,190000,5721,5722.5,5706.5,5714,14168,0
20260317,200000,5715,5738.5,5715,5736.5,18637,0
20260317,210000,5736,5744,5733,5743,15411,0
20260317,220000,5743,5743.5,5732,5734.5,10836,0
20260317,230000,5733.5,5743,5732,5738.5,8725,0
20260317,070000,5711,5727,5710,5718.5,16642,0
20260317,080000,5719,5732,5715,5731,11693,0
20260317,090000,5729.5,5758,5717,5751.5,88802,0
20260317,100000,5753.5,5758,5725,5728,75304,0
20260317,110000,5727,5749.5,5706.5,5749,82571,0
20260317,120000,5748.5,5755,5723,5725.5,40904,0
20260317,130000,5725.5,5745,5725,5738,25150,0
20260317,140000,5738,5749.5,5735,5748,27108,0
20260317,150000,5748,5749,5734,5744,28641,0
20260317,160000,5743,5744.5,5722,5723.5,26427,0
20260317,170000,5723.5,5731.5,5708,5708,45534,0
20260317,180000,5707.5,5723,5705.5,5720,22954,0
20260317,190000,5721,5722.5,5706.5,5714,14168,0
20260317,200000,5715,5738.5,5715,5736.5,18637,0
20260317,210000,5736,5744,5733,5743,15411,0
20260317,220000,5743,5743.5,5732,5734.5,10836,0
20260317,230000,5733.5,5743,5732,5738.5,8725,0
20260318,070000,5726,5726,5705.5,5718,19033,0
20260318,080000,5717,5719.5,5671.5,5680,51916,0
20260318,090000,5681.5,5694,5675,5693.5,37820,0
20260318,100000,5693,5738,5690.5,5719,56735,0
20260318,110000,5718.5,5737,5717,5725.5,33686,0
20260318,120000,5726,5729,5708,5725.5,48062,0
20260318,130000,5726,5740,5719.5,5735.5,42266,0
20260318,140000,5735.5,5745,5720,5720.5,37301,0
20260318,150000,5720.5,5768.5,5703.5,5759.5,220739,0
20260318,160000,5759,5823,5755,5812.5,344858,0
20260318,170000,5812.5,5828,5789,5802.5,234919,0
20260318,180000,5802.5,5804,5772.5,5788.5,86040,0
20260318,190000,5787,5798,5765.5,5793.5,49827,0
20260318,200000,5793.5,5805,5781.5,5789,43207,0
20260318,210000,5789,5798.5,5781,5798.5,23311,0
20260318,220000,5799,5822.5,5791.5,5820.5,58780,0
20260318,230000,5820,5830,5808,5818,86705,0
20260319,070000,5830.5,5832,5807,5819.5,38892,0
20260319,080000,5820,5859.5,5819.5,5855.5,58150,0
20260319,090000,5855.5,5874,5843,5854,119812,0
20260319,100000,5853,5853.5,5830,5835,157923,0
20260319,110000,5834.5,5865,5820.5,5865,181558,0
20260319,120000,5865,5870,5820,5824,182260,0
20260319,130000,5824,5860.5,5807,5837.5,242577,0
20260319,140000,5838.5,5852,5824.5,5825,101840,0
20260319,150000,5824.5,5832,5780.5,5807,304255,0
20260319,160000,5807,5837,5806,5820,84916,0
20260319,170000,5820,5824.5,5810,5817.5,81795,0
20260319,180000,5818,5820,5792.5,5812,75764,0
20260319,190000,5815,5818,5792,5799,46637,0
20260319,200000,5799,5803.5,5794,5801,26490,0
20260319,210000,5800.5,5805,5782,5798.5,41369,0
20260319,220000,5798.5,5807,5780.5,5799.5,48946,0
20260319,230000,5799.5,5800.5,5789,5790,21295,0
20260320,070000,5790,5804.5,5782,5801.5,22087,0
20260320,080000,5802,5803.5,5795,5799,14331,0
20260320,090000,5798,5798.5,5770.5,5797,51180,0
20260320,100000,5797.5,5848,5723,5819.5,405088,0
20260320,110000,5819.5,5822.5,5792,5813,99436,0
20260320,120000,5814,5816,5796,5807.5,47366,0
20260320,130000,5807.5,5807.5,5782,5790.5,121335,0
20260320,140000,5790.5,5790.5,5751.5,5768,106783,0
20260320,150000,5768,5780.5,5753,5777.5,59308,0
20260320,160000,5778.5,5795.5,5776.5,5785.5,36056,0
20260320,170000,5785,5789,5774.5,5789,59820,0
20260320,180000,5788.5,5800,5771,5775,45673,0
20260320,190000,5773.5,5779.5,5772.5,5778.5,13089,0
20260320,200000,5778,5798,5778,5797.5,19016,0
20260320,210000,5797.5,5819.5,5794.5,5817,34985,0
20260320,220000,5817,5820,5810.5,5812,15154,0
20260320,230000,5812,5813.5,5802.5,5807,18087,0
20260323,070000,5810,5820,5790.5,5803.5,24371,0
20260323,080000,5803.5,5807,5800,5803,9402,0
20260323,090000,5803,5834,5795,5819.5,64790,0
20260323,100000,5819.5,5837,5812,5830.5,91934,0
20260323,110000,5829,5836.5,5815.5,5833.5,55087,0
20260323,120000,5833.5,5833.5,5807.5,5812,50742,0
20260323,130000,5811,5812,5772.5,5780.5,113338,0
20260323,140000,5780.5,5785,5600.5,5728,431598,0
20260323,150000,5728,5750,5687.5,5693.5,127019,0
20260323,160000,5692.5,5713,5682,5695.5,96569,0
20260323,170000,5697,5697,5662.5,5678,89054,0
20260323,180000,5677,5696.5,5652,5691,66024,0
20260323,190000,5690.5,5697.5,5678.5,5679,25427,0
20260323,200000,5678.5,5694,5674.5,5687,13278,0
20260323,210000,5688,5695.5,5663,5673.5,23706,0
20260323,220000,5672.5,5682,5669,5681.5,10986,0
20260323,230000,5681.5,5685,5652.5,5668,33649,0
20260324,070000,5687,5716,5685,5716,25615,0
20260324,080000,5716,5716,5690,5693,14813,0
20260324,090000,5692.5,5705,5676,5703.5,24591,0
20260324,100000,5703,5704.5,5675,5675.5,47197,0
20260324,110000,5675.5,5690,5671.5,5687.5,27413,0
20260324,120000,5687.5,5694,5676.5,5681,33590,0
20260324,130000,5682.5,5694.5,5665,5694,28917,0
20260324,140000,5694,5694.5,5686,5694,37545,0
20260324,150000,5694,5725,5691.5,5716.5,54356,0
20260324,160000,5716,5716.5,5698,5709.5,40512,0
20260324,170000,5709,5737,5699.5,5718.5,55669,0
20260324,180000,5717,5723,5708.5,5717,19002,0
20260324,190000,5716.5,5731,5709,5719.5,18360,0
20260324,200000,5721.5,5725.5,5709,5709.5,9098,0
20260324,210000,5709.5,5714.5,5702,5703.5,16877,0
20260324,220000,5703.5,5703.5,5696,5701,8654,0
20260324,230000,5700,5703.5,5659,5674,42680,0
20260325,070000,5664,5669,5600,5654,65264,0
20260325,080000,5654,5665.5,5652.5,5657,20209,0
20260325,090000,5657,5668.5,5653.5,5659,19635,0
20260325,100000,5659.5,5679,5653,5669.5,35890,0
20260325,110000,5669,5673,5650.5,5655,35461,0
20260325,120000,5656,5664,5651,5662,35012,0
20260325,130000,5662,5670,5659.5,5665.5,14485,0
20260325,140000,5666,5669,5650,5665.5,37808,0
20260325,150000,5666,5678,5660,5677,38841,0
20260325,160000,5677.5,5690,5672.5,5689,21961,0
20260325,170000,5688.5,5698,5674.5,5691.5,31323,0
20260325,180000,5691,5698,5687,5690,15315,0
20260325,190000,5690,5695,5682.5,5691.5,9690,0
20260325,200000,5691.5,5692,5680.5,5681.5,5013,0
20260325,210000,5681,5689,5675.5,5682.5,5894,0
20260325,220000,5682.5,5685.5,5678,5680,4626,0
20260325,230000,5679.5,5681.5,5661,5661,8754,0
20260326,070000,5676.5,5710,5676.5,5701.5,22583,0
20260326,080000,5700,5705,5698,5699,4215,0
20260326,090000,5699,5708,5698,5708,11950,0
20260326,100000,5707,5715,5697,5715,34648,0
20260326,110000,5715,5719.5,5682.5,5703,84433,0
20260326,120000,5703,5714.5,5698,5709.5,46536,0
20260326,130000,5710,5712,5701.5,5706.5,28081,0
20260326,140000,5706,5720.5,5703.5,5718,39079,0
20260326,150000,5717.5,5719.5,5712.5,5717,33352,0
20260326,160000,5717,5717,5691,5694.5,34395,0
20260326,170000,5693.5,5706,5676,5681,46752,0
20260326,180000,5681,5694,5663.5,5690,60063,0
20260326,190000,5690.5,5693,5667,5683,18523,0
20260326,200000,5681,5685,5677,5682.5,4716,0
20260326,210000,5683,5683,5670.5,5676,9485,0
20260326,220000,5676.5,5679,5665.5,5668.5,9985,0
20260326,230000,5668,5699,5643.5,5698.5,39703,0
20260327,070000,5698,5700,5673,5678.5,9979,0
20260327,080000,5681.5,5681.5,5667.5,5669.5,4657,0
20260327,090000,5670,5707,5670,5698.5,22584,0
20260327,100000,5698.5,5729.5,5696.5,5718,54392,0
20260327,110000,5718.5,5720,5698,5699,63111,0
20260327,120000,5699.5,5703.5,5689.5,5700.5,61586,0
20260327,130000,5700.5,5703.5,5678.5,5687.5,44033,0
20260327,140000,5687,5698,5680,5680,18752,0
20260327,150000,5680,5688.5,5665.5,5665.5,25031,0
20260327,160000,5666,5666,5610,5616,118801,0
20260327,170000,5616,5629,5610,5611,56761,0
20260327,180000,5611.5,5638,5600,5635,84432,0
20260327,190000,5634.5,5647,5610.5,5633.5,25816,0
20260327,200000,5634,5640.5,5629,5632.5,11366,0
20260327,210000,5632.5,5652.5,5631.5,5641,19507,0
20260327,220000,5641,5649.5,5636,5641.5,6181,0
20260327,230000,5641.5,5643,5623.5,5629,14356,0
20260328,090000,5644,5644,5644,5644,181,0
20260328,100000,5635,5643.5,5617.5,5634,5461,0
20260328,110000,5634,5635.5,5603.5,5606,7700,0
20260328,120000,5605.5,5622,5605,5620,5136,0
20260328,130000,5620.5,5622,5616.5,5622,912,0
20260328,140000,5622,5624,5620,5622.5,615,0
20260328,150000,5623,5624.5,5613,5618,4457,0
20260328,160000,5621.5,5622,5607.5,5610,2280,0
20260328,170000,5610,5612,5607,5608.5,1698,0
20260328,180000,5609,5618.5,5607,5610,3737,0
20260329,090000,5615,5615,5615,5615,123,0
20260329,100000,5620,5635,5615,5633,4960,0
20260329,110000,5633,5635,5628,5634.5,2268,0
20260329,120000,5634.5,5640,5633.5,5636.5,2071,0
20260329,130000,5637.5,5642.5,5637,5641,2304,0
20260329,140000,5641,5649.5,5640,5648,3565,0
20260329,150000,5648,5663.5,5645,5658,13233,0
20260329,160000,5657,5660,5655,5655.5,3176,0
20260329,170000,5655,5658,5646,5658,4629,0
20260329,180000,5657.5,5658,5652,5657.5,4334,0
20260330,070000,5669,5674,5635,5637,18457,0
20260330,080000,5637.5,5645,5633,5639.5,6584,0
20260330,090000,5637.5,5640,5620,5626,29966,0
20260330,100000,5626,5638.5,5615.5,5629.5,47411,0
20260330,110000,5628.5,5633,5610,5628,87641,0
20260330,120000,5628,5689,5623.5,5669.5,90778,0
20260330,130000,5671.5,5679.5,5656.5,5670,44052,0
20260330,140000,5670,5684.5,5659,5662,41974,0
20260330,150000,5661.5,5684,5661.5,5681.5,33620,0
20260330,160000,5682,5688.5,5665,5670.5,56330,0
20260330,170000,5671.5,5685.5,5660,5676.5,44676,0
20260330,180000,5675.5,5708.5,5674.5,5689,59803,0
20260330,190000,5689,5690,5679.5,5682,7523,0
20260330,200000,5682,5690,5681.5,5687.5,7610,0
20260330,210000,5689.5,5689.5,5678,5680.5,4022,0
20260330,220000,5680,5684,5670.5,5675.5,8123,0
20260330,230000,5675.5,5689.5,5674,5689.5,7369,0
20260331,070000,5689.5,5689.5,5666,5671,11238,0
20260331,080000,5671,5682.5,5671,5674,6161,0
20260331,090000,5673.5,5694,5671.5,5682.5,13459,0
20260331,100000,5682.5,5683,5643,5647,35011,0
20260331,110000,5647,5648,5625,5631,67550,0
20260331,120000,5631,5646.5,5627,5641.5,39912,0
20260331,130000,5642,5644.5,5577,5603,103123,0
20260331,140000,5602,5608,5582.5,5605,55377,0
20260331,150000,5605,5622.5,5580.5,5582,86990,0
20260331,160000,5582,5585,5565.5,5573.5,57021,0
20260331,170000,5574,5582.5,5570,5579.5,33330,0
20260331,180000,5579,5598.5,5577.5,5593,18436,0
20260331,190000,5592.5,5600,5580.5,5583.5,12375,0
20260331,200000,5583.5,5585,5575,5581.5,6949,0
20260331,210000,5581.5,5585,5575,5581.5,10183,0
20260331,220000,5581,5588.5,5580.5,5587.5,2581,0
20260331,230000,5587.5,5591.5,5578,5578,6239,0
20260401,070000,5579,5596,5576.5,5581.5,8511,0
20260401,080000,5581.5,5584,5550,5559,34845,0
20260401,090000,5559,5564.5,5520.5,5526.5,56448,0
20260401,100000,5525.5,5572,5524,5552.5,65296,0
20260401,110000,5552.5,5559.5,5531,5544.5,34987,0
20260401,120000,5544.5,5549,5534.5,5540.5,29707,0
20260401,130000,5542,5549,5532.5,5543.5,24121,0
20260401,140000,5543.5,5544.5,5490.5,5493.5,67756,0
20260401,150000,5493.5,5495,5478.5,5489.5,55906,0
20260401,160000,5489,5500,5482,5493,27466,0
20260401,170000,5493,5514.5,5485,5514.5,43243,0
20260401,180000,5515,5524,5508.5,5512,30632,0
20260401,190000,5511,5518,5483,5498,22637,0
20260401,200000,5498,5498,5488,5495,4557,0
20260401,210000,5495,5513.5,5492.5,5513,6468,0
20260401,220000,5513,5520,5507,5512,10715,0
20260401,230000,5512,5515,5493,5494,9703,0
20260402,070000,5524.5,5549,5515,5536,46013,0
20260402,080000,5536,5569,5532,5563,28427,0
20260402,090000,5563.5,5567.5,5551,5557,20110,0
20260402,100000,5557,5559,5522,5523.5,34386,0
20260402,110000,5524,5529,5510.5,5519.5,45810,0
20260402,120000,5519,5520,5501,5504.5,17754,0
20260402,130000,5506,5509,5494.5,5506.5,44463,0
20260402,140000,5506.5,5515,5502,5512.5,23243,0
20260402,150000,5512.5,5541,5507,5540.5,50021,0
20260402,160000,5540.5,5574,5538.5,5557,72594,0
20260402,170000,5557.5,5565.5,5518,5544.5,95983,0
20260402,180000,5544.5,5563,5534,5550,36253,0
20260402,190000,5549.5,5550,5533.5,5536,11054,0
20260402,200000,5536,5544.5,5532,5541.5,9111,0
20260402,210000,5542.5,5548,5540,5544.5,2882,0
20260402,220000,5544,5544.5,5537,5538,3548,0
20260402,230000,5538,5540.5,5537.5,5538.5,6457,0
20260403,070000,5548.5,5558.5,5540,5555,9705,0
20260403,080000,5554.5,5569,5551,5556,8725,0
20260403,090000,5557,5560,5534,5540,13053,0
20260403,100000,5540,5544,5530,5530.5,23151,0
20260403,110000,5530,5543.5,5510.5,5517,41860,0
20260403,120000,5516,5520.5,5496.5,5504.5,56885,0
20260403,130000,5505,5512,5502,5504,21941,0
20260403,140000,5504,5506.5,5482,5483,55670,0
20260403,150000,5483.5,5505,5483,5502.5,48621,0
20260403,160000,5502,5505,5492.5,5494,26511,0
20260403,170000,5493.5,5500.5,5488,5495,26877,0
20260403,180000,5495,5508,5494.5,5506.5,27070,0
20260403,190000,5506.5,5506.5,5488,5498,12896,0
20260403,200000,5497.5,5517.5,5494.5,5513,17075,0
20260403,210000,5512.5,5519,5504.5,5506,9122,0
20260403,220000,5505,5509.5,5504.5,5505.5,3645,0
20260403,230000,5505.5,5506.5,5495,5502,7380,0
20260404,090000,5504,5504,5504,5504,83,0
20260404,100000,5504,5511.5,5495,5499,5494,0
20260404,110000,5497,5507,5495,5507,3184,0
20260404,120000,5507,5512,5502,5512,2336,0
20260404,130000,5511,5512,5506.5,5509.5,967,0
20260404,140000,5510,5511,5500,5502,5165,0
20260404,150000,5502,5510,5501.5,5509,1533,0
20260404,160000,5509,5510,5507.5,5507.5,2550,0
20260404,170000,5509.5,5512.5,5504.5,5512,1267,0
20260404,180000,5511.5,5512,5507.5,5512,1588,0
20260405,090000,5511.5,5511.5,5511.5,5511.5,286,0
20260405,100000,5510,5519,5494.5,5496.5,8436,0
20260405,110000,5496.5,5505,5492,5505,4263,0
20260405,120000,5504.5,5505,5490.5,5499.5,7240,0
20260405,130000,5499.5,5500,5491,5495,1812,0
20260405,140000,5494,5504,5491,5502,3913,0
20260405,150000,5502,5508,5500,5507.5,2551,0
20260405,160000,5507.5,5507.5,5501.5,5501.5,1496,0
20260405,170000,5501.5,5507.5,5498.5,5505,3027,0
20260405,180000,5505,5507,5500.5,5504,2200,0
20260406,070000,5501,5514,5483,5490.5,18061,0
20260406,080000,5491,5491,5454.5,5474.5,35312,0
20260406,090000,5474.5,5475,5442,5453,51596,0
20260406,100000,5453,5475,5442,5471,55321,0
20260406,110000,5471,5493,5470,5484.5,44972,0
20260406,120000,5486,5497,5482.5,5489,37096,0
20260406,130000,5489.5,5515,5467.5,5498,106936,0
20260406,140000,5498.5,5519.5,5494,5505,72344,0
20260406,150000,5505.5,5555.5,5504.5,5551.5,90930,0
20260406,160000,5552,5573.5,5550,5565.5,83144,0
20260406,170000,5566,5606.5,5565.5,5601,96296,0
20260406,180000,5601.5,5606.5,5585,5594.5,36390,0
20260406,190000,5594.5,5597.5,5590,5597,9177,0
20260406,200000,5597,5623.5,5591.5,5615,39554,0
20260406,210000,5614.5,5617,5579.5,5595,42027,0
20260406,220000,5595,5598,5565.5,5574.5,23497,0
20260406,230000,5574.5,5580,5569.5,5576.5,9570,0
20260407,070000,5598,5612,5570,5581,26565,0
20260407,080000,5579.5,5607,5576.5,5597,9826,0
20260407,090000,5595.5,5595.5,5576,5580.5,12883,0
20260407,100000,5581.5,5581.5,5544.5,5562.5,59656,0
20260407,110000,5562.5,5600,5560.5,5566.5,109206,0
20260407,120000,5566.5,5586,5552.5,5577,33662,0
20260407,130000,5577.5,5600,5560,5565,47557,0
20260407,140000,5564.5,5609,5564.5,5599.5,58661,0
20260407,150000,5599.5,5668,5599.5,5648,172045,0
20260407,160000,5648,5649.5,5621.5,5627.5,58836,0
20260407,170000,5627,5648,5627,5641,28879,0
20260407,180000,5641.5,5647,5628,5629.5,20866,0
20260407,190000,5631.5,5634,5596.5,5610.5,25797,0
20260407,200000,5610.5,5638,5606.5,5627,19039,0
20260407,210000,5626.5,5628.5,5619.5,5622,6392,0
20260407,220000,5622,5628,5592,5600.5,26361,0
20260407,230000,5600,5605,5582,5591.5,23395,0
20260408,070000,5400.5,5446,5352.5,5443,202957,0
20260408,080000,5442.5,5452.5,5432,5441,51186,0
20260408,090000,5441,5488,5440.5,5459.5,73842,0
20260408,100000,5459,5514.5,5457.5,5505.5,128037,0
20260408,110000,5505,5508.5,5478,5480.5,106868,0
20260408,120000,5480.5,5489,5470,5470.5,35673,0
20260408,130000,5470.5,5478.5,5450,5469.5,61586,0
20260408,140000,5469.5,5483.5,5457,5460.5,99558,0
20260408,150000,5460.5,5460.5,5418,5424,85399,0
20260408,160000,5425,5460.5,5424,5451,41911,0
20260408,170000,5451,5486,5436,5477,69811,0
20260408,180000,5476.5,5484,5466,5467.5,13505,0
20260408,190000,5472.5,5482.5,5469.5,5475,10426,0
20260408,200000,5474,5475,5464,5469.5,14372,0
20260408,210000,5470,5477.5,5457,5473,15782,0
20260408,220000,5473,5480,5473,5474,7834,0
20260408,230000,5473.5,5477,5443.5,5448.5,14936,0
20260409,070000,5464.5,5499,5456.5,5483.5,32261,0
20260409,080000,5483.5,5499,5483,5485,22914,0
20260409,090000,5487,5491.5,5473.5,5484,12758,0
20260409,100000,5484.5,5505.5,5471,5492.5,33890,0
20260409,110000,5492,5492,5474,5487,28754,0
20260409,120000,5487,5489,5441.5,5443.5,56325,0
20260409,130000,5443.5,5460,5442.5,5455,29044,0
20260409,140000,5455,5456.5,5438,5441,18165,0
20260409,150000,5441,5454.5,5439,5442,31079,0
20260409,160000,5441.5,5442,5411,5424,58004,0
20260409,170000,5424.5,5443,5417,5433.5,21873,0
20260409,180000,5433.5,5437,5420.5,5423,14697,0
20260409,190000,5423,5435.5,5420,5431,23581,0
20260409,200000,5431,5433,5418.5,5420,17936,0
20260409,210000,5420,5432.5,5419.5,5427,11588,0
20260409,220000,5427.5,5466,5425.5,5449.5,34749,0
20260409,230000,5449.5,5458,5431,5442,13445,0
20260410,070000,5457,5460,5436,5443,3599,0
20260410,080000,5441.5,5459,5441.5,5451.5,5899,0
20260410,090000,5450,5452.5,5438,5446,10873,0
20260410,100000,5445.5,5450,5420.5,5436.5,30874,0
20260410,110000,5437.5,5448,5421,5441.5,21753,0
20260410,120000,5441.5,5459.5,5438.5,5439.5,23643,0
20260410,130000,5439.5,5454.5,5434,5450,15649,0
20260410,140000,5450.5,5458.5,5439,5442,17393,0
20260410,150000,5442.5,5444,5424,5430.5,31239,0
20260410,160000,5431,5437,5424,5424,13842,0
20260410,170000,5424.5,5429.5,5391.5,5394.5,58615,0
20260410,180000,5393.5,5400,5377,5395.5,79258,0
20260410,190000,5396,5406.5,5394,5405,11306,0
20260410,200000,5405,5405.5,5393.5,5393.5,9765,0
20260410,210000,5394,5399.5,5393.5,5397,8193,0
20260410,220000,5396.5,5399,5387.5,5396,10552,0
20260410,230000,5395.5,5395.5,5382.5,5392,10412,0
20260411,090000,5390,5390,5390,5390,316,0
20260411,100000,5392,5406.5,5390,5405,13147,0
20260411,110000,5405,5418.5,5404,5410.5,5838,0
20260411,120000,5410.5,5414,5408,5409,3927,0
20260411,130000,5409.5,5411,5409,5410,3280,0
20260411,140000,5410,5412,5405,5411.5,3125,0
20260411,150000,5411.5,5412.5,5406,5406.5,1184,0
20260411,160000,5406.5,5407.5,5404,5404.5,879,0
20260411,170000,5404,5407.5,5402,5403,922,0
20260411,180000,5403,5410,5401.5,5410,2607,0
20260412,090000,5445.5,5445.5,5445.5,5445.5,4136,0
20260412,100000,5445.5,5482,5444,5461.5,45904,0
20260412,110000,5462,5470,5458.5,5470,10081,0
20260412,120000,5470,5470,5461.5,5467.5,7744,0
20260412,130000,5468,5470,5464,5464.5,8243,0
20260412,140000,5465.5,5468.5,5461,5467,2784,0
20260412,150000,5467,5480,5467,5479.5,12421,0
20260412,160000,5479.5,5551.5,5479.5,5551.5,135768,0
20260412,170000,5551.5,5551.5,5549.5,5551.5,12872,0
20260412,180000,5551.5,5551.5,5551.5,5551.5,2795,0
20260413,070000,5586,5587.5,5517,5520,78936,0
20260413,080000,5520,5544,5518.5,5533,15507,0
20260413,090000,5534,5540,5516,5529.5,34613,0
20260413,100000,5529.5,5544,5518.5,5527,55644,0
20260413,110000,5526.5,5527,5481,5486.5,93402,0
20260413,120000,5486.5,5495,5475,5482.5,29174,0
20260413,130000,5482.5,5483,5444,5448,69912,0
20260413,140000,5448,5459,5440,5449,37495,0
20260413,150000,5448,5470,5447,5450.5,35934,0
20260413,160000,5451,5460.5,5418.5,5430.5,51366,0
20260413,170000,5430,5443,5422,5424.5,41674,0
20260413,180000,5424.5,5446,5420.5,5443.5,27395,0
20260413,190000,5445,5446,5430,5432.5,21271,0
20260413,200000,5432.5,5435,5421.5,5428,14449,0
20260413,210000,5429,5434,5423,5424.5,9336,0
20260413,220000,5424,5435,5422.5,5434.5,6001,0
20260413,230000,5434,5441,5430,5440.5,11282,0
20260414,070000,5448,5455,5428.5,5449,16105,0
20260414,080000,5447.5,5465,5444.5,5463,15836,0
20260414,090000,5463,5466.5,5446,5462.5,19917,0
20260414,100000,5461,5461,5433.5,5435.5,21080,0
20260414,110000,5435.5,5444.5,5412,5414.5,49609,0
20260414,120000,5414.5,5420.5,5412,5413.5,30005,0
20260414,130000,5414.5,5460,5413,5457,48823,0
20260414,140000,5457,5459.5,5440.5,5441.5,22894,0
20260414,150000,5442.5,5447,5431,5440,13901,0
20260414,160000,5440,5455,5429.5,5430,19688,0
20260414,170000,5430,5450.5,5413,5419.5,92392,0
20260414,180000,5420,5448,5420,5431,28791,0
20260414,190000,5434.5,5434.5,5425.5,5427.5,6033,0
20260414,200000,5427.5,5427.5,5420.5,5420.5,5590,0
20260414,210000,5421,5427,5420.5,5425.5,7106,0
20260414,220000,5425.5,5426,5420,5421,4488,0
20260414,230000,5421,5421,5412.5,5414,16758,0
20260415,070000,5426,5427,5416.5,5420.5,5214,0
20260415,080000,5422,5426,5415,5425,5618,0
20260415,090000,5424.5,5425,5392.5,5403.5,34716,0
20260415,100000,5403,5411,5362.5,5379.5,58266,0
20260415,110000,5379,5385,5374,5382,33592,0
20260415,120000,5382.5,5395,5377.5,5387,32613,0
20260415,130000,5387,5409,5370,5409,57714,0
20260415,140000,5409,5429,5402.5,5419,38762,0
20260415,150000,5419,5437.5,5401.5,5408,20754,0
20260415,160000,5408.5,5410,5400.5,5401,10473,0
20260415,170000,5401,5434,5391.5,5418.5,50063,0
20260415,180000,5418.5,5432.5,5418.5,5423,24718,0
20260415,190000,5423.5,5430,5422.5,5427,15552,0
20260415,200000,5427,5428.5,5417.5,5423,10437,0
20260415,210000,5423,5424.5,5419.5,5422.5,4410,0
20260415,220000,5421.5,5423,5419.5,5419.5,5723,0
20260415,230000,5420,5420,5404,5410.5,20617,0
20260416,070000,5413,5428,5410.5,5426.5,8578,0
20260416,080000,5426,5427,5416.5,5416.5,8143,0
20260416,090000,5416.5,5416.5,5402,5410.5,22735,0
20260416,100000,5410.5,5420.5,5390,5408,59433,0
20260416,110000,5408,5414.5,5400,5414.5,24039,0
20260416,120000,5414,5420.5,5409.5,5417,10749,0
20260416,130000,5417,5421,5405,5417,11767,0
20260416,140000,5417,5418.5,5395,5398,23215,0
20260416,150000,5397,5405,5370,5385.5,63985,0
20260416,160000,5386,5400,5379,5400,26606,0
20260416,170000,5400,5405.5,5380.5,5391,25297,0
20260416,180000,5391,5394.5,5370.5,5384.5,55350,0
20260416,190000,5385,5389,5370,5383,38100,0
20260416,200000,5382.5,5386,5380,5382.5,5688,0
20260416,210000,5382.5,5382.5,5370.5,5371,9752,0
20260416,220000,5371.5,5375,5365.5,5373.5,15376,0
20260416,230000,5373.5,5373.5,5365,5368.5,11047,0
20260417,070000,5386,5387.5,5369,5378.5,10078,0
20260417,080000,5378.5,5388,5378.5,5383.5,4396,0
20260417,090000,5385,5385.5,5368,5368.5,27502,0
20260417,100000,5369.5,5382,5352.5,5377,55060,0
20260417,110000,5376,5385,5360,5363,32674,0
20260417,120000,5364,5367,5355,5366,23836,0
20260417,130000,5365.5,5373.5,5362,5364,23977,0
20260417,140000,5364.5,5384,5363,5380.5,37561,0
20260417,150000,5381,5390,5340,5341,85784,0
20260417,160000,5341.5,5341.5,5240.5,5269,271504,0
20260417,170000,5269,5300,5254,5296,120722,0
20260417,180000,5297,5323,5290.5,5315,77817,0
20260417,190000,5316,5318,5303,5310,23759,0
20260417,200000,5310,5323,5309,5313.5,12876,0
20260417,210000,5313.5,5318,5310,5313,10264,0
20260417,220000,5313,5318,5310,5316.5,9205,0
20260417,230000,5316.5,5317.5,5308,5308,8442,0
20260418,090000,5349,5349,5349,5349,3063,0
20260418,100000,5345.5,5348,5328.5,5335.5,17593,0
20260418,110000,5335.5,5348,5335.5,5344,13984,0
20260418,120000,5344,5367,5343.5,5347.5,20668,0
20260418,130000,5347.5,5362.5,5347.5,5357.5,8742,0
20260418,140000,5356.5,5363.5,5356,5357,9074,0
20260418,150000,5357,5370,5356.5,5363.5,14432,0
20260418,160000,5364.5,5368.5,5356.5,5356.5,5150,0
20260418,170000,5356.5,5358,5350,5356.5,13576,0
20260418,180000,5357,5361,5352,5357.5,2405,0
20260419,090000,5365,5365,5365,5365,202,0
20260419,100000,5367,5386,5365.5,5382,15795,0
20260419,110000,5382,5383,5380,5381.5,5451,0
20260419,120000,5382,5382.5,5363,5366.5,10518,0
20260419,130000,5366,5380,5366,5376.5,3717,0
20260419,140000,5376.5,5377.5,5372,5377.5,3052,0
20260419,150000,5376,5378,5374,5375.5,1443,0
20260419,160000,5375.5,5375.5,5357,5368.5,7984,0
20260419,170000,5368.5,5368.5,5360.5,5360.5,2308,0
20260419,180000,5361,5373.5,5360,5365,6514,0
20260420,070000,5384,5392,5370,5383.5,27959,0
20260420,080000,5383.5,5399,5378,5387.5,32184,0
20260420,090000,5387.5,5387.5,5360,5369.5,33892,0
20260420,100000,5369.5,5373,5321.5,5366,86196,0
20260420,110000,5365,5367.5,5343,5344,24978,0
20260420,120000,5343.5,5367,5338,5357,42928,0
20260420,130000,5356.5,5385,5354.5,5383,51256,0
20260420,140000,5383,5388,5371,5371.5,50581,0
20260420,150000,5371,5382.5,5364.5,5365,26856,0
20260420,160000,5364.5,5367.5,5353.5,5355,30220,0
20260420,170000,5355.5,5409,5355,5391.5,68639,0
20260420,180000,5391.5,5409,5390,5394.5,61628,0
20260420,190000,5405,5409.5,5397.5,5401.5,18177,0
20260420,200000,5401.5,5408.5,5399.5,5402,10777,0
20260420,210000,5402.5,5403,5392.5,5393.5,10283,0
20260420,220000,5393.5,5395,5388,5393,11248,0
20260420,230000,5392.5,5395.5,5388.5,5392.5,6578,0
20260421,070000,5398,5411.5,5392.5,5404.5,18838,0
20260421,080000,5404.5,5404.5,5385.5,5390.5,7479,0
20260421,090000,5391.5,5398,5391,5397,18467,0
20260421,100000,5397,5415.5,5392,5398,34177,0
20260421,110000,5399,5431,5395,5420.5,99406,0
20260421,120000,5421,5424,5400.5,5414.5,22791,0
20260421,130000,5414.5,5423,5408,5414.5,18393,0
20260421,140000,5413,5429.5,5409.5,5423.5,24957,0
20260421,150000,5423.5,5439.5,5420.5,5424.5,36369,0
20260421,160000,5424,5431,5414,5426.5,19793,0
20260421,170000,5426.5,5475,5426.5,5463.5,86377,0
20260421,180000,5463.5,5486,5460,5467,81086,0
20260421,190000,5469.5,5489,5467.5,5485,27791,0
20260421,200000,5485,5494,5465,5474.5,47592,0
20260421,210000,5474.5,5482,5468,5474,18068,0
20260421,220000,5474,5491.5,5470,5490.5,19222,0
20260421,230000,5490.5,5495,5468,5479.5,36944,0
20260422,070000,5478.5,5482,5460.5,5465.5,21911,0
20260422,080000,5466,5468,5452,5461.5,12968,0
20260422,090000,5461.5,5477,5455.5,5477,15594,0
20260422,100000,5476.5,5477,5460,5463,24373,0
20260422,110000,5463.5,5470,5449.5,5457,45507,0
20260422,120000,5457.5,5465,5455.5,5465,9199,0
20260422,130000,5465,5469,5451,5457,46000,0
20260422,140000,5456,5460,5442.5,5458,19485,0
20260422,150000,5458,5460,5441.5,5458.5,23829,0
20260422,160000,5458,5458,5444.5,5447,13453,0
20260422,170000,5447,5474,5445,5464.5,29906,0
20260422,180000,5465,5473.5,5453.5,5453.5,27956,0
20260422,190000,5457.5,5472,5457.5,5469.5,12417,0
20260422,200000,5470,5472,5463.5,5470.5,6937,0
20260422,210000,5470,5473.5,5457.5,5467,14885,0
20260422,220000,5467,5473,5466,5469,6688,0
20260422,230000,5468,5470.5,5464.5,5465.5,6047,0
20260423,070000,5470,5495,5466.5,5490.5,15271,0
20260423,080000,5490.5,5498.5,5486,5491.5,15688,0
20260423,090000,5490.5,5490.5,5476.5,5480.5,20038,0
20260423,100000,5480,5485,5466.5,5467.5,26376,0
20260423,110000,5467,5477,5466.5,5472.5,13311,0
20260423,120000,5473,5480,5468.5,5469,19465,0
20260423,130000,5469.5,5476,5455,5469,49909,0
20260423,140000,5469,5475,5469,5472.5,24991,0
20260423,150000,5472.5,5494,5468,5481.5,54799,0
20260423,160000,5481,5489.5,5476,5480.5,14665,0
20260423,170000,5480.5,5494,5480.5,5487,22136,0
20260423,180000,5487,5493.5,5477.5,5477.5,37947,0
20260423,190000,5478,5485,5475.5,5475.5,7572,0
20260423,200000,5476,5522.5,5475,5501.5,65287,0
20260423,210000,5500.5,5503,5487,5497.5,17768,0
20260423,220000,5497.5,5497.5,5480,5488.5,18244,0
20260423,230000,5488,5495.5,5488,5490,9248,0
20260424,070000,5489.5,5505.5,5485.5,5497.5,9036,0
20260424,080000,5498,5501,5495,5497,5205,0
20260424,090000,5496,5500.5,5492,5500.5,8572,0
20260424,100000,5500.5,5514,5495,5506,30742,0
20260424,110000,5506,5529.5,5504.5,5518,57572,0
20260424,120000,5518,5527,5508,5510.5,25040,0
20260424,130000,5510,5527,5468,5497,111113,0
20260424,140000,5496.5,5498,5470,5483.5,51613,0
20260424,150000,5484,5489.5,5451,5471,66430,0
20260424,160000,5471,5471,5433.5,5444,61902,0
20260424,170000,5444.5,5451.5,5411,5440,40322,0
20260424,180000,5440,5447,5432.5,5435,25259,0
20260424,190000,5435.5,5449.5,5434,5446,9932,0
20260424,200000,5447,5454.5,5442.5,5449.5,9492,0
20260424,210000,5449.5,5472,5449,5472,10622,0
20260424,220000,5471.5,5472,5462.5,5463.5,8996,0
20260424,230000,5464,5479.5,5463.5,5476.5,10257,0
20260425,090000,5476.5,5476.5,5476.5,5476.5,49,0
20260425,100000,5476.5,5494,5470.5,5486,9032,0
20260425,110000,5485.5,5487,5475.5,5475.5,3056,0
20260425,120000,5475.5,5478,5466.5,5477.5,3360,0
20260425,130000,5477.5,5483.5,5475,5482,1384,0
20260425,140000,5481,5482,5480,5481.5,718,0
20260425,150000,5482,5485,5481.5,5485,751,0
20260425,160000,5485,5488.5,5481.5,5484.5,2094,0
20260425,170000,5484.5,5489,5481.5,5484,1600,0
20260425,180000,5483.5,5486.5,5478,5482.5,3158,0
20260426,090000,5483,5483,5483,5483,133,0
20260426,100000,5485.5,5495,5483.5,5491,3971,0
20260426,110000,5492,5493,5488,5491.5,982,0
20260426,120000,5491.5,5494,5490,5493,1561,0
20260426,130000,5493,5493,5484,5487.5,3345,0
20260426,140000,5486.5,5488.5,5484,5488,1556,0
20260426,150000,5486.5,5488,5467,5475,4506,0
20260426,160000,5477.5,5477.5,5465,5472.5,2189,0
20260426,170000,5473,5478,5471.5,5475.5,1996,0
20260426,180000,5475.5,5476.5,5468,5471.5,2031,0
20260427,070000,5478,5483,5471.5,5483,7955,0
20260427,080000,5483,5492,5480,5489,9439,0
20260427,090000,5489,5489,5444,5447.5,42515,0
20260427,100000,5447,5542.5,5441.5,5542,134214,0
20260427,110000,5541.5,5569,5541.5,5547.5,128038,0
20260427,120000,5547.5,5559,5538.5,5543.5,64022,0
20260427,130000,5543,5555,5532.5,5543.5,60163,0
20260427,140000,5543.5,5550.5,5525.5,5540,80316,0
20260427,150000,5540,5548.5,5522,5546,45687,0
20260427,160000,5546,5560,5537.5,5541.5,74606,0
20260427,170000,5542,5558,5540.5,5557.5,43132,0
20260427,180000,5558,5570,5531.5,5542.5,69361,0
20260427,190000,5545.5,5555,5542.5,5544.5,11084,0
20260427,200000,5546,5553,5527,5528.5,22876,0
20260427,210000,5530.5,5536,5527,5532,9764,0
20260427,220000,5532.5,5540,5530,5537.5,3915,0
20260427,230000,5537,5558,5535,5553,17304,0
20260428,070000,5552,5579,5551,5573.5,15919,0
20260428,080000,5573.5,5579,5552,5572,21042,0
20260428,090000,5572,5585,5558,5572.5,47748,0
20260428,100000,5572.5,5587.5,5570.5,5578.5,76675,0
20260428,110000,5578.5,5595,5576.5,5583,74904,0
20260428,120000,5583,5589.5,5572.5,5573.5,46003,0
20260428,130000,5573.5,5585,5570,5577,48930,0
20260428,140000,5577,5583.5,5563,5581.5,96596,0
20260428,150000,5581.5,5588,5540,5549,92539,0
20260428,160000,5548.5,5576.5,5541,5561,78729,0
20260428,170000,5561,5580,5550,5557,48135,0
20260428,180000,5557,5565,5540,5541,44260,0
20260428,190000,5544,5554.5,5512,5519,49377,0
20260428,200000,5519,5539.5,5513,5533.5,20521,0
20260428,210000,5533.5,5538.5,5529.5,5534.5,10464,0
20260428,220000,5534,5546,5534,5542.5,10460,0
20260428,230000,5543,5545,5535,5540,10594,0
20260429,070000,5541,5584,5520,5567,25833,0
20260429,080000,5567,5570,5538,5550,19979,0
20260429,090000,5551.5,5558.5,5545,5551.5,17435,0
20260429,100000,5552,5553.5,5511,5519,58186,0
20260429,110000,5519,5546,5512.5,5528,65566,0
20260429,120000,5529,5536,5515,5525.5,34931,0
20260429,130000,5526,5528.5,5500,5503,54451,0
20260429,140000,5503,5522,5500,5510,57861,0
20260429,150000,5510,5511,5470,5479.5,109310,0
20260429,160000,5478.5,5482.5,5402,5417.5,169970,0
20260429,170000,5416,5437,5408,5411,96130,0
20260429,180000,5411,5439,5411,5432.5,103838,0
20260429,190000,5431.5,5472,5430,5456.5,71431,0
20260429,200000,5456.5,5500.5,5447.5,5468,82477,0
20260429,210000,5467.5,5503.5,5467.5,5498.5,55777,0
20260429,220000,5498.5,5499.5,5461.5,5481.5,35251,0
20260429,230000,5481,5488,5475,5478,8022,0
20260430,070000,5478,5495.5,5464,5476.5,14800,0
20260430,080000,5478.5,5479.5,5451,5462,15756,0
20260430,090000,5462,5475,5436,5471,47840,0
20260430,100000,5470.5,5495,5456.5,5495,64937,0
20260430,110000,5494.5,5498,5456,5461.5,78542,0
20260430,120000,5461.5,5475.5,5425,5441.5,64897,0
20260430,130000,5442,5457.5,5435,5439,33626,0
20260430,140000,5439,5440,5415,5422.5,57567,0
20260430,150000,5423.5,5430.5,5417.5,5422.5,38774,0
20260430,160000,5422.5,5459,5422,5437.5,71483,0
20260430,170000,5436.5,5475,5431.5,5461,143038,0
20260430,180000,5461,5473,5453,5471,60348,0
20260430,190000,5471.5,5488,5461.5,5470,57318,0
20260430,200000,5470,5495,5467,5493,44097,0
20260430,210000,5493,5504.5,5488,5498,44822,0
20260430,220000,5498.5,5511.5,5498,5507.5,45123,0
20260430,230000,5507,5523,5506.5,5518,88832,0
20260501,090000,5248.5,5248.5,5248.5,5248.5,10914,0
20260501,100000,5248,5264,5230,5251,187227,0
20260501,110000,5250.5,5255,5242.5,5247.5,28789,0
20260501,120000,5246.5,5247.5,5237,5239.5,23024,0
20260501,130000,5240,5243.5,5238.5,5242.5,8189,0
20260501,140000,5242.5,5249.5,5242,5246,11545,0
20260501,150000,5246,5247,5237,5242,17273,0
20260501,160000,5242,5243,5240,5241.5,11869,0
20260501,170000,5241.5,5243,5230.5,5237,23470,0
20260501,180000,5236,5239.5,5230,5235.5,22414,0
20260502,090000,5240,5240,5240,5240,385,0
20260502,100000,5241,5247,5235.5,5246,16698,0
20260502,110000,5245,5249,5243.5,5248,5505,0
20260502,120000,5248,5248.5,5246,5247.5,3972,0
20260502,130000,5247.5,5250,5246,5249,3543,0
20260502,140000,5249,5249.5,5245.5,5246.5,2820,0
20260502,150000,5246.5,5249,5242.5,5247,1646,0
20260502,160000,5248.5,5249.5,5243.5,5243.5,2796,0
20260502,170000,5246,5248.5,5242,5248.5,4727,0
20260502,180000,5249,5253.5,5240,5244,13128,0
20260503,090000,5244,5244,5244,5244,806,0
20260503,100000,5244,5247,5240,5244,5836,0
20260503,110000,5244,5251.5,5243,5244.5,4721,0
20260503,120000,5244.5,5249,5242,5244,6012,0
20260503,130000,5244,5247,5242,5247,3065,0
20260503,140000,5247,5247,5243.5,5246.5,1229,0
20260503,150000,5246.5,5247,5245,5247,1326,0
20260503,160000,5246.5,5252.5,5246.5,5252.5,4413,0
20260503,170000,5251.5,5254.5,5249,5252,11478,0
20260503,180000,5252,5256.5,5250,5255,4105,0
20260504,070000,5264.5,5269.5,5253,5264.5,31633,0
20260504,080000,5264.5,5279,5262,5279,17102,0
20260504,090000,5277.5,5281,5255,5256,57193,0
20260504,100000,5255.5,5259.5,5236.5,5249.5,54195,0
20260504,110000,5248.5,5254,5197.5,5198,138087,0
20260504,120000,5198.5,5209.5,5180.5,5192,110906,0
20260504,130000,5192,5222,5186.5,5211,80321,0
20260504,140000,5210.5,5216,5189,5192,62862,0
20260504,150000,5191.5,5199.5,5165,5188.5,80124,0
20260504,160000,5188.5,5188.5,5170.5,5182,43350,0
20260504,170000,5181,5193,5165,5185,80382,0
20260504,180000,5184.5,5215.5,5181.5,5215,65732,0
20260504,190000,5210.5,5215,5195.5,5205.5,31738,0
20260504,200000,5205.5,5209,5185,5187.5,16215,0
20260504,210000,5188,5213,5185.5,5212.5,19495,0
20260504,220000,5210.5,5215.5,5206.5,5210,19013,0
20260504,230000,5210.5,5218,5206,5217,17728,0
20260505,070000,5218,5234,5200.5,5208.5,20644,0
20260505,080000,5208.5,5211,5197.5,5206,6427,0
20260505,090000,5206.5,5210.5,5185,5209,13727,0
20260505,100000,5208,5228.5,5185,5185,37954,0
20260505,110000,5186,5193.5,5121,5163,167792,0
20260505,120000,5162.5,5215,5151,5202.5,70324,0
20260505,130000,5202.5,5213.5,5176,5183.5,50298,0
20260505,140000,5183.5,5200,5178.5,5198.5,19228,0
20260505,150000,5199.5,5233,5199.5,5227,87623,0
20260505,160000,5229.5,5239,5216.5,5233,44907,0
20260505,170000,5233,5244,5222,5244,44714,0
20260505,180000,5244.5,5245,5222.5,5225.5,23489,0
20260505,190000,5226,5230,5207,5211,13750,0
20260505,200000,5211,5220,5206.5,5211.5,8847,0
20260505,210000,5212,5216,5209,5215,3383,0
20260505,220000,5215,5232,5210,5228,12033,0
20260505,230000,5228,5229,5209,5209,7948,0
20260506,070000,5215,5230,5181.5,5200.5,30940,0
20260506,080000,5201.5,5204.5,5185.5,5192.5,22880,0
20260506,090000,5193.5,5199,5173.5,5177,45913,0
20260506,100000,5178.5,5189.5,5160,5161.5,78361,0
20260506,110000,5161.5,5188.5,5161,5168,53310,0
20260506,120000,5167.5,5170,5112.5,5117.5,140845,0
20260506,130000,5117.5,5123,5100,5111.5,152367,0
20260506,140000,5111,5132,5104,5125.5,61709,0
20260506,150000,5125.5,5141.5,5120,5121.5,45978,0
20260506,160000,5121,5146,5120,5127,37806,0
20260506,170000,5127.5,5148,5120,5143.5,33061,0
20260506,180000,5143.5,5148,5123,5135,22423,0
20260506,190000,5137,5144,5127,5129.5,13287,0
20260506,200000,5129,5130,5120,5123.5,10725,0
20260506,210000,5124,5125,5112.5,5113.5,10532,0
20260506,220000,5112.5,5117.5,5109,5114.5,8673,0
20260506,230000,5114.5,5125,5114,5124,4614,0
20260507,070000,5130,5130,5110.5,5114,7039,0
20260507,080000,5112,5120,5100,5107,16440,0
20260507,090000,5107,5122,5103,5108,12368,0
20260507,100000,5109,5109,5073,5075,90511,0
20260507,110000,5075,5087,5071,5080.5,36324,0
20260507,120000,5080.5,5099,5075.5,5092,28418,0
20260507,130000,5091.5,5105,5085.5,5095,30985,0
20260507,140000,5095.5,5113.5,5087.5,5106,26061,0
20260507,150000,5106,5108.5,5077.5,5080,26530,0
20260507,160000,5080,5100.5,5066,5084.5,72451,0
20260507,170000,5084.5,5092.5,5080,5085,17670,0
20260507,180000,5085,5090,5067.5,5077.5,30851,0
20260507,190000,5077.5,5090,5075,5084,10109,0
20260507,200000,5084,5090,5078,5082,8347,0
20260507,210000,5082.5,5084,5080,5081.5,2292,0
20260507,220000,5082,5082,5070.5,5079,6380,0
20260507,230000,5080,5081,5060,5072,13424,0
20260508,070000,5072,5087,5072,5074.5,9581,0
20260508,080000,5075,5081,5063,5070.5,9612,0
20260508,090000,5070.5,5074,5059,5061,16159,0
20260508,100000,5061,5080,5048,5070,51590,0
20260508,110000,5069.5,5093.5,5069.5,5080,36687,0
20260508,120000,5079.5,5088,5071,5072,13125,0
